20,9;20,4;20,1;20,4;20,2;20,6;20,8;20,7;20,6;20,4;20,6;20,7;20,4;20,1;20,5;20,2;20,6;20,6;20,5;20,4;20,6;20,1;20,4;20,8;20,7;20,4;20,4;20,6;20,6;20,5;20,7;20,4;20,1;20,2;20,2;20,2;20,4;20,4;20,4;20,8;20,2;20,5;20,8;20,5;20,4;20,6;20,4;20,2;20,6;20,7;20,6;20,6;20,6;20,2;20,4;20,8;20,6;20,2;20,2;20,4;20,4;20,5;20,7;20,5;20,5;20,7;20,7;20,4;20,8;20,4;19,9;20,9;20,9;20,9;20,7;20,8;20,8;21,1;21,2;21,5;21,2;20,9;21,1;20,8;20,8;21,2;21,2;21,2;20,8;20,7;20,7;20,6;20,5;20,8;20,6;20,4;20,7;20,5;20,6;20,6;20,4;20,6;20,4;20,4;20,2;20,7;20,6;20,4;20;20;20,6;20,2;20,6;20,6;20,6;20,2;20,2;20,8;20,1;20,2;20,6;20,2;20;20,2;20,5;20,2;20,5;20,9;20,7;20,5;20,2;20,2;20;20,2;20,2;20,4;20,4;20;20,2;20,1;20,2;20,6;20,5;20,4;20,2;20,2;20,4;20,5;20,4;20,1;20,4;20,4;20,4;20,2;20,4;20,5;20,2;20,1;20,4;20,1;20,1;20,2;20,2;20,1;19,9;19,6;20;20,1;20,2;20,1;20;20,2;19,9;19,8;20,1;20,2;20,5;20,2;19,8;19,9;19,9;20,2;20,1;20,2;20;19,9;19,9;19,5;19,8;20,4;19,9;19,9;20,2;20;20,1;20,4;20;19,9;20;19,9;19,8;19,8;20,1;20,1;19,8;20;20;20,2;20,2;19,6;20,2;19,8;20;19,9;20,1;19,4;20,5;20;19,9;20;19,8;19,8;19,8;19,9;20;19,6;20;19,9;20,1;20,4;20;20,4;20,5;19,8;19,8;20,1;20;20,5;20,5;20,1;20,1;20,1;20,6;20,1;19,9;19,9;20,6;20,4;20;20,1;20;19,9;19,9;20,5;20,5;20,1;20,4;20,4;20,4;20;20,1;20,4;20,4;20,7;20,8;20,1;20;20;20;20,6;20,5;20,2;20,2;20,5;20,2;20;20,2;20,2;20,4;20,2;20,2;20,1;20,2;20,5;20,2;20,1;20,5;20,5;20,4;20,5;20,1;20,6;20,6;20,5;20,6;20,2;20,6;20,6;20,7;20,2;20,4;20,5;20,5;20,6;19,9;20,4;20,1;20,2;20,4;20,5;19,8;20,4;20,5;19,6;20;20,7;20,6;20,2;19,9;20,6;20,5;20,4;20,1;20,6;20,4;20,9;20,4;20,2;20,6;20,2;21,1;20,2;20,5;20,4;20,2;20,6;20,5;20,6;20,5;19,6;20,2;20,2;20,4;20,4;20,2;20,7;20,7;20,4;20,1;20,6;20,4;20,6;20,2;20,2;20,6;20,7;20,5;20,6;20,5;20,5;20,4;20,4;20,5;20,6;20,4;20,4;20,6;20,8;20,7;20,7;20,6;20,4;20,4;20,5;20,2;20,4;20,5;20,2;20,2;20,6;20,6;20,6;20,5;20,2;20,4;20,7;20,6;20,4;20,5;20,4;20,5;20,5;20,2;20;19,6;20,1;20,2;20,2;20,5;20,4;20,2;20,1;20,4;20,6;20,2;20,1;20,5;20;20,4;20,2;20,5;20,5;20,5;20,4;20,1;20,2;20,1;20,5;20,1;20,2;20,2;20,1;20,2;19,8;19,6;20,1;20,6;20,5;20,4;20;20,4;20,1;19,4;19,9;19,9;20,4;20,4;20,4;19,9;20;20,2;20,1;19,5;19,8;20,1;20,1;20,1;20;19,8;20;20,7;20,2;19,8;19,6;20;19,8;20,4;20,2;20,4;19,9;20,4;20,4;20,5;20,4;20,2;20,1;20,1;20,4;20;20,1;19,9;19,3;19,9;19,6;19,9;20,1;19,6;19,9;20,4;20,1;20,1;20,1;19,8;19,8;19,9;20,2;20,4;20,2;20,1;19,8;19,6;19,8;20,2;20,1;19,9;19,6;19,9;19,9;19,6;19,9;20,1;20,4;20,2;19,9;19,6;19,8;20,1;20,1;20,1;20,2;20,5;20,4;20;19,6;19,9;20,6;20;20,1;20,6;20,7;19,6;19,5;20,2;20;20,1;19,9;19,8;20,5;19;20;19,9;20,2;19,8;20,5;20,1;20,2;20,1;19,9;19,8;20,2;19,4;19,6;20,1;20,4;19,9;19,9;20;20,4;19,9;19,8;19,3;20,2;20,7;20;19,9;20;20;19,3;19,3;20,2;20,4;19,9;20,2;20,4;20,2;20,1;20,5;19,8;19,6;20,2;20,5;20,1;20;20;19,5;20;19,6;19,8;19,5;19,8;19,4;19,6;19,9;20;19,8;19,8;19,6;19,6;19,8;19,8;19,5;19,4;19,8;19,6;19,9;20;19,6;19,5;19,9;20,1;20;20;20;19,4;20,4;19,5;19,5;19,9;19,6;19,5;19,9;20;20;19,9;19,6;19,6;19,6;19,5;19,5;19,5;19;19,9;19,6;20;19,4;19,3;19,2;19,8;19,8;19,8;19,5;19,4;19,2;19;19,2;19,3;19,5;19,3;18,9;1920,6;20,6;20,6;20,8;20,6;20,5;20,6;20,5;20,6;20,6;20,8;20,8;20,6;20;20,5;20,1;20,6;20,5;20,5;20,7;20,2;20,1;20,2;20,6;20,6;20,2;20,4;20,5;20,4;20,6;20,5;20,1;20,4;20,4;20,7;20,2;20,8;20,6;20,1;20,4;20,7;20,5;20,8;20,5;20,2;20,5;20,5;20,5;20,5;20,7;20,8;20,7;20,5;20,2;20,4;20,5;20,2;20,1;20,2;20,5;20,7;20,4;20,4;20,5;20;20,2;19,8;20,2;20,4;20,5;20,6;20,6;20,1;20,1;20,5;20,2;20,1;20,2;20,8;20,9;20,4;20,4;20,4;20,4;20,5;20,8;20,7;20,7;20,7;20,8;20,8;20,5;20,4;20,4;20,7;20,6;20,4;20,8;20,7;20,6;20,4;20,7;20,7;20,2;20,1;20,2;20,7;20,7;20,2;20,5;20,1;20;20,6;20,6;20;20,5;20,5;20;20,5;20,9;20,4;20,2;20,2;20,2;20,4;20,7;20,2;20,4;20,2;20,5;20,7;20,4;20,4;20,6;20,6;20,6;20,4;20,1;20;20,2;20,6;20,5;20,4;20,4;20,4;20,2;20,4;20,6;20,5;20,2;20,2;20;20,1;20,1;20,2;20,2;20,4;20,2;20,5;20,4;20,2;20,4;20;20,2;20,2;20;20,5;20,5;20,8;20,1;20,6;20,9;20,4;20,4;20,2;19,9;20,1;20,2;20,2;20,1;20,2;20,7;20,8;20,5;19,8;19,8;20,2;20,4;20,6;20,4;20,1;19,9;20,2;19,9;20,1;20,1;19,9;20,2;20,5;20,7;19,6;20;20;19,8;19,6;20,1;19,8;20,5;20,2;19,6;20;19,5;20,4;19,9;20,6;19,8;20,1;19,9;19,8;20;20;19,4;19,6;20,1;20,2;20;19,8;19,8;20,2;20,2;20;19,9;20;19,8;20;20,1;20,2;20,5;20;20,1;20,4;20,1;20,2;20,2;20,6;20;19,9;20,1;20;20,4;20,4;19,5;19,8;20,5;20,2;19,6;19,9;19,8;20;20,2;20,4;20,1;20,1;20,5;20,5;20,2;20,2;20,5;20,5;19,9;19,6;19,8;19,8;20;20,1;20,4;20,5;20,7;20,6;20,2;20;20,1;20,1;20,4;20,2;20,4;20,4;20,7;20,5;20,4;20,4;20,7;20,1;19,9;19,9;20,2;20,4;20,5;19,9;20,2;20,1;20,1;19,5;20,6;19,6;20,6;20,4;20,7;20;19,9;20,2;19,9;20,1;20;19,9;19,8;19,6;20;20,2;20;20;20,1;19,9;19,4;19,6;20,4;19,9;20,1;19,8;19,9;20,1;19,9;20,7;20,8;20,2;20;19,9;20,4;20,7;20,4;20,2;20,2;20,1;20,1;19,9;20,6;20,4;20,6;20;20,2;20,2;20,2;20,1;20,1;20;20,4;20,1;20,2;20,2;20,4;20,4;20,5;20,4;19,9;20,1;20,5;20,6;20;20,1;20,1;20,2;20,4;20;19,9;20,4;20,5;20,1;20;19,9;20,1;20,1;20,4;20,2;20,4;20,4;20;20;20,1;20,1;20;20,2;20,4;20,6;20,1;20,2;20;20;20,1;20,1;20;20,1;20,1;19,9;20,1;20;20;20,2;20,1;20,4;20,5;20,5;20,5;20,5;20,4;20,4;20,6;20,1;20,6;20;20,1;19,9;20,2;19,9;20,1;19,6;20,1;20,4;20,7;20,4;20,1;20,1;19,8;19,9;19,9;20,1;20,2;20,1;20,4;20;19,9;20,6;19,8;20,1;20;19,9;19,8;20,1;20,1;20,4;20,6;20,4;20,2;20,6;20;20;20,1;20,4;20,1;19,9;20;19,3;19,6;20,4;20,4;20,2;19,9;20;20,4;20,1;20,4;20,4;19,9;19,9;20;20;20,2;20,4;20,2;20,4;20,5;20,4;20,2;20;19,8;19,9;20,4;20,6;19,8;19,9;19,9;19,9;19,9;20,4;20,4;20,1;20,2;20,2;20;19,9;20;20,2;20,6;20,4;20,2;20,1;19,9;20,2;20,1;19,8;20;20,2;20,2;19,9;20,1;20,1;20,1;20,1;20,2;20,1;20;20,4;20,2;20,4;20,4;20;20,2;19,6;20;19,6;20;20,1;20;19,9;20,2;20,2;20,2;20,4;19,5;20;19,8;19,4;19,9;19,9;20,1;19,6;19,5;19,8;20,4;20;19,5;19,6;20;20;19,9;19,9;19,9;19,3;19;19,5;19,9;19,6;19,8;20;19,6;19,6;19,6;19,9;19,6;19,8;20,1;19,3;19,6;18,9;19,6;19,2;19,6;19,6;19,9;19,8;19,9;20;20,2;19,4;19,2;19,9;19,9;19,6;19,8;19,6;19,6;19,4;19,3;19,6;19,9;19,6;19,6;20;19,3;19,8;19,9;20,4;20;19,9;19,9;19,5;19,9;19,2;19,6;19,6;19,4;19,6;19,6;19,5;19,4;19,3;19,2;19,4;20;19,8;19,4;19,6;20;19,8;19,8;19;19,3;19,6;20;19,8;19,8;19,5;19,4;19,3;19,4;19,3;19,3;19,4;19,5;19,5;19,820,7;20,4;20,4;20,6;20,6;20,6;20,7;20,5;20,2;20,2;20,8;21,1;20,6;20,4;20,6;20,4;20,8;20,5;20,5;20,5;20,2;20,1;20,4;20,6;20,8;20,6;20,1;20,1;20,1;20,1;19,9;20;20,2;20,6;21,5;19,8;20,7;20,5;19,6;20,7;20,9;20,4;20,1;20,6;20,1;20,4;20,4;20,5;20,7;20,7;20,7;20,7;20,6;20,4;20,2;20,2;20,2;20,5;20,6;20,8;21,1;20,4;20,5;20,4;20,5;20,8;20,5;20,4;20,5;20,5;20,7;20,8;20,7;21,1;20,8;20,2;20,4;20,6;20,5;20,5;20,5;20,5;20,7;20,7;20,7;20,7;20,6;20,4;20,5;20,8;20,7;20,7;20,1;19,9;20,5;20,7;20,5;20,5;20,6;20,7;20,4;20,4;20,8;20,4;19,9;20,1;20,1;20,5;20,1;20,2;19,9;20,1;20,1;20,1;19,8;20,4;20;20,1;19,8;20;20,1;20,1;20,1;20;20,5;20,1;20,1;20,4;20;20;20,2;20,1;20,2;20,2;20,2;20,2;20,5;20,2;19,9;20,1;20,2;20,2;20,1;20,1;20,2;20,2;20,5;20,6;20,5;20,6;20,5;20,2;20,1;20,2;20,4;20,1;20,4;20,1;20,4;20,7;20,7;20,7;20,2;20,2;20,7;20,5;20,4;20,2;20,2;20,4;20,5;20,2;20,4;20,1;20;20,6;20,5;20,1;20,2;20,2;20,2;20,2;19,9;19,9;19,9;20,2;20,5;20,5;20,4;20,4;20,1;20,2;20,1;19,9;20,4;20,2;19,9;20,1;20;20,5;19,9;19,9;20,1;20,2;19,6;20,4;20,1;20,5;20,1;20;20,2;19,9;20,4;20,2;20,2;19,9;20;20,2;19,9;19,9;19,8;19,6;19,9;19,9;20;20;19,6;20,1;20;19,9;19,9;19,6;19,9;20,1;20,1;20,2;20,1;19,8;19,9;20,2;20,2;19,9;20,5;20,6;20,2;19,9;20;19,9;20;20;20,4;20,5;19,9;20;20,2;20,4;20,2;20,1;20,2;20,1;20,1;20,2;20,2;20,4;20,5;20,5;20,1;20,2;20,5;20,4;20,1;19,8;20;20,2;20,1;19,8;20,1;20,4;20;20,1;20,6;20,2;19,9;20,1;20,4;20,4;20,2;20,7;20,6;20,2;20,1;19,9;20;20,6;20,6;20,9;20,4;20,1;20,2;20,5;20,4;20,2;20,6;20,5;20,2;20,2;20,1;20;19,6;20,2;19,8;20,6;20;20,1;20,2;20;20;20,5;19,9;19,8;20,1;20,4;20;20,4;20,5;20,9;20,4;20,7;20,1;19,5;20,2;19,8;19,4;20,8;19,9;19,9;20,5;20;20,1;20,2;20,1;20,6;20,6;20,1;20,2;20,5;20,5;20,2;20,1;20,8;20,7;20,2;20,2;20,5;20,6;20,8;20,2;20,5;20,1;20,2;20,5;20,2;20,7;20,2;19,8;20,4;20,6;20,7;20,8;20,4;20;20,6;20,5;20,2;20,4;20,2;20,5;20,5;20,4;20,5;20,2;20,2;20,4;19,9;20;20,2;20,5;20,2;20;20,2;20,4;20,1;20;20,1;20,4;20,8;20,7;20;19,8;20,4;20,5;20,4;20;20,1;20;20,4;20,4;20;20,1;20,5;20,2;20,4;20,4;20,4;20,4;20,6;20,2;20,4;20,1;20,2;19,8;20,1;20,2;20,2;20;20,4;20,2;20,6;20,4;20,5;20,2;20;20,1;20,1;20,5;20;20,1;20,4;20,4;20,1;20,4;20,1;19,9;20;20,1;20,1;20,6;20,5;19,9;20,2;20,4;20,6;20,4;20,4;20,4;20,2;20,7;20,5;20,7;20,4;20,4;20,6;20,4;20,4;20,4;20,4;20,1;20,1;20;20;20,1;20,4;20,4;20,4;20,6;20,4;20,5;20,1;20,4;20,5;20,2;20,2;20,1;20,1;20,4;20,4;20;19,8;19,9;20;20,1;19,8;19,8;20,1;20,1;20,1;20,1;19,8;19,6;19,9;20,1;20,2;20,1;20,1;20;19,9;20,1;20,1;19,6;19,9;19,8;19,9;19,9;19,6;19,2;19,6;20;20;19,8;19,9;19,4;19,4;19,5;19,8;19,6;20;20,1;19,6;19,8;20;19,6;19,6;19,8;18,9;19,9;20;19,9;19,4;19,6;19,4;19,6;19,9;19,5;20,2;19,4;19,6;19,2;20;19,9;19,5;19,5;19,6;19,4;19,9;20;19,8;19,5;19,2;19,2;19,9;20;19,6;19,3;19,3;19,9;19,6;20,2;19,9;19,9;20;18,9;19,6;19,5;19,9;19,6;19,3;19,4;19;19,8;19,9;20;19,9;19,5;19;20,1;19,9;20;20;19,6;19,4;19,4;19,5;19,5;19,6;19,8;19,8;19,8;19;19,5;20;20,2;19,9;19,4;19,9;19,3;19,2;19,6;19,3;19,9;20,1;19,5;19,2;19,4;20;20;19,8;19,9;20;20;19,6;19,5;19,9;19,9;19,5;19,3;19,6;19,5;20,1;19,5;19,9;19,6;19,6;19,6;20;19,8;20;20,1;19,9;19,6;19,620;20,5;20,7;20,8;20,6;20,5;20,5;20,4;20,1;20,5;20,7;21,1;20,6;20,8;20,5;20,6;20,6;20,6;20,4;20,5;20,6;20,6;20,6;20,9;20,7;20,5;20,5;20,6;20,5;20,4;20,6;20,5;20,7;20,6;20,7;20,8;20,6;20,9;19,9;20,8;21,4;20,5;20;20,5;20,2;20,5;20,4;20,4;20,7;20,6;20,4;20,5;20,7;20,7;20,5;20,2;20,1;20,4;20,4;20,9;20,8;20,1;20,8;20,2;20,6;20,7;20,5;20,1;19,9;20,1;20,5;20,6;20,6;20,4;20;20,1;20,6;20,8;20,2;20,5;20,2;20,2;20,6;20,5;20,6;20,7;20,6;20,6;20,5;20,6;20,7;20,7;20,2;20,2;20,4;20,5;20,7;20,2;20,7;20,6;20,4;20;20,8;20,6;20,4;20,6;20,5;20,5;19,5;20;20,4;20,2;20,6;20,9;20,2;19,9;20,5;20,6;19,8;20;20;20,2;20,4;20,5;19,9;19,9;20,2;20,4;20;20;19,9;19,8;20;20,2;20,1;20,1;20,5;20,2;20;20,2;20;20;20,1;20,2;20,4;20,2;20,4;20,5;20,4;20,4;20,5;20,1;20;20,4;20,5;20,4;20;19,3;19,6;20,4;20,2;20,2;20,1;20,2;20;20,2;20;19,9;20;20,1;20,2;20,2;19,3;19,5;20;19,8;19,9;20;19,9;19,9;19,9;19,9;20,8;20,1;20,1;20,2;20,4;20,4;20;20,1;19,9;20,1;20,2;19,9;20,1;20,2;19,9;19,8;20,2;20,2;19,6;19,8;20,5;20,1;19,8;20;20,2;20;20;19,8;20,2;19,8;20,2;19,8;19,8;19,9;20;20,1;20;19,5;19,6;19,8;19,5;19,9;20;20,1;20;20,1;19,9;20,1;19,9;20;20,1;20,4;20,2;20,1;20,1;20;20;20,2;20,2;20;19,8;20,2;20,1;19,8;20;20,2;20,1;20;20,1;20,6;20,6;20,6;20,2;20;20,4;20,6;20,5;20,5;20,7;20,4;20;20,5;20,5;20,5;20,2;20,2;20,1;20,1;20,5;20,1;19,9;19,9;20,1;20,2;20,2;20,4;20,1;20,5;20,6;20,4;20;20,2;19,9;19,9;20,1;20,4;20,1;20,5;20,7;20,5;20,6;20,6;20,6;20,4;20,2;20,5;20,5;20,5;20,6;20,2;20,4;19,9;20,7;20;20,4;20,1;20,5;20,4;20,1;20,2;20,6;20,4;20,6;20,2;20,8;20;20,4;20;20,6;21,2;20;20,1;20;20,1;20;20,1;19,6;20;20,6;20;20,4;20,6;20,2;20,7;20,5;20,1;20,5;20,6;20,4;20,4;20,4;20,2;20,5;20,7;20;20,4;20,7;21,1;20,7;20,6;20,5;20,4;20,4;20,8;20,5;20,2;20,2;19,9;20,1;20,6;20,6;20,4;20,5;20,7;20,6;20,4;20,4;20,5;20,2;20,2;20,2;20,2;20,2;20,4;20,6;20,5;20,2;20,5;20,5;20,5;20,7;20,6;20,1;20,4;20,6;20,4;20,2;20,1;20,2;20,2;20,6;20,4;20,4;20,6;20,5;20,6;20,5;20,6;20,4;19,8;19,8;20,2;20,2;20,1;20,5;20,4;20,4;20,5;20;20,2;20,2;20,1;20,1;20,2;20,1;20,4;20,5;20;19,9;20,2;20,7;20,4;20,1;20,4;20,1;20,1;20,2;20,5;20,2;19,9;19,6;20;20,6;19,6;20,1;20,1;20,4;19,9;20,1;19,8;20;20;20;20;20,2;20;19,4;20,2;19,8;20,1;20,1;20;20,1;19,8;19,8;20,5;20,2;20,2;20,1;20;19,9;19,9;20,8;20,2;20;20;19,5;19,6;20;19,9;19,3;20;20,4;20;19,8;19,8;19,9;19,9;19,9;20,2;20,1;19,9;19,9;19,8;19,2;19,6;20,1;19,9;19,8;19,4;19,6;19,8;19,9;19,6;19,8;19,8;19,6;19,8;20,1;20,2;20,1;20;19,9;19,8;20;20,2;20;19,9;19,8;19,8;20;19,9;19,3;19,4;19,5;20;20;19,6;19,5;19,4;19,6;20;19,8;19,8;19,9;20,2;19,6;20,1;20;20;19,4;20,2;20;20,1;19,4;19,6;19,4;19,6;20,2;19,6;19,4;19,8;19,5;20,1;19,3;19,6;19,9;19,8;19,5;19,4;19,5;19,8;19,6;19,8;19,8;19,4;19,5;19,9;20;19,6;19,6;19,8;19,3;19,5;19,8;19,5;19,5;19,6;20,1;19,9;20;19,6;18,9;19;19,6;20,1;19,6;19,5;19,5;19,2;19,4;19;19,9;19,8;19,9;20,1;19,8;19,3;19,6;19,9;19,9;19,9;19,8;20,1;19,9;19,6;19,6;20;20;19,9;19,5;19,9;19,6;19,8;19,8;19,5;19,2;19,3;19,9;19,9;20,2;20;20,2;20,2;19,6;19,9;20;19,8;20,4;20,1;19,8;19,9;19,6;20;19,5;19,9;19,8;19,8;19,5;19,9;19,5;19,9;19,5;19,9;19,9;19,4;18,8;19,320;20,1;20,5;20,7;20,7;20,6;20,8;20,5;20,4;20,5;20,7;20,7;20,5;20,9;19,9;20,9;20,6;20,4;20,2;20,2;20,1;20,5;20,5;20,5;20,7;20,7;20,5;20,4;20;20,1;20,2;19,4;20,7;20,2;21,2;20,9;20,7;20,5;20;20,7;20,9;20,2;20,7;20,5;20;20,4;20,4;20,4;20,6;20,6;20,5;20,6;20,8;20,8;21,1;20,8;20,6;20,7;20,7;20,7;20,6;20,7;21,1;20,1;20,6;20,6;20,6;20,2;20,8;20,4;20,5;20,7;20,5;21,2;21,4;21,1;20,8;20,9;20,5;20,6;20,5;20,5;20,7;20,7;20,5;20,5;20,6;20,7;20,7;20,4;20,7;20,8;20,4;20,4;20,6;20,1;20;20,6;20,5;20,2;20,7;20,1;20,8;20,5;20,2;20;20,4;20;20;20;19,9;19,9;20,5;20;20;19,5;20;20,1;20,5;20,2;20;19,8;20,4;20,5;20,4;20,1;19,9;20;20;19,9;19,9;20,2;20,1;20,1;20,1;20,1;20,1;20;20;20,1;20,1;20,1;20,4;20,4;20,4;20,5;20,2;20,1;20,2;20,5;20,4;20,1;20,1;20,4;20,4;20,4;20,5;20,5;20,2;20,4;20,4;20,1;20,2;20,1;20,1;19,9;20,4;20,7;20,5;20,1;20,4;20,4;20,1;20;20,6;20,4;20,5;19,9;19,9;20;20,1;20,1;20,2;20;19,9;20,2;20,7;20,2;20,1;20,5;20;20,4;20;19,8;19,6;20,2;19,9;20,2;20,4;20,2;20;19,8;20,1;19,9;19,6;20;20;19,9;19,9;19,6;20,2;19,8;20,2;19,5;20,1;19,8;20;19,8;20;19,6;19,6;19,9;19,5;20,1;20,1;20;20,1;20,1;20,1;20,1;20;20,1;20,2;20,1;20;19,9;19,6;19,6;19,5;20;20;19,6;19,8;19,9;20;19,6;19,6;20,1;19,9;19,5;19,9;20;20,1;20;19,9;19,9;19,9;19,9;19,9;20,1;20,4;20,4;20,1;20,4;19,9;19,8;20,2;20;20;19,9;20,1;20,2;19,9;20;20,2;20,5;19,8;20;20,5;20,1;20;20;20,4;20,4;20,2;20;20,1;19,9;20,1;20,4;20,1;19,9;19,8;19,9;20,1;20,1;20,4;20,4;20,5;20,4;19,8;20,2;19,4;20,4;20,1;20,5;20,2;20;19,5;19,9;19,6;20,6;20,1;20,4;20;20,2;20,2;20,2;19,9;19,3;20,5;20;20,5;19,8;20,1;19,9;20;20;19,6;20,4;20,1;20,6;20;20,1;20,1;20,2;20;20,2;19,6;19,9;19,6;19,8;20;20,4;19,9;20,2;20,2;19,9;19,6;20,2;20,4;20,5;20,1;20;20,2;20,5;20,2;20,1;19,9;19,9;20,2;20,2;20;19,8;20,2;20,5;20,4;19,9;19,9;19,9;20,2;20,2;20,2;20;19,9;20,5;20,5;20;19,8;20,1;20;19,9;19,9;20,2;20,1;20,2;20,2;20,1;20,5;20,5;20,4;20,4;20,2;20,1;20;20;20,4;20,4;19,8;19,9;20,5;20,6;19,9;19,8;20,4;20;20,1;20;20;20,1;20,2;20,4;20,2;20,1;20;20,1;20,2;20,6;20,4;20,1;19,6;20,5;20,5;20,4;20,1;20,1;20;20;19,9;20,2;19,9;19,6;19,5;20,1;20,4;19,8;19,9;20;20,1;19,9;20,1;19,6;20,1;20,4;20,2;20,2;20;19,3;19,8;20,4;20;20,5;19,9;19,9;19,9;19,6;20,5;20,6;19,9;19,5;19,9;20,4;20,4;20;20,1;20,6;20,2;19,9;20,2;20,5;20,4;19,9;20,2;20;19,5;19,3;20;19,9;19,9;20;20,1;19,8;19,5;19,8;19,6;19,8;20,1;20;20,4;19,8;20;19,8;20;20;20,1;19,8;19,5;19,9;20;19,9;20,2;20,1;19,9;20;19,9;19,9;20;20;19,8;19,9;20;20;19,6;19,5;19,4;19,9;19,6;19,6;20;20;19,5;19,3;19,9;20,2;19,8;19,8;19,3;19,5;19,3;20;20,1;20,1;19,4;20,6;20;20;19,8;19,4;19,8;19,3;20;19,9;19,3;20;19,6;20,1;19,8;19,8;19,8;20;20;20,1;19,8;19,9;19,9;20,1;19,9;19,6;19,8;20;20;19,9;20;19,8;19,5;19,8;20,6;20,4;20,6;20;20;19,6;20,2;20,1;20,4;19,6;19,9;20,2;19,9;20,2;19,9;19,9;19,8;19,2;20,2;19,6;19,4;19,8;19,8;19,4;19,8;20;20;20;20;20,2;19,9;20;19,6;20,2;20,2;20,1;19,5;19,8;20;20;20;19,2;19,3;19,3;20;20,5;20,4;19,5;19,5;20,1;19,9;19,6;19,8;19,8;19,8;19,5;19,4;19,6;19,2;20,1;19,3;19,5;19,9;19,4;19;19,8;19,4;19,8;19,8;19,6;19,6;19,8;19,4;18,920,9;20,7;20,7;20,6;20,6;20,8;20,9;20,6;20,7;20,2;20,8;20,6;20,4;20,7;20;20,9;20,5;20,5;20,6;20,5;19,9;20;20,6;20,6;20,6;20,5;20,1;20,4;20,2;20,1;20,2;20,7;20,1;20,4;21,1;20,6;20,7;20,7;20,2;20,4;20,4;20,4;20,7;20,4;20,2;20,4;20,2;20,2;20,5;20,6;20,6;21,1;20,8;20,7;20,6;20,2;20,1;20,4;20,6;20,2;20,5;21,1;20,4;20,2;20,1;20,5;20,7;20,4;20,2;20,8;20,6;20,6;20,6;20,6;20,9;20,6;20,7;20,8;20,8;21,1;20,6;20,5;20,8;20,7;20,4;20,1;20,5;20,7;20,6;20,5;20,9;20,9;20,5;20,5;20,8;20,5;20,4;20,9;20,6;20,9;20,7;20,2;20,6;20,4;20,8;20,2;20,6;20,2;20,5;20,8;20,1;20,6;19,9;20,1;20,2;20,4;20,5;20,1;20,2;20,1;20;20,5;20,4;20,5;20,4;20;19,9;20,1;20,4;20;20,2;20,5;20,1;20,2;20,5;20,5;20,2;20,2;20,2;20,2;20,2;20,2;20,5;20,4;20,1;20,2;20,2;20,2;20,2;20,1;19,9;19,9;20,1;20,4;20,4;20,1;19,8;19,8;20,4;20,4;20,4;19,9;19,8;20,4;20;20;20,6;20,1;20,1;19,5;20,1;20,7;20,1;20,1;20,1;20;19,3;19,5;20;20,4;20;20,1;20,1;19,5;19,8;19,8;20,1;20,1;20,1;20,2;19,9;20;19,8;19,9;19,8;20,1;20,1;19,8;20,1;20,2;20,5;19,6;19,9;19,9;19,8;20;20,1;19,9;19,6;19,9;20,2;19,8;20;19,9;20,1;19,9;20,1;20,4;19,9;20;19,9;20;19,8;20;19,8;19,6;20,2;20;19,9;20,1;19,9;19,8;20,4;20,1;20,4;20,4;20,4;19,9;19,9;19,5;19,6;20,2;20,2;20,4;20,4;20,4;20,5;19,8;20;20;20,2;20,6;20,4;20,1;19,9;20;20;19,9;20;20,1;20,1;20,1;20;20,2;20,1;20,4;20,1;20;20;19,9;20,5;20,6;20,5;20,4;20,4;20,4;20,2;20,4;20,1;20,1;20,1;20,5;20,4;20,1;20,2;19,9;20,1;20,2;20;20,4;20,2;20,6;20,6;20;20,1;20,5;20,7;20,5;20,5;20,5;20,1;20,8;20,4;20,2;20,1;20,2;20,1;20,4;20,5;20;19,9;20,7;20,4;20;20;20,6;20,1;20,1;20,4;20,6;20,1;20,5;19,5;20,5;20,4;20,4;20,7;19,9;19,4;20,1;20,5;20,5;20,8;20,6;20,7;20,5;20,1;20;19,6;19,8;20,9;21,1;20,6;20,6;20;20,2;20,5;20,1;19,6;20,6;20,4;20,2;19,4;19,6;20,2;20,4;19,9;20,4;20,4;20,1;20,1;20,2;20,2;20,2;20,2;20,1;20,1;20,6;20,4;20,2;20,2;20,1;20,2;20,2;20,1;20,1;20,1;20,1;20;20;20,1;20,1;19,9;19,8;19,8;19,8;20;20,5;20,2;20,4;20,1;20,1;20,1;20,2;19,9;20;20,1;19,9;19,9;19,8;20;20,1;20;19,8;20,5;20,2;20,1;20,4;20;20,1;20,1;20;20;20,4;20,1;20,2;20,5;20,5;20,2;20,4;19,9;20,2;20,4;19,8;19,9;20,2;19,8;20,5;19,9;20;20,1;20;19,9;20,1;20,1;19,9;19,9;20,1;19,8;20,4;20,1;20;19,9;20,1;20,1;20,2;20;19,5;19,6;20,1;19,9;20,2;20,2;20;19,6;20,2;20,2;20,2;19,6;20;19,8;20;20,2;20,2;20,1;19,6;19,9;19,4;19,9;19,9;19,9;19,9;19,5;19,8;19,9;20,2;20,1;20;19,4;19,8;19,8;19,8;20,1;20;19,9;19,9;19,9;19,6;19,6;19,8;19,9;19,8;20,1;19,8;19,8;19,8;19,6;20,1;20,1;20,1;20,2;20;19,8;19,9;20,1;20,4;20,2;19,6;19,4;20,1;20,2;20,2;20,1;20;19,5;19,9;20,1;20,1;19,9;20;20,1;20,4;20,5;20;20,4;20,4;20,1;20,1;19,8;20,1;19,9;19,9;19,4;20,6;20;20,2;20,1;19,6;19,8;19,6;20,2;20;19,8;20,1;19,8;19,8;20;19,8;19,9;19,9;20;20,5;20,4;20;19,8;20;20;19,8;19,4;19,9;20;19,5;19,8;19,9;19,8;19,9;19,8;19,6;19,8;19,9;20,1;19,8;19,5;20;19,6;19,4;19,5;19,3;19,5;19,5;20;20,4;19,6;19,2;20;19,6;19,5;19,6;19,5;19,3;19,8;19,6;19,5;19,6;19,9;20,2;20;20;19,3;20,2;19,9;19,8;19,2;19,4;19,4;19;19,8;19,2;19,4;19,8;20,1;19,4;19,6;19,8;19,6;19,8;19,6;19,6;19,9;19,8;19,2;19,3;19,4;19,4;19,4;19,5;19,5;19,6;20;19,5;19,4;19,9;19,5;19,6;19,6;19,5;20;19,8;19,6;19,920,6;20,5;20,4;20,6;20,7;20,7;20,9;20,4;20,7;20,5;20,4;20,7;20,7;20,6;20,7;20,6;20,6;20,6;20,5;20,6;20,7;20,6;20,8;20,9;20,6;20,5;20,2;20,4;20,8;20,5;20,5;20,7;20,6;20,9;20,7;20,6;20,6;20,7;20,5;20,6;20,7;20,6;20,2;20,4;20,6;20,6;20,5;20,4;20,4;20,4;20,5;20,6;20,4;20,5;20;20,1;20,4;20;20,6;20,8;20,5;20,6;20,5;19,9;20,6;20,8;20,4;20,9;20,2;20,2;20,6;20;20,4;20,7;20,6;20,2;20,6;20,8;20,6;20,8;20,6;20,5;20,8;20,7;20,5;20,1;20,4;20,4;20,1;20,4;20,9;20,7;20,5;20,6;20,5;20,6;20,1;20,8;20,8;20,8;20,5;20,7;20,6;20,5;20,2;19,9;20,4;20,2;20,5;20,8;20,4;19,9;20,5;20,4;20;19,9;20,6;20,6;20,4;20,6;20,2;20,2;20,2;20,5;20,4;20,1;20;20,1;20,2;20,2;20,4;20,5;20,4;20,4;20,6;20,6;20,5;20,5;20,4;20,5;20,1;20,1;20,2;20;20,1;20,6;20,7;20,5;20,4;20,2;20,6;20,5;19,9;20,6;20,8;20,6;20,4;20,4;20,2;20,4;20,7;20,2;20,5;20,4;20,5;20,5;20,6;20,5;20,2;20,4;20,6;20,8;20,5;20,2;20,2;20,2;20,2;20,1;20;20,7;20,1;20,1;20,5;19,8;20,4;20;20,2;20,2;20,5;20,2;20,2;20;19,8;20,5;20,4;20,2;20,1;19,6;19,8;20,6;20,6;20,2;20,2;19,9;20,4;19,8;20,5;19,9;20,1;19,8;19,9;19,8;20;19,9;19,6;20;20,1;20,5;19,8;20;20,1;20;19,9;19,8;20,2;19,8;20;20;19,8;19,8;20,1;20;19,9;19,9;20;20;20;19,8;19,6;20;19,8;20;20,1;19,6;19,6;19,9;20;20,5;20,4;20;19,6;19,5;19,8;20;19,8;19,5;19,9;20,2;20,4;20,2;20,1;20;19,9;20,1;20,4;20,4;20;19,8;20;20,2;19,9;20;20,4;20,2;19,9;20;20,5;20,6;20,4;19,8;19,6;20,2;20,2;20;20;20,1;19,9;20,5;20,1;20,1;20,5;20,4;20,2;20,6;20,4;20,5;20,4;20,5;19,9;19,9;20,1;19,8;20,4;20,4;20;20,4;19,5;19,9;20;19,8;20,2;20,8;20,2;20,2;19,6;20,7;19,6;19,9;20;19,4;19,6;20,1;20,4;20;20;20,2;20,8;19,9;19,6;19,5;20,5;19,8;20,7;19,9;20,1;20;19,5;20,2;20,7;19,3;20,2;20;20;20,1;20,1;20,2;20,4;19,9;19,6;19,9;20,1;20,4;20,1;20,4;20,2;20,5;20,6;20,6;19,8;19,8;19,8;19,8;20;20,1;20,4;20,4;20;20;20,4;20,7;20,4;20,1;20,2;20;19,9;19,8;20,2;20,4;20,2;20,5;20,1;19,5;20,2;20,5;20,1;20,2;20,1;19,9;19,8;19,8;20;20,6;20,4;20;20,2;20,2;19,8;20,1;20;20;20,4;20,1;19,9;20,1;19,9;20,1;20,2;20,2;19,6;20,2;20,2;20,1;20,1;20,1;20,2;20,2;20;20,2;20,4;20,4;20,5;20,4;20,4;19,8;19,8;20,5;19,9;20,5;20,2;19,8;20,6;20,1;20,1;20,4;20,2;20;20,1;19,9;19,4;20,4;20,1;20;19,8;20,1;20,1;20,1;20,2;20,2;20,1;19,8;19,9;20,9;20,1;20;20,2;20,2;20;19,6;20;20,2;20,4;19,8;20,2;20,1;20,2;20,5;20,4;20,2;20,1;20;20,5;19,9;20,1;20,5;20,9;20,5;20,6;20;20,1;20;19,6;20;19,5;19,8;20,5;20,4;20,2;20,4;20,5;20;20,2;20,1;20,2;20,1;19,8;20;20,1;19,8;19,6;20;20,1;20,1;19,9;19,9;20,2;20,2;20,2;19,8;19,5;20;20;20,1;20,4;20,2;19,9;20;20,1;20,4;20,2;20;20;19,8;19,5;19,5;20,1;20;19,9;19,8;19,6;20,1;20,2;19,6;19,4;19,9;19,6;19,5;19,9;19,4;19,6;19,8;20,6;20,1;19,9;19,5;19,8;19,5;20,1;19,9;19,9;19,6;19,8;19,8;20,1;19,9;19,3;19,5;19,9;19,6;19,3;19,5;19,8;20;20;19,8;19,5;19,4;19,8;19,8;20;20,1;20,2;20,1;19,3;19,6;19,8;18,6;19,5;19,9;19,6;20;19,3;19,6;19;19,3;19,2;19,6;19,9;19,9;19,6;19,5;19,4;19,5;19,8;19,9;19,8;20;20,1;19,9;19,8;20,4;20,4;19,6;19,5;20;19,5;19,6;20,1;19,9;19,9;19,3;20;19,8;20;20,1;20,1;19,9;19,8;19,9;20;20,1;20,1;19,9;19,6;20,2;20,5;19,4;20;20,1;19,8;19,6;20,2;20;19,4;19,8;19,6;19,9;20,1;19,6;19,6;19,620,8;20,8;20,5;20,2;20,5;20,2;20,7;20,5;20,8;20,5;20;20,8;20,8;20,6;20,7;20,5;20,1;20;20,1;20,4;20,5;20,4;20,1;20,5;20,7;20,5;20,5;20,8;20,6;20,6;20,4;20,4;20,2;20,5;20,5;20,5;20,6;20,7;20,4;20,8;20,7;20,6;20,4;20,4;20,7;20,8;20,6;20,6;20,6;20,4;20,5;20,5;21,4;21,2;20,4;20,7;20,9;20,6;20,7;20,7;21,1;20,4;20,2;20,5;20,4;21,2;21,1;20,7;20,7;20,9;20,7;20,8;20,9;20,9;20,6;20,5;20,9;21,2;20,7;20,6;20,7;20,7;20,8;20,6;20,7;20,4;20,5;20,1;20,6;20,4;20,8;20,6;20,2;20,7;20,7;20,1;20,2;20,2;20,6;20,8;19,6;20;19,6;20,1;20,2;20,4;20,2;20,4;20;20,4;20,1;20,2;20,2;20,1;20,4;20,1;20,2;20,2;20;20,2;20,1;20;19,9;20;20,4;20,4;20,1;20,1;20,1;20;20;20,2;20,5;20,2;20,2;20,4;20,2;20,2;20,1;20,1;20;20,2;20,2;20,2;20,1;20,5;20,4;20,2;20,4;20,6;20,6;20,2;20,2;20,4;20,2;20,1;19,9;20,2;20,1;20,7;20,6;20,1;20,4;20,5;20;20,2;20,7;20,2;20,2;20,1;20;20,2;19,9;19,9;19,8;20,6;20,4;20,1;20,2;20,4;20,4;19,8;20,2;20;20;20,6;20,1;20,2;20,5;20,1;20,7;20,4;19,6;20,5;20,4;20,4;20;19,6;19,9;20,5;20,4;20,4;20;20;20,4;20,4;20,6;20,2;20,5;19,9;20;20;20,5;20,1;20;20,5;20,4;20,2;19,8;19,9;19,9;20;19,9;19,9;20,2;19,8;20,2;20,1;19,9;19,9;20,1;20,4;20,1;19,9;20,1;19,9;20;19,9;20,5;20,1;19,6;20,4;20,1;20;20;20,1;20,4;20,1;20;20;20,4;20,6;20,2;20,1;20,1;20,2;20,1;20;19,9;20,1;20,4;20,4;20;20;20,2;20,6;20,7;20,5;20,5;20,5;20,6;20,4;20,2;20,2;20,4;20,6;20,5;20,5;20,7;20,4;20,2;20,4;20,5;20,8;20,4;20,5;20,6;20,4;20,2;20,6;20,2;20,2;20;20,1;20,2;20,2;20,5;20,7;20,4;20,5;20,2;20,4;20,4;20,8;20,1;20,5;20,6;20,4;20;20,6;19,9;20,2;19,9;20,1;20,1;20,8;19,9;20,6;19,5;19,6;20,1;20,2;20,6;20,4;20,8;20,4;20,2;20,6;20,2;20,2;20,2;20,4;20,6;20,7;20;20,1;20,5;20,7;20,2;20,2;20,2;20,8;20,2;20,4;20,5;20,8;20,4;20;20;20;20,1;20,5;20,4;20,2;20,4;20,4;20,2;20,6;20,7;20,4;20,5;20,7;20,6;20;20,4;20,7;20,4;20;19,8;20,4;20,6;20,2;20,1;20,6;20,7;20,6;20,6;20,2;20,4;20,4;20,1;20,1;20,5;20,7;20,7;20,4;19,9;20;20,4;20,5;20,6;20,6;20,5;20,1;19,9;20,2;20,2;20,1;20,1;20;20;20;20,1;20,7;20,4;20,5;20,2;20,2;20,2;20,4;20,2;20,5;20,4;20,4;20,4;20,4;20,1;20,4;20;20,4;20,5;20,1;20,2;19,8;20,1;20,2;19,9;20,1;20,4;20,5;20,2;20,1;20,1;20,6;20,4;20,1;20,2;19,8;19,4;20;20,4;20,2;19,6;20,1;20;20;20,2;20,1;20;19,8;20,1;20,6;20;20,2;20,1;20,4;20;20;19,9;20,2;20,6;19,9;20,1;20,1;20,5;19,5;20;20,2;20,2;20,5;19,6;19,8;19,8;19,8;20;19,8;19,8;19,8;19,9;19,6;19,9;19,9;20,4;20,6;19,9;20,1;20,1;19,8;20,5;20,1;20,2;20,2;19,6;19,5;19,9;19,8;20;19,9;19,8;19,6;20;19,9;19,8;19,8;20;19,9;20;19,9;19,4;19,4;19,9;20,1;20;19,9;19,6;19,9;19,8;20,1;19,6;19,6;19,8;19,6;19,5;19,8;19,8;20;20,1;19,9;20;20,1;20,4;19,9;19,4;18,9;18,9;19,4;20,1;19,8;19,5;19,6;19,5;19,5;20;20;19,5;20,4;19,9;20,1;19,4;19,6;20;19,8;19,6;19,9;19,5;19,4;19,8;19,8;19,5;19,6;19,8;20;20;19,8;19,9;19,9;20,1;19,9;20,2;20,2;20;20;20,2;20,6;20,5;19,4;19,9;20;20,6;19,9;20,2;19,4;20,2;19,6;19,9;20,2;20,1;20;19,9;20;19,9;19,9;20,2;20;19,6;19,5;20;20,1;20;19,9;20,5;19,5;20;20,2;19,8;19,4;20;19,6;19,3;19,4;20,5;19,5;19,5;19,6;19,6;19,5;19,5;19,6;19,5;19,3;19,4;19,9;19,6;19,3;19,9;19,3;20,1;20;19;19,4;19,9;19,8;19,4;19,8;19,8;19,9;19,8;19,4;19,6;19,920,8;20,7;20,8;20,6;20,4;20,1;20,6;20,6;20,9;20,5;20,6;20,7;20,5;20,4;20,2;20,4;21,1;20,5;20,1;20,4;20,7;20,8;20,5;20,2;20,4;20,5;20,5;20,6;20,8;20,4;20,5;20,2;20,5;20,6;20,4;20,2;20,8;20,7;20,4;20,8;20,4;20,4;20,4;20,6;20,7;20,6;20,5;20,5;20,7;20,8;20,6;20,6;20,8;20,6;20,5;20,5;20,7;20,4;20,2;20,5;20,6;20,8;20,1;20,5;20,7;20,5;20,1;20,1;20,4;20,7;20,9;20,8;20,7;20,6;20,7;20,7;20,7;20,8;20,7;20,6;20,7;20,8;20,9;20,7;20,7;20,5;20,7;20,6;21,1;20,2;20,7;20,7;20,7;20,9;20,9;20,6;20,5;21,5;20,9;20,8;20,7;20,1;21,2;20,1;20,1;21,1;20,6;20,7;21,4;20,8;20,4;20,5;20,5;20,4;20,8;20,4;20,8;20,6;20,5;20,5;20;19,8;20,1;20,4;20,6;20,5;20,2;20,2;20,2;20,1;20,1;20,4;20,5;20,4;20,4;20,4;20,2;20,1;20,1;20,1;19,9;20,2;20,5;20,2;20;20,1;20;19,9;19,6;20,2;20,5;20,2;20,4;20,1;20,4;20,4;20,1;19,9;20,1;20,2;20,4;19,9;19,6;20,4;20,1;20;19,8;20,1;19,9;19,9;20,4;20,2;20,4;19,9;19,9;20,1;20,4;19,8;19,8;20,5;20,4;19,9;20;20,2;19,6;20;20,2;20,4;20,4;20,2;20,7;20;19,9;20,1;20,1;20,1;19,9;19,5;20,4;20;20;19,9;20;20;20;20,4;20,1;20,4;20,1;19,8;20;20;20,5;19,6;20,2;20,4;20,4;20,2;20,2;20,2;19,5;19,9;19,9;19,9;20;19,9;20;20;19,8;20;20,1;20,1;19,8;19,9;20,5;20,5;20,2;20,1;20;20,1;20,1;19,5;20,1;20,1;20,1;20,2;19,9;20;20,1;19,9;20,4;20,4;20,2;20,5;19,9;20,1;19,9;19,8;20,4;20,2;19,9;20,1;20,2;20,4;20,6;20,4;20,4;20,2;20,4;20,5;20,2;20,1;20,5;20,7;21,1;20,7;20,2;20,1;20,4;20,6;20,5;20,8;20,8;20,7;20,4;20,5;19,9;20,5;20,5;20,2;20,1;21,1;20,6;20,4;20,4;20,8;20,7;21,1;20,7;20,5;20;20,5;20,6;20,6;20,9;20,8;20,7;20;20;20,1;20,6;20,6;19,9;20,6;20,6;20,6;20;20,6;20;19,9;19,8;20,9;20,5;20,4;20,4;20,2;20,7;20,5;20,8;20,2;20,5;19,6;20,1;20,1;20,4;20,6;21,1;20,7;20,4;19,5;19,8;20,6;20,7;20,7;20;20,1;20,4;20,8;20,5;20,2;20,2;20,4;20,4;20,5;20,4;20,2;20,6;20,8;20,2;20,1;20,1;20,2;20,4;20,2;20,6;20,7;20,5;20,1;20,1;20,2;20,6;20,5;20,5;20,7;20,5;20,1;20;20,1;20,2;20,6;20,5;20,1;19,8;20,2;20,8;20,7;20,7;20,4;20,1;19,9;20,1;20,1;20;20,4;20,4;20,1;20,1;20,5;20,7;20,5;20,2;20,1;20;20,1;20,1;20;20,1;20;20,2;20,6;20,7;20,2;20,4;19,9;20,4;19,9;20;20,6;19,9;20,4;19,9;20;20,1;19,6;19,8;20,1;20;20,1;20,1;20,6;20,1;20,1;20,1;20,2;20,1;19,9;20;19,8;19,4;19,8;20;19,9;19,6;20;20,1;20,1;20;19,8;19,8;19,5;19,8;20,5;19,4;20;19,6;20,1;20,5;19,9;19,9;20,1;20;20,4;20,5;20,2;20,4;19;20;20,1;20,2;20;20,4;20;19,5;19,6;20,1;20,4;20,6;19,9;19,9;20,2;19,5;19,6;19,4;19,8;19,6;19,8;19,6;19,8;19,9;19,5;19,5;19,8;20,4;20;19,9;19,9;19,8;20;20,1;19,8;20,1;20;19,8;19,9;20,4;20,1;20,1;20;19,4;19,4;20,2;20,6;20,1;19,9;20,2;20,5;19,8;20;19,9;20;20,1;20,2;20,2;20;19,8;20;20,5;19,8;19,6;19,6;20;19,5;19,6;19,8;19,9;20,2;20,5;19,9;19,9;20;20,7;19,9;20,4;20,8;20;19,9;20,1;20,6;20;19,9;20,1;19,8;19,3;19,5;19,8;19,8;19,9;19,9;19,5;19,9;19,8;19,6;19,8;19,8;19,9;19,8;20;20;20;20;19,8;19,9;19,8;20,4;19,5;18,6;19,6;19,3;19,8;19,5;20,2;19,8;19,4;19,8;19,5;19,4;19,2;19,5;19,4;19,2;19,4;19,4;19,3;19,4;19,5;19,5;19,9;20,1;19,9;19,4;19,9;19,8;19,8;20,1;19,5;19,8;20;19,5;19,5;19,6;20,1;19,6;18,9;19,4;19,4;19,9;19,5;19,4;19,9;19,8;19,5;19,9;19,5;19,2;20,1;19,9;19,6;19,5;19,6;19,8;20;19,3;19,5;19,5;20;20;19,9;20,1;19,9;20,220,7;20,6;20,7;20,8;20,6;20,6;20,4;20,7;20,7;20,7;20,8;20,2;20,9;20,5;20,6;20,6;20,5;20,5;20,5;20,6;20,5;20,4;20,5;20,7;20,9;20,9;20,9;20,5;20,6;20,2;20,6;20,7;20,7;20,5;20,6;20,4;20,8;20,8;20,6;21,1;20,8;20,2;20,2;20,7;20,8;20,4;20,5;20,6;20,7;20,9;20,6;20,5;20,9;20,5;20,5;20,5;20,6;20,4;20,6;20,4;20,4;20,4;20,5;20,4;20,6;20,6;20,7;20,5;20,7;20,8;20,7;21,1;21,2;20,8;20,8;20,7;20,8;20,8;20,7;20,7;20,7;20,7;20,9;20,7;20,8;20,7;20,8;20,7;20,5;20,4;20,8;20,4;20,5;20,4;20,1;20,6;20,5;20,1;20,7;20,6;20,2;20,2;20,5;20,6;20,5;20,9;20,9;20,5;20,8;20,6;20,2;20,1;19,8;20,4;20,2;19,8;20,2;20;20;20,4;20,4;20,4;20,6;20,2;20,5;20,5;20,2;20,5;20,7;20,5;20,2;20,5;20,5;20,2;20,4;20,2;20,4;20,4;20,1;20,6;20,6;20,5;20,4;20,5;20,5;20,5;20,4;20,6;20,6;20,2;20;20,2;20,4;20,1;20,8;20,7;20,2;19,8;20;20,7;20,2;20,2;20,5;20,8;20,6;20,1;21,1;20,7;20,8;20,6;20,6;20,7;19,9;20,6;20,5;20,4;20,4;20;20,5;20,4;20,4;20,6;20,2;20;20,4;20;20,4;20,4;20,1;20,1;20,4;20,4;20,4;20,2;20,4;20,4;20,1;19,8;20,5;20,1;20,1;19,9;20,7;20,1;20;19,8;19,8;20,2;20;19,8;20;19,9;20,5;19,6;19,6;19,9;20,1;20,4;19,9;19,8;19,6;19,6;20;20;20;20;19,5;19,8;20,2;20;20,2;19,9;20,1;20,1;20;20,4;20,2;19,9;19,8;20,2;20,4;20,1;20;19,6;19,6;19,8;20,1;20,1;20,1;20;20,1;20,1;20,1;20,2;20,2;20,6;20,6;20,2;20,1;20,1;20;19,9;19,9;20,2;19,9;19,9;20,1;20,1;20,1;20,1;20,1;19,9;20;19,9;20,1;20,1;19,9;20,2;19,9;20;19,8;19,9;19,9;20,5;20,1;19,9;20,2;20,5;20,7;20,4;20;20,5;20,5;20,1;20,4;20,5;20,5;20,4;20,4;20,4;19,6;20;19,8;20,2;20,2;20,1;20;19,5;20,1;19,4;20;20,1;19,5;20,1;20,1;20;20,1;20;20,4;20;20,1;20,2;19,5;20,2;20,1;20,2;20,5;20,1;20,8;20,4;20;20,2;20,5;20;20,2;19,8;20,7;20,1;19,6;19,8;20,7;20,8;20,2;20,2;19,9;20,2;20,2;20,1;20,4;20,2;19,8;20,5;20;20;19,9;20;19,8;19,9;19,6;19,6;19,9;20;20,1;19,8;20,2;20,5;20,1;20,1;20,5;20,6;20,8;20,4;20,1;20,1;20,1;19,8;20;20,1;20,1;20,4;20,5;20,4;20,4;20,1;20,2;20,6;20,5;20,2;20;20;19,9;20;20,1;20,4;19,8;19,9;20,1;20,4;20,1;20;20;19,6;20;20,2;19,6;19,9;20,4;20,1;20;19,8;20,2;20;20,2;19,6;20,2;20,2;20,1;20,5;20,2;20,1;19,9;20;20,1;20;19,3;20,2;20,2;20,6;20;20,4;20,5;20,1;19,9;20,2;20,2;19,8;20,2;20,1;19,8;19,8;19,6;19,9;19,8;20,2;20,1;20,4;20,1;19,5;20,2;19,8;19,9;20,5;19,5;19,6;19,8;20,1;20,6;20,1;20,1;20,2;20;20,2;20,2;20;19,5;19,4;20,9;20,6;19,9;20,5;20,4;19,9;20;20,1;20,6;20,7;20,5;20,4;20,1;20,2;20,6;20,7;20,2;20,7;20,1;20,1;20,1;20,2;20,2;20;20,5;20,9;20,7;20,2;20;20,1;20,2;20,5;20,5;20,4;20,6;20,2;19,9;20,2;20,5;20,2;20,1;20;19,8;19,9;20,2;20,4;20;19,9;20;19,9;19,9;20;19,8;19,6;19,6;20,1;20;19,8;19,6;19,9;20,5;20,2;19,8;19,9;20,1;19,8;19,5;19,8;20,4;20,5;19,9;19,6;19,8;20,1;19,9;19,5;19,4;19,9;19,6;19,3;20,4;19,9;20,4;20,1;19,8;19,8;19,3;19,2;19,6;19,5;19,6;19,6;19,6;19,8;19,6;19,8;19,8;19,8;19,8;19,8;20,2;20,2;19,8;20,1;20;19,9;20,1;19,8;19,3;19;19,4;19,8;20,2;20;20;19,8;19,3;19,8;19,6;20;19,4;19,5;19,9;19,9;19,9;20;20,1;20,1;19,9;20;19,9;20;20;19,6;19,9;20,2;19,4;20,2;19,3;20,4;19,8;19,8;20,2;20,1;20,7;19,5;19,9;19,8;20;20;19,4;19,8;19,9;19,4;19,5;19,6;19,4;20;20,5;19,4;19,2;19,5;19,9;19,8;20,7;19,2;19,8;19,4;20;19,8;20,2;20;19,9;2020,6;20,7;20,5;20,4;20,8;20,8;20,4;20,8;20,9;20,7;20,8;20,6;20,7;20,5;20,5;20,5;20,5;20,1;20,2;20,5;20,5;20,4;20,2;20,6;20,9;20,7;20,8;20,6;20,5;20,4;20,9;20,8;20,6;20,2;20,6;20,5;21,1;20,9;20,6;21,2;21,1;20,6;20,6;20,8;20,9;20,8;20,9;20,8;20,8;20,7;20,5;20,4;20,8;20,8;20,8;20,5;21,2;19,9;20,8;20,4;20,7;21,2;20,5;21,2;20,5;20,6;20,7;20,9;20,7;21,1;20,9;21,1;21,1;20,9;21,1;20,9;21,1;21,2;20,8;20,9;20,9;20,6;20,8;20,5;20,6;20,5;20,7;20,7;20,7;20,8;21,1;20,4;20,8;20,5;20,6;20,2;20,7;20,2;20,4;20,6;20,6;20,6;20,6;20,5;20,2;20,8;21,1;20,1;20,1;20,7;20,5;20,4;20,5;20,5;20,2;20;20,1;20,2;20,4;20,4;20,2;20,5;20,4;20,1;20,2;20,2;20,2;20,4;20,5;20,5;20,1;20,1;20,2;20,2;20,2;20,2;20,2;20,5;20,1;20,1;20;19,9;20,2;20,4;20;20,5;20,4;20,5;20,1;20,1;19,6;19,8;20,5;20,9;20,8;20,1;20,1;19,9;19,9;20,1;20,2;20;20,2;20;20,2;20;20,4;19,8;19,9;20,6;20,1;20,7;20,1;20,1;20,6;20;20,4;20,1;20,2;20,1;20,6;20,1;20,6;20,1;20,1;19,9;20,2;19,8;20;20,2;20,2;20,4;20;20,1;20,4;20,1;20,2;19,9;20,4;20,2;20,4;20,1;20,5;20,2;20,2;19,9;19,8;20,4;20,4;19,9;20,2;20,1;20,4;19,8;19,9;20;19,9;20,1;20,1;20,1;19,5;19,9;20,2;20;19,9;20,4;20,5;19,8;19,9;20;20,5;20,8;20,2;20;20,4;20,4;20,1;19,9;20,4;20,2;20,1;20,2;20,5;20,4;20,2;20,2;20,7;20,6;20,5;20,2;20,5;20,5;20,5;20,6;20,7;20,5;20,1;20,2;20,2;20,1;20,2;20,5;20,5;20,4;20,5;20,7;20,5;20,4;20,5;20,6;20,4;20,4;20,6;20,7;20,5;20,5;20,6;20,8;20,5;20,5;20,6;20,1;20,4;20,5;20,9;21,1;20,4;20,6;20,6;20,7;20,6;20,5;20,1;20,5;20,6;20,7;20,4;20,2;20,5;20,5;21,2;20,7;20,4;20,7;20,5;20,7;20,1;20;20,2;19,9;20;20,8;20,4;20,7;20,4;20,7;20,1;20,1;20;20,1;20,4;20,7;20,4;20,5;20,2;20,4;20,4;19,9;20,7;20,2;20,4;20,2;21,1;20,5;20,4;20,8;20,5;20,1;20;20,4;19,8;20,9;20,5;20,4;20,5;20,5;20,5;21,1;20,4;20,6;20,6;20,6;20,4;20,2;20,4;20,4;20,5;20,5;20,7;20,7;20,4;20,4;20,5;20,6;20,5;20,2;20,2;20,4;20,6;20,6;20,6;20,8;20,7;20,4;20,5;20,2;20,4;20,2;20,4;20,6;20,4;20,2;20,4;20,4;20,6;20,6;20,5;20,6;20,5;20,5;20,5;20,5;20,6;20,4;20;20,2;20,4;20,4;20,5;20,2;20,5;20,4;19,9;20;20,4;20,1;20,6;20,6;20,6;20,6;20,2;20,2;20,9;20,5;20,7;20,7;19,8;21,1;20,7;20,6;20,6;20,8;20,9;20,7;20,1;20,2;20,5;20,7;20;20;20,5;20;20,2;20,6;20,6;20,1;20,6;20,6;20,1;20;20,2;20,2;20;20,2;19,9;20,1;20;19,5;20,2;19,9;20,1;20,4;20,4;20,1;19,4;20,1;20,1;20,6;20,1;20;20;20;20,2;20,2;20,2;20,1;20;20,2;19,4;20;19,9;19,8;20,1;19,9;20,1;20,5;20,1;19,4;20;19,5;20,1;20;20,1;20,1;20,6;20,4;19,9;19,9;20,1;19,9;19,8;20,1;20,2;19,9;19,5;20;20,1;19,9;19,8;19,9;20;20,1;19,8;19,8;20,1;19,9;20,1;20,1;20;19,9;19,9;19,9;19,8;19,6;19,9;19,9;19,8;19,8;19,8;20;19,5;20;20,2;19,9;19,8;19,6;19,6;19,6;19,8;19,6;19,6;20;20,1;19,8;20,1;19,9;19,6;19,5;19,4;20;19,8;19,3;19,6;20,4;19,9;19,9;20,2;20;20,2;20,2;19,6;20,1;19,5;19,6;20,2;19,6;19,5;19,6;19,8;19,9;19,8;19,9;19,8;19,9;19,9;20;20,4;20,2;19,9;20;19,8;19,6;19,8;20,1;19,5;19,3;19,8;19,5;19,8;19,9;20,1;20,4;19,3;19,4;19,6;19,9;20,4;19,8;19,6;19,9;20,1;19,8;19,5;19,9;20;19,9;19,9;19,9;20,1;20,1;19,8;19,9;19,4;19,9;19,4;20,1;19,8;20;20,4;20;20;19,9;19,3;19,9;19,6;19,9;20;19,4;19,4;19,2;19,4;19,8;19,5;19,8;19,9;19,6;19,4;19,4;19,9;19,5;20,2;19,6;20;19,3;20;19,5;20,2;19,6;19,6;19,920,5;20,7;20,5;20,2;20,6;20,6;20,7;20,9;21,1;20,7;20,8;21,2;20,8;20,7;20,9;20,9;21,2;21,1;20,7;20,8;20,8;20,2;20,2;20,8;20,6;20,8;20,5;20,9;20,1;20,7;20,9;20,8;20,8;20,1;20,6;20,9;21,2;20,7;20,7;21,1;20,7;20,4;20,6;20,8;20,7;20,8;20,8;20,6;20,4;20,5;20,8;20,5;21,1;21,2;20,5;20,6;20,8;20,7;20,4;21,2;20,2;20,6;20,9;20,9;20,5;20,8;20,8;20,9;21,2;21,1;20,6;20,5;20,6;20,7;20,7;20,8;20,7;20,8;20,9;21,1;21,4;20,7;20,9;20,6;20,7;20,6;20,5;20,8;20,7;20,8;20,8;21,1;20,7;20,7;20,8;20,7;20;20,4;20,6;21,1;20,2;20,5;20,8;20,8;20,2;20,4;20,5;20,6;20,6;20,5;20,1;20;20,6;20,6;20,4;20,1;20,5;20,5;20,5;20,4;20,1;20,4;20,5;20,2;20,5;20,6;20,4;20,2;20,2;20,4;20,5;20,1;20;20,4;20,4;20,2;20,1;20,1;20,1;20;20,1;20,5;20,5;19,8;19,4;19,9;19,9;20,2;20,4;20;20,4;20,5;20,2;20,4;20,2;20,1;19,9;20;20,5;20,4;20;20;19,8;20,4;20;20;20;20,5;20,1;20;20,4;19,9;20;20;20,5;20,2;20,4;20,1;20,2;20,4;20,1;20,4;20,7;20,5;20,2;19,4;20,4;19,8;19,8;20,2;20,5;20,2;19,9;19,8;19,9;19,8;20,1;19,9;19,9;20,2;20,1;20,2;19,9;20,1;20,2;20,2;19,8;20,2;19,9;19,9;19,9;20,1;20,5;19,8;19,8;20,1;20,2;20;20;19,9;20,1;20,2;19,9;19,5;20,2;19,6;20;19,8;20,2;20,2;19,6;20;19,9;20,1;19,8;20,5;20,7;20,1;19,8;19,5;19,8;19,6;20;19,8;20;19,9;20,7;20,2;20,2;20,2;20,5;20,5;20,1;19,6;19,8;20;20,2;20,2;20,2;20,4;20,5;20,1;20,1;20,4;20,6;20,4;20;20,5;20,7;20,2;20,2;20,1;20,2;20,1;20,4;20,6;20,7;20,7;20,6;20,4;20,5;20,5;20,2;20,2;20,2;20;19,9;20,1;20,5;20,4;19,8;20,4;20,5;20,2;20,5;20,7;20,5;20,4;20,5;20,5;20,5;20,2;20,6;20,5;20,1;20,4;20,5;19,8;20;20,5;20;20,5;20,2;20,4;20,1;20,5;20;20,9;20,1;20,2;20;20,5;20,1;20,4;20,2;20,6;20,5;20,1;20,7;20,4;20,8;20,1;20,4;20,5;20,4;20,7;20,1;20;20,1;20;20;19,9;20,5;20,7;20,1;20,2;20,4;20;20,2;20,4;20,5;20,5;20,1;20,2;20,1;20;20,5;20,5;20,5;20,4;20,2;20,6;20,6;20,4;20,4;20,6;20,5;20;19,9;19,9;19,6;19,9;20,4;20,4;20,4;20,4;20,1;20;20,2;20,1;20,2;20,6;20,6;20;19,9;20,1;20,2;20,5;20,5;20;20,2;20,1;20,1;20,4;20,2;20,5;20,2;20,1;20,4;19,9;20,2;19,8;20,1;20,4;20,6;20,2;20,7;19,9;20;20,4;20,4;20;19,9;19,8;20;20,2;20,4;20,2;20,4;20,1;20,6;20,4;20,6;19,9;20,2;20,1;20,6;20,4;20,1;19,9;20,5;20,1;20;19,9;20,4;20;20,1;20;20,1;20,1;20,5;20;20;19,9;19,8;20,2;20;20;20,1;19,4;20;20,4;19,9;20,4;19,5;20;19,6;20,6;20,2;19,9;20,2;20,2;20,1;19,8;19,9;20,4;20,1;20,2;19,6;19,6;19,5;19,9;19,8;20;20,2;19,9;19,3;20,1;20,1;20,5;20,4;20,2;19,9;19,5;20,2;20,2;19,8;19,6;20,4;20,2;20,1;20,1;20,9;20,4;19,6;19,4;19,9;19,9;19,8;20,1;20,4;20,2;20,2;20;20;20;20,4;20,2;20;19,8;19,8;20,1;20,1;19,6;20;20;19,8;19,8;19,8;20;19,9;20,2;20,6;20,5;20,1;20,2;20,2;20,1;19,6;20;20,1;20,2;19,4;19,5;20,2;20,1;20;19,5;20;19,3;20,2;19;20,1;20,2;19,8;20,8;19,8;20;19,8;19,4;19,4;20,4;20;19,9;20,2;19,6;19,6;20,1;19,8;20,4;19,8;19,8;19,9;20,1;19,9;19,9;20,2;20,1;20,1;20,1;19,9;19,8;19,5;20;19,4;19,6;19,3;19,8;20,1;19,9;19,9;19,4;19,5;19,3;19,8;19,5;19,6;19,5;19,2;19,4;19,4;19,5;19,9;19,8;19,8;19,8;19,8;19,8;20,1;20;19,6;19,8;19,4;19,8;19,5;20,2;19,9;19,8;20,1;20,4;20;19,8;19,9;19,9;19,9;19,5;20,1;19,8;19,6;20,1;20,1;19,9;20,2;20,4;20,1;20,1;19,9;20;20;19,4;19,6;19,8;19,6;19,6;20,1;19,8;20,5;19,6;19,6;19,820,5;20,5;20,6;20,6;20,7;20,5;20,8;21,5;20,5;21,2;20,4;20,8;20,8;20,5;20,7;20,5;20,2;20,5;20,8;20,4;20;20,5;20,6;20,6;20,6;20,7;20,2;20,5;20,4;20,5;20,5;20,7;20,7;20,4;20,6;21,2;21,1;20,5;20,7;21,1;21,1;20,7;20,6;20,7;20,7;20,6;20,8;20,8;20,7;20,8;21,1;21,2;20,7;20,6;20,5;20,2;20,9;20,6;20,9;20,9;20,9;20,9;20,6;21,1;20,6;20,8;20,8;20,9;21,1;20,7;20,7;20,5;20,6;20,7;20,7;20,7;20,6;20,8;20,9;20,9;20,8;20,6;21,1;20,8;21,1;20,9;20,7;20,2;20,7;20,4;20,4;21,6;20,5;20,7;20,4;20,1;20,6;20,8;20,5;21,5;20,1;19,5;20,2;20,6;20,2;20,6;20,6;20,8;20,6;20,8;20,6;20;20,1;20,4;20,4;20,4;20,6;20,1;20;20,1;20,1;20,2;20,4;20,2;20,4;20,7;20,4;20,2;20,1;20,1;20,6;20,4;20,1;20,1;20;20,2;19,9;20,1;20,4;20,7;20,6;20,2;20,4;20,4;20,5;20,5;20,4;20,6;20,7;20;20;20,1;20,2;20;20,5;20,5;20,1;20,7;20,4;20,4;20,2;20,5;19,9;20;20,5;20;19,9;20,4;20,2;19,8;20,8;20,6;20,7;20;20,4;20,4;20,4;19,9;20,6;20,6;20;20,4;20,6;20,7;20,5;19,9;20,9;20,1;19,8;20,4;20,2;19,9;20;19,8;19,8;20,1;20,1;20;19,6;20,5;20,1;20,4;20,1;20,2;20,1;20,1;19,9;20;20,1;20,4;19,9;20,1;20,1;19,9;19,8;20,1;20,6;20,4;19,4;20;19,8;20,2;19,8;19,8;19,9;19,9;19,9;19,9;19,6;19,6;19,8;20,5;20,2;20,2;19,8;20,1;19,9;19,5;19,6;20;20,4;20,5;20,4;19,8;19,8;20;20,2;20,2;20,5;20,5;20,7;20,5;20,1;19,9;20,4;20,2;19,9;19,9;20,2;20,5;20,6;20,8;20,5;20;20,5;20,2;19,8;19,8;20,1;20,1;20,4;20,1;20,1;20,4;20,4;20,2;20,1;19,9;20,2;20;19,6;20,1;20,6;20,4;20,2;20,2;20,2;20,5;20;20,2;20,1;20;20,2;20,6;20,5;20,4;20,1;20,4;20,5;20,9;20;19,9;20,4;20,7;20;20,4;20,2;20;20,2;20,1;19,9;20,2;20,2;20,1;20,7;20,5;20;20,8;20,2;20,2;20,4;20,6;20,1;20;20,2;20,7;20,2;20,4;20,1;19,5;20,6;19,9;20,8;20,8;20,5;20,2;20,4;20,4;20,2;20,6;20,2;19,9;20,1;20,5;20;20,2;20,5;20,1;20,1;20,4;20,5;20,9;20,1;20,1;20,1;20,2;20,4;20,5;20,7;20,4;20,6;20,5;20,1;20,2;20,5;20,1;20,1;20,1;19,8;19,9;20,1;20,4;20,4;20,2;20,2;20,2;20,1;20;20,2;20,7;20,5;20,1;20,4;20,2;20;20,6;20,7;20,7;20,1;20;20;20,1;20,6;19,9;19,8;19,9;19,9;20,2;20,4;20,4;20,8;20,4;20;20,1;20,1;20,1;20,8;20;20;20,4;20,4;20,1;20,5;20,4;20,5;20,2;19,8;20,5;20;19,9;20;20,4;20,5;19,6;20,2;19,9;20,6;20,2;20,4;20,2;20,5;20,2;20;20;20,4;20;20,2;19,8;20,1;19,9;20,2;19,9;20,1;20;20,2;20,4;20,1;20,2;20,2;19,8;20,2;20,4;19,3;20,1;20;19,8;19,9;20,4;20,2;19,9;20,2;20,4;19,8;19,8;20,2;20,2;20,7;20;20,1;20,1;19,8;20,6;20,1;20,6;20;19,6;20,4;19,8;19,4;20,1;20,2;19,8;20,1;20,1;20,5;20,1;19,8;20,2;20,5;20,8;20,7;20,4;20,1;20;19,9;19,8;19,6;19,8;20,5;19,8;19,9;20,4;20,1;20;20,2;20,1;20,1;19,9;19,9;19,9;20;20,1;20,2;19,9;19,8;19,8;19,9;20;20;20,1;20,1;20,4;19,8;19,4;20,1;20,5;20,2;20,1;19,5;19,8;19,8;19,6;19,9;19,9;20,1;20,4;20,2;18,6;19,3;19;19,9;19,8;19,5;20;19,5;19,3;20,5;19,8;20;19,5;19,4;19,2;20,2;20,1;20;19,4;19,6;20;19,6;20,2;19,9;19,8;20;20,4;20;19,8;20;20;19,9;19,9;20,4;20,2;19,8;20,1;19,5;19,5;19,9;19,4;19,6;19,9;20,4;20;20,4;19,5;19,5;20,2;20,1;20;19,6;19,6;19,4;20,1;20,2;19,4;19,4;19,8;19,8;20;20,2;20;20;19,8;19,8;19,8;19,8;20,1;19,8;19,8;19,9;19,9;19,8;19,8;20;19,6;20;19,6;20,1;19,5;19,2;19,6;19,6;20;19,6;19,9;20,2;19,2;19,6;19,4;19,5;19,5;19,9;20,1;19,8;19,2;19,3;19,5;20;19,4;19,9;19,520,6;20,6;20,9;20,6;21,2;20,6;20,9;20,5;20,2;20,7;20,9;20,9;20,6;20,4;21,1;21,1;21,1;20,9;20,6;20,6;21,1;21,1;20,7;20,8;20,7;20,9;20;20,9;20,5;20,7;20,9;20,7;20,7;20,1;20,8;20,8;21,2;20,6;20,2;20,2;20,7;20,6;20,4;20,7;20,8;20,7;20,6;20,4;20,8;20,6;20,9;20,7;20,7;20,7;19,9;20,8;20,6;21,1;20,6;20,9;20,7;20,7;20,6;20,9;20,2;20,6;20,7;20,7;20,8;20,6;20,8;20,7;20,8;20,9;20,8;20,7;20,8;20,9;20,9;20,8;21,1;20,9;21,1;20,8;20,8;20,7;20,5;20,4;20,9;21,1;21,4;21,2;20,7;20,6;20,8;20,8;21,2;20,9;20,8;20,9;20,4;20,7;20,6;20,5;20,6;21,2;20,9;20,8;20,6;20,7;20,8;20,7;20,8;20,5;20,6;20,5;20,6;20,4;20,2;20,5;20,6;20,5;20,5;20,4;20,1;20,4;20,5;20,2;20,1;20,1;20,4;20,2;20,2;20;20;20,1;20,4;20,6;20;20,2;19,8;19,9;20,1;20,2;19,9;20,1;20,1;20,2;20;20,4;20;19,9;20,1;20,6;20,5;20,5;20,4;20,5;19,9;20,4;21,1;19,6;20,1;19,6;20;19,4;20,1;20,1;19,9;20;20,2;20,1;20,6;20,4;20;20,2;20,5;20,1;20,2;20,4;19,8;20,1;20,4;20,5;20,4;20,1;20,7;20,2;20,2;20,1;19,9;20,1;20;19,9;20,4;20,1;20,1;20,2;20;20,2;20,6;20,4;20,4;20,1;20;20,2;19,9;20;20,4;20;19,6;20,1;20,4;20;19,9;20,1;20,4;20,6;19,9;20,1;19,3;19,6;19,9;20,4;19,8;20,4;20,5;20,1;19,5;19,8;20,5;20,4;20,2;20,1;20,5;20,5;20,5;20;20,1;20,4;20,1;19,9;20,2;20,1;19,8;20,5;20,8;20,4;20,4;20,4;20,5;20,2;19,9;20;19,9;20,1;20,6;20,5;20,5;20,4;20,2;20,5;20,2;20,4;20,4;20;20;20,4;20,6;20,4;20,2;20,1;20,6;20,5;20,2;20,5;20,6;20,6;20,6;20,2;20,2;20;20,2;20,6;20,6;20,6;20,7;20,5;20,5;20,1;20,2;20,6;20,4;20,6;20,1;20,1;20,1;20,4;20,1;20,6;20,2;20,5;20,2;20,5;20,1;20,8;20,1;20,4;20,6;20,4;20,1;20,6;20,6;20,2;20,6;20,5;20,1;20,4;19,9;20,6;20,6;20,7;20,1;20,4;20;20,2;20,5;20,2;19,9;19,6;20,2;20,2;20,2;20,6;20,6;20,1;20,4;20,8;20,1;20,5;20,2;20;20,1;20,5;20,1;20,1;20,2;20,4;20,2;20,6;20,4;20,6;20,4;20,4;20,6;20,4;20;20,6;20,8;20,6;20,5;20,7;20,5;20,1;20,4;20,4;20,6;20,5;20;19,8;20,1;20,1;20,2;20,2;20,4;20,6;20,8;20,4;19,8;19,9;20,2;20,4;20,5;20,6;20,2;20,5;20,5;20,4;20,2;20,1;20,5;20,6;20,4;19,9;20,5;20,2;20,5;20,1;20,5;20,4;19,9;20,1;20,1;20,2;20,1;20,4;20,5;20,1;20;20;19,4;19,8;20,4;20,4;20,6;20,8;19,8;20;19,9;20,1;20,5;20,1;20,9;20;20,1;20;19,8;20,4;20,4;20,1;19,8;19,9;20,1;20,1;20,2;20,2;20,5;19,9;20,2;19,9;20,1;19,9;20,1;20,2;20,5;20,2;19,9;20;20,1;20,4;20,8;20,2;19,8;20;20;20;20,5;20,4;20,4;20,2;19,8;20,4;20,1;20,2;20,1;20,1;20,6;20;20,4;20,1;19,8;20,6;20;20,6;20,2;19,5;19,9;19,4;19,8;19,5;20,5;19,6;19,2;19,8;19,9;19,9;20,4;19,9;19,9;19,9;20,2;19,5;20,2;20,2;20,7;20,2;20,4;19,8;19,6;20,5;20,5;19,9;19,8;19,8;20,2;20,4;20,2;19,8;19,9;20,1;20,2;20;20,1;20;19,8;20;20,2;20,2;20,2;20,2;20;20,1;19,8;19,6;20,2;20,4;20,2;20,1;19,8;20;20,1;19,8;20,4;20,7;20,2;20,1;19,9;20;20,5;19,8;20,2;20;19,5;20;19,8;19,9;20,8;19,4;20,1;20;19,9;20;20,1;20,6;20,6;19,5;19,5;19,6;19,9;20,1;19,9;19,9;19,9;20;20;20,1;20;19,8;19,8;19,9;19,9;19,9;19,8;19,8;19,6;19,4;19,9;19,9;20,1;19,6;20,5;19,5;19,6;19,6;19,3;20,1;19,4;19,4;20,1;20;19,8;19,8;19,8;19,8;19,5;19,8;20,1;20,1;19,8;19,5;19,8;19,6;19,6;19,6;19,9;19,5;19,6;19,6;19,8;19,6;20,1;19,9;19,8;19,3;19,9;20;20;19,3;19,8;19,8;19,4;19,6;19,8;20;20,1;19,8;19,5;19,8;20;20;19,5;19,8;19,8;19,3;19,6;19,8;20;19,4;19,8;19,920,8;20,6;21,1;20,2;20,6;20,1;20,8;20,7;20,1;20,2;21,1;21,1;20,8;20,6;20,8;20,7;20,4;20,2;20,7;20,8;20,4;20,5;20,5;20,5;20,7;20,6;20,2;20,5;20,4;20,7;20,9;20,7;20,8;20;21,2;20,5;21,1;20,7;20,6;20,6;20,8;20,7;20,4;20,6;20,8;20,5;20,7;20,6;21,1;21,1;20,6;20,5;20,6;21,1;20,8;20,8;20,5;20,7;21,6;20,5;20,7;20,9;20,9;20,2;20,4;21,1;20,8;20,9;21,2;20,8;20,8;20,7;20,6;20,6;20,6;20,7;20,9;20,9;20,7;20,8;21,4;21,2;21,1;20,6;20,5;20,8;20,8;20,7;20,6;20,6;21,1;20,5;20;20,2;20,7;20,4;20;20,8;20,5;21,1;20,7;20,9;20,7;20;20,9;20,4;21,1;21,2;20,6;20,5;20,6;20,5;20,8;20,7;20,7;20,4;20,6;20,4;20,4;20,5;20,5;20,5;20,5;20,5;20,4;20,5;20,6;20,5;20,2;20,2;20,2;20,2;20,4;20,2;20,1;20,2;20,5;20,7;20,7;20,4;20,1;20,1;20,4;20,6;20,5;20,7;20,5;20,2;19,9;20,4;20,6;20,1;20,6;20,4;20,5;20,6;20,4;20,4;19,8;20,8;20,2;20,4;20,1;20,1;20,1;20;20,6;20,7;20,4;20,9;20,4;19,9;20,6;20,7;20,2;20,6;20,5;20,5;20,5;20,1;20;20;20,6;20,6;20,4;20,1;20,1;20;20,5;20,1;19,9;20,6;20,1;20,1;20,1;20;20,1;20,2;20,5;20,1;20,2;19,9;19,9;19,9;20,4;20,7;20,1;20,1;20;19,8;19,8;19,9;20;19,9;20;19,9;20,1;20,6;20,1;19,9;19,6;20,5;20,6;20;20;19,8;19,9;20;19,9;20,1;20,1;19,8;20,1;19,9;19,5;19,6;20,6;20,1;20;19,9;20,2;20,1;20,4;19,8;19,9;20,5;20,4;20,5;20,2;20,6;20;20,1;20;19,9;20,1;20;20,4;20,5;20,2;20,4;20,5;20,6;20,5;20,2;20;20;20,1;20,1;20,1;20,1;20,2;20,1;20,4;20,4;20,2;20,2;20,2;20,5;20,4;20,2;20,2;20,4;20,4;20,2;20,2;20,2;20,4;20,4;20,1;20,4;20,5;20,4;20;20,6;20,5;20,5;20,5;20,5;20,6;20,6;20,4;20;20,1;20,6;20,5;20,9;20,4;20,5;20,4;20;20,6;20,6;20,5;20,4;20,4;20,2;20,4;20,1;20,2;20,2;20,5;20,7;20,1;20,2;19,9;20,2;20,4;20,1;19,8;20,1;20,4;20,6;20;20,8;20,5;20,2;20,4;20,4;20;20,2;20,4;20,5;20,4;20,4;20,2;20;20,2;20,4;20,4;20,6;20,7;20,7;20,2;20,4;20,2;20,6;20,5;20,2;20,4;20;20,5;20,6;20,4;20,6;20,5;20,2;20,4;20,1;20,1;19,9;20,1;20,5;20,5;20,5;20,2;20,2;20,5;19,9;20;20,2;20;20,2;20,4;19,9;19,9;20,1;20,1;20,2;20,2;20,4;20;19,9;19,9;20;20;20;20,8;20,5;20,4;19,9;20;20,1;20;19,9;20,4;20,7;20,4;20;19,6;20,7;20,2;19,8;19,9;20,7;20,8;20;20;20,2;20,4;20,2;20,7;20,1;20,4;20,1;20,2;19,6;19,9;19,9;20,7;20;20,5;20,2;19,8;20,2;20,7;20,1;20,5;20,1;20,2;20,1;20,4;20;20,2;20,5;20,4;20,7;20,2;20;20,1;20,5;20,9;20,6;20,5;20;20,1;20,4;20,5;20,5;20,7;20,1;20;20,2;20,2;20,2;20,4;20,2;20,7;20;20,4;20,6;20,1;20,6;19,9;20,2;20,6;19,9;20,4;19,6;20,6;19,8;20,4;20,4;19,8;20,6;20,6;20,2;19,6;19,9;20,1;20,1;20,2;20,1;20,5;20,5;20,1;20,1;20,1;19,9;20,4;20,2;20,1;20,1;20,1;20,1;20,5;20,1;20,2;20,1;20,1;20,1;19,9;20,1;20,2;20;20;20,2;20,2;20,2;20,1;20,1;19,9;20,1;20,4;20;19,9;20,1;20,2;20;19,9;19,8;19,5;19,3;19,6;20;20,4;20;19,9;19,4;20,1;19,6;19,6;19,9;20,4;20,2;19,6;19,9;20,1;20,1;20,4;19,4;19;20;20;20,1;20,1;19,8;19,5;19,4;19,9;20,2;20;20;19,6;19,4;19,9;20,4;20,1;19,5;19,6;20,1;20;19,6;19,5;19,6;19,8;19,8;19,9;20;19,9;20;20,1;20,2;19,4;20,1;19,8;19,9;19,5;19,6;20,2;19,5;19,8;19,8;19,8;20,1;20;20,4;20,2;20;19,8;19,9;20,1;20,1;19,9;20;19,8;19,9;20;19,2;19,8;20;20,2;20;19,9;19,5;20;20,1;19,9;20;20,2;19,5;19,2;19,8;19,8;19,6;19,9;19,9;19,8;19,6;19,5;19,5;19,5;19,5;19,2;19,4;19,4;20;20;19,4;19,5;19,820,5;20,5;20,8;20,1;20,5;19,8;20,4;20,6;20,7;20,9;20,5;20,2;20,5;20,1;20,4;20,5;20,4;20,4;20,5;20,4;20,4;20,2;20,4;20,6;21,2;20,1;20,4;20,2;20,6;20,5;20,2;20,4;20,8;20,1;21,1;20,5;20,9;20,4;20,7;20,8;20,8;20,7;20,4;20,7;21,1;20,8;21,1;20,9;20,7;20,8;20,7;20,5;20,6;21,2;20,2;21,2;21,1;21,1;20,9;20,4;20,4;20,9;20,9;20,1;20,8;21,4;20,8;20,7;20,9;21,2;21,2;20,9;20,6;20,5;20,8;21,1;21,4;21,2;21,1;21,4;21,2;21,1;21,2;20,7;21,1;20,9;20,9;20,9;21,5;20,4;21,5;20,8;20,7;20,1;20,6;21,2;20,5;20,8;20,7;21,4;20,2;20,6;20,9;20,7;20,2;20,4;20,6;21,1;20,8;20,6;20,6;20,5;20,6;20,4;20,5;20,4;20,5;20,4;20,1;20,1;20,2;20,2;20,4;20,6;20,7;20,6;20,2;20,2;20,2;20,1;20,1;20,1;20,1;20,2;20;20,2;20,5;20,1;20;20,1;20,1;20,1;20,2;20,1;19,6;20,2;20,2;20,6;20,6;20,8;20,2;20,4;20,4;20;20;20;20,4;19,9;20;20,4;19,9;20,1;20,5;20,4;20,4;20,5;20,7;20,4;20,4;20,5;20,5;20,2;20,5;20,1;20,1;20,5;20,2;20,1;20,2;20,5;20,4;20,1;20,5;20,4;20,2;20,2;20,2;19,6;20,4;20,5;20,2;20,4;20,1;20,5;20;20,4;19,9;20,5;20,7;19,9;20;19,8;20;20;20,4;20,6;20,2;20,7;20,4;19,8;19,9;20,6;20;19,8;20,2;19,6;19,9;20,5;20,4;19,6;20;19,8;20,1;20,1;19,8;19,3;20,1;20,9;20,6;20,4;19,9;20,4;20,7;20,5;19,9;20,7;20,6;20,1;20,2;20,2;20,7;20,1;20,4;20;19,9;20;20,5;20,7;20,5;20,4;20,5;20,1;20,2;20,4;20,4;20,4;20,8;21,2;20,7;20,5;20,7;20,7;20,8;20,6;20,5;20,7;20,7;20,8;20,8;20,6;20,4;20,6;21,1;20,7;20,7;20,9;20,2;20,2;20,4;20,7;21,1;20,9;20,7;21,1;21,2;20,8;20,9;20,7;20,7;20,8;20,7;20,6;20,7;20,8;20,8;20,6;20,5;21,1;20,7;20,5;20,2;20,7;20,4;20,7;20,5;20,8;20,2;20,5;20,5;20,5;20,8;20,8;20,9;20,4;20,7;20,7;20,5;20,8;20,8;20,5;20,6;20,7;20,2;20,7;20,2;20,6;20,6;20,5;20,4;20,8;20,5;20,4;20,4;20,8;20,5;20,7;20,7;20,1;20,4;20,6;20,5;20,8;20,4;20,7;20,8;20,5;20,6;20,6;20,6;20,7;20,6;20,8;20,6;20,7;20,7;21,1;20,4;20,8;20,7;20,6;20,6;20,7;20,9;20,9;21,1;20,8;20,5;20,5;20,7;21,2;20,9;20,5;20,7;20,5;20,2;20,4;20,7;20,6;20,8;20,6;20,4;20,5;20,1;20,5;20,4;20,1;20,2;20,7;20,5;20,4;20,7;20,5;20,9;20,5;20,2;20,6;20,6;20,4;20,6;20,1;20,2;20,6;20,6;20,1;20,2;20,4;20,6;20,6;20,4;20,2;20,9;20,6;19,9;20,2;20;21,4;20,1;20,5;20,1;20,7;20;20,6;20,9;20,1;20,4;20,7;20,2;20,1;20,6;20,6;20,1;20,4;20,1;20;20,1;20,6;19,9;20,1;20,5;20,4;20,6;20,4;20,6;20,5;20,5;20,7;20,7;20;20,2;20,1;20,4;20,6;20,2;20;20,2;20,1;19,9;20,2;20,2;19,9;20;20,4;20,5;20,1;20,1;20;20,5;20,1;20,2;20,2;20,1;20,5;20,2;20,7;20,2;19,9;20,4;19,6;20;20,2;19,4;20;19,6;20,1;20;20,1;19,3;19,8;19,9;19,9;20,2;19,9;20,6;19,9;20;19,8;20;20,4;19,9;20,1;20,4;19,8;20;19,5;19,8;20;20,2;20,1;20,2;20,1;19,9;19,6;20,2;20;20,1;20,2;20,1;19,9;19,9;20;20;20,1;20,6;20,1;19,9;20,1;20,1;19,8;20;20,2;19,9;19,8;19,9;19,8;20,2;20,2;20,2;20,2;20,1;19,2;20,1;20,5;19,5;20,1;19,6;20,1;19,8;19,8;19,3;19,4;20,6;20,5;19,8;19,4;19,3;19,8;19,9;19,6;19,8;20,1;20;19,9;19,9;19,8;19,9;20;20,1;20;19,9;20,1;20,2;19,9;19,9;19,9;19,9;19,9;20;20;20;19,9;20,2;19,6;19,5;20;19,6;19,9;19,6;20,1;19,4;19,8;19,5;19,5;19,9;19,6;20,2;20;19,5;19,9;20;19,9;20,2;20,2;20;19,9;19,9;20,1;20,5;19,3;19,8;19,9;19,8;19,9;19,6;19,6;20,1;20;19,6;20,1;19,8;19,2;19,3;19,6;19,6;20;19,9;19,4;19,6;20,1;20;19,6;19,3;19,8;18,8;19,2;19,9;19,4;20;19,5;20;2020,4;20,6;20,5;20,6;20,8;20,5;20,6;20,7;20,4;20,8;20,5;20,7;20,9;20,9;21,2;20,9;20,8;20,7;20,4;20,5;20,9;20,9;20,7;20,8;21,5;20,6;20,7;20,7;20,8;20,7;20,6;20,4;20,7;20,4;20,9;20,6;21,1;20,5;20,1;20,8;20,9;20,8;20,5;20,2;20,5;20,6;20,5;20,5;20,5;20,8;20,2;20;21,5;20,4;20;20,8;20,8;20,4;20,7;20;20,6;20,6;20,6;20;20,4;20,8;20,6;20,5;20,6;20,9;21,1;20,9;20,8;20,8;21,1;21,1;20,8;20,6;21,1;21,1;20,6;20,8;21,1;20,5;20,6;20,9;20,8;21,2;20;21,2;20,6;20,4;20,6;20,6;20,1;20,6;20,9;21,1;20,7;20,7;20,7;20,4;20,8;21,1;20,8;20,9;20,6;20,6;20,2;20,4;20,5;20,6;20,5;20,6;20,6;20,4;20,2;20,5;20,1;20,1;20,5;20,5;20,5;20,7;20,6;20,6;20,4;20,2;20,2;20,1;20,4;20,2;20;20,1;20,5;20,7;20;19,8;20,5;20,1;20;20,4;20,5;20,5;20,1;20,2;20,4;20,6;21,1;20,6;20,7;20,1;20,1;20,4;20,4;20,7;20,6;20,5;20,4;20,1;20,4;20,7;20,4;20,4;20,4;20,5;21,1;20,4;20,4;20,1;20,5;20,6;20,4;19,5;19,8;20,2;20,6;20;20,6;20,4;20,4;20,4;20,4;20;20,4;20,4;20,5;20;20,5;20,4;20,4;20,5;20,4;20,2;20,4;20,2;20;20,1;20;19,8;20,2;19,8;20,2;20,5;20,1;20,4;20,5;20,8;20,5;20,4;20,4;20,6;20,2;20,1;20,2;20,1;20,2;20,4;20,4;20;19,5;19,8;19,5;20,1;20,4;20,1;20,1;20,5;19,8;20;20,2;20,5;20,8;20,4;20,1;20,2;20,4;20,2;20,7;20,8;20,6;20,6;20,5;20,4;20,6;20,5;20,8;20,6;20,7;20,1;20;20,6;20,5;20,6;20,4;20,5;21,1;21,1;20,6;20,1;20,1;20,6;20,8;20,9;20,8;20,7;20,8;20,8;20,6;21,1;21,5;21,2;20,7;20,5;20,5;20,8;21,4;21,5;21,2;20,8;20,9;21,1;20,9;20,9;20,8;20,8;20,7;20,9;21,4;21,2;21,2;21,5;21,4;20,8;20,9;21,2;21,1;21,2;21,2;21,2;20,7;21,4;20,5;20,8;21,2;21,1;21,1;20,6;21,1;20,8;20,9;20,8;20,8;20,9;20,7;21,1;20,8;21,1;20,6;20,6;20,8;20,8;20,5;20,8;20,7;20,8;20,8;21,1;20,7;20,5;20,7;20,6;21,1;21,1;20;20,9;20,5;20,6;20,8;21,2;20,8;20,8;20,4;20,6;20,5;20,6;21,2;20,8;20,6;20,7;20,4;20,7;20,9;20,9;20,8;20,8;20,4;20,6;20,4;20,7;20,9;20,7;20,7;20,8;21,1;21,1;20,7;20,5;20,8;21,1;20,7;20,5;20,6;20,5;20,2;20,8;20,8;20,1;20,4;20,6;20,2;19,8;20,4;20,9;20,5;20,4;20,4;20,1;20,4;20,5;20,2;20,5;20,9;20,5;20,2;20,6;20,6;20,5;20,7;20,6;20,8;20,6;20,4;20,7;20,1;20,4;20,5;20;20;20,8;20;19,6;20,1;20;20,4;20,4;20,8;20,7;20,2;20,6;19,6;20,7;20,7;20;20,5;20,4;20,2;20,5;19,4;20,4;20,2;19,8;20;20,2;20;20,1;20,1;20;19,9;20,1;20,6;20,2;20,7;19,9;20,2;20,4;20,5;19,8;19,8;19,9;20,2;20;20;20,2;20,1;20;20;20,2;20,1;19,8;20;20,5;20,4;20,4;19,9;19,9;20,1;19,9;20,4;19,9;20,1;20,4;20,1;20,2;20,7;20;19,6;19,6;20;20,6;20,1;20,5;20;19,5;20;20,1;20,2;19,9;20,2;20,4;20,9;20,2;20;19,6;20;20;19,8;19,9;20,2;19,9;19,6;19,8;20,5;20,2;20,2;19,9;20;20;20,1;20;20,1;20,1;20,1;20;20,1;20,4;20,5;20,1;19,9;19,9;19,6;19,9;20,4;20,4;20,1;20,4;20,1;19,9;19,8;20;20;19,6;19,5;19,5;20,1;20;20,2;19,5;20;20,2;19,6;20,2;19,9;19,5;19,8;20,1;20,6;20,5;19,9;19;19,9;20,7;19,9;19,8;19,4;19,9;20,2;20,1;20;20,1;19,8;19,3;19,5;20;19,9;19,6;20;20,4;20,1;19,9;20;19,9;19,9;19,9;19,5;19,4;20;20,2;19,8;19,5;20;19,4;19,2;19,2;19,8;19,4;19,3;19,4;19,2;19,4;19;19,5;20,2;20;19,9;20;19,8;19,6;19,5;19,3;19,4;19,6;19,4;19,4;19,9;19,9;20,1;19,9;19,9;19,6;20,1;19,5;19,8;19,6;19,9;20,4;19,4;20;19,3;19,6;20;20,2;20;20,2;20,2;19,6;19,4;20;20,1;20,1;20;19,9;19,8;19,2;19,3;19,9;20,2;19,6;19,9;19,919,9;20,6;20,2;20,7;20,2;20,8;20,6;20,6;20,1;20,2;20,4;20,7;20,7;20,6;20,2;20,4;20,7;20,5;20,5;20,8;20,7;20,6;20,6;21,1;21,2;20,8;20,9;20,8;20,9;20,9;21,1;20,6;20,7;20,5;21,1;20,5;20,8;21,2;20,8;20,5;20,6;20,9;21,1;20,7;20,6;21,1;21,4;20,9;20,8;20,9;20,2;20,8;21,1;21,2;21,1;20,6;20,7;20,8;20,7;20,7;20,5;20,7;20,8;20,7;20,6;20,8;20,7;20,7;20,9;20,8;20,8;20,8;20,8;20,8;20,8;20,6;20,1;20,4;20,8;20,7;20,7;20,9;20,6;20;20,4;20,5;20,2;21,2;20,6;20,4;21,1;20,7;20,4;20,8;20,2;20,4;20,4;20,4;21,1;20,8;20,4;20,8;20,9;20,9;20,7;20,7;20,4;20,5;20,2;20,2;20,5;20,6;20,5;20,5;20,5;20,2;20,2;20,4;20,1;20,1;20,2;20,2;20,1;20;20;20,4;20,5;20,2;20,2;20,2;20,2;20,1;20,4;20,6;20,7;20,8;20,5;20,4;19,9;20,2;19,6;19,8;20,5;20,6;20;20,2;20,4;20,1;19,8;20,4;20,6;20,8;21,2;20,7;20;20,6;20,1;19,9;20,4;20;20,2;20,5;19,8;20;20,7;20,5;20,5;20,4;20;20,4;20,4;19,9;20,8;20;20,1;20,6;20,5;20,2;20,8;20,1;20,2;20,2;20,7;20;20,5;20,2;20,6;20,4;20,6;20,5;20,1;20,7;20,5;19,9;19,9;20,4;20,1;19,9;20,2;20,2;20,7;20,8;20,9;21,5;21,2;21,5;21,5;21,8;21,6;21,6;21,4;20,7;21,1;20,6;21,2;21,2;20,6;21,8;21,6;20,9;20,6;20,9;20,6;20,9;20,7;21,1;21,1;21,4;21,1;21,2;21,4;21,4;21,2;21,1;20,9;21,4;21,6;21,4;21,4;21,4;21,9;21,6;21,8;21,4;21,4;21,5;21,6;21,2;21,6;22,1;22;21,5;21,6;21,8;21,8;22;22,3;22,5;22,2;22;21,9;22;22,1;22,1;21,8;21,9;22,1;22,3;22,6;22,1;21,6;22;22,1;22;22,3;22,7;22,6;22,7;22,8;22,6;22,7;22,3;22,5;22,6;22,2;22,3;22,1;22,2;22,3;22,2;22,3;22,6;22;22;22,2;22,3;22,2;22,1;22,2;22,1;21,8;22;21,8;22;22,6;21,9;22,1;22,1;22;21,6;21,9;21,5;21,4;21,9;21,8;22;21,8;22;21,6;21,5;21,8;22;21,8;21,8;21,5;21,6;21,6;21,6;21,4;21,5;21,6;21,4;22,1;21,9;20,8;22,1;21,1;22,3;21,9;21,6;21,6;21,4;20,9;20,9;21,5;21,5;21,6;21,5;21,2;21,4;21,6;21,6;21,6;21,5;21,4;21,4;21,4;21,6;21,6;21,8;21,8;22;21,5;21,5;21,5;21,6;21,8;21,9;21,6;21,4;21,4;20,9;20,9;21,5;21,6;21,4;21,2;20,9;21,1;21,6;21,6;21,5;21,2;20,7;21,1;21,2;21,4;21,1;20,7;20,8;21,2;20,8;21,1;20,7;21,1;20,7;20,5;20,8;20,9;20,8;20,9;20,4;21,1;20,9;20,9;20,8;20,9;20,8;20,5;20,6;20,7;20,2;20,9;20,1;21,2;21,1;20,7;20,8;20,4;20,8;20,8;20,5;20,4;20,6;20;20,7;20,6;20,2;20;20,4;20,2;20,2;20,5;20,6;20,6;20,4;20,5;20,1;19,9;20,2;20,6;20,2;20,8;20,4;20;20,6;20,4;20,4;20,1;20,1;20,7;20,4;20,5;20,5;20,1;20;20,8;20,2;20,2;20;20;20,5;20,1;20,2;20,1;20,5;20,2;20,1;20;20,1;20,4;20,1;20,1;20,4;20,4;20,2;19,8;19,9;19,9;20,2;20,1;20,2;19,9;19,8;20,4;19,9;20,1;19,4;20,5;20,2;19,6;20,5;20,8;20,4;20,2;19,8;20;20;20,7;20,5;20,5;20,2;20,5;20,4;20,5;20,1;20,5;20,1;20,5;20,2;20;20,4;20;19,9;20,1;20,2;20,6;20,2;20;19,8;19,4;19,8;20,4;20,2;20;20,2;20,1;20;20,1;20;20;19,9;19,8;19,9;19,8;19,6;20;19,5;19,4;19,6;19,6;19,9;19,6;20,5;19,5;19,4;19,9;19,6;19,5;19,4;19,3;20,1;19,8;19,4;19,5;19;19,4;19,3;19,4;19,8;19,8;19,9;19,6;19,8;19,9;19,6;19,6;20,2;20,1;19,9;19,8;19,8;19,9;19,8;19,6;19,8;19,6;20;19,6;19,4;20,1;19,5;20,1;19,9;20;19,8;19,9;19,6;20;21,1;19,6;20,1;19,6;19,4;19,4;19,6;19,5;20,4;20,8;20,4;19,8;19,6;19,6;19,8;20,2;20;20,2;20;19,9;19,8;20,2;19,3;20;19,9;19,9;19,9;19,6;20;19,6;19,9;20,1;19,9;20,1;20;19,5;19,8;19,9;19,6;19,4;19,6;20,2;20;20;20,1;19,8;19,8;20,4;19,2;19,3;19,520,2;20,4;20,5;20,7;20,5;20,2;20,4;20,4;20,6;20,5;20,8;20,9;20,5;20,4;20,4;20,4;20,5;20,4;20,2;20,9;20,9;20,6;20;21,1;20,6;20,7;20,7;20,5;20,7;21,1;20,7;20,4;20,6;20,2;20,8;20,2;20,1;20,6;20,9;20,7;20,7;20,8;20,4;20,7;20,9;20,4;20,2;20,5;19,9;21,2;20,2;20,7;20,8;20,6;20,6;20,7;20,9;20,8;20,9;20,7;20,7;21,1;21,4;20,9;20,8;21,1;20,8;20,9;21,1;20,9;20,8;20,8;20,8;20,8;20,8;20,6;20,7;21,1;21,4;21,2;21,4;20,9;21,5;21,1;21,1;20,9;20,8;20,9;20,7;20,1;20,7;21,8;20,8;20,5;20,8;20,4;21,2;20,8;20,8;21,2;20,9;20,7;20,9;20,8;20,6;20,5;20,7;21,1;20,8;20,5;20,6;20,5;20,8;20,5;20,4;20,4;20,5;20,6;20,2;20,1;20,1;20,1;20,2;20,1;20,1;20,2;20,4;20;20,2;20,2;20;20;20;19,9;20,4;20,6;20,4;20,4;19,8;20;19,9;19,4;20;20,6;19,9;20,2;20;19,6;20,1;20,4;20,4;20,6;20,1;20,1;19,5;20,1;20,2;19,6;19,9;20,5;20,1;20,4;19,5;20,2;20,5;19,9;19,9;20;19,9;20,1;20,5;19,8;20,5;19,9;20,2;20,7;20;19,9;20,2;19,9;20;19,8;20,7;20,2;20,5;19,8;20,2;20,2;20,5;20,5;20,1;20,8;20,1;19,6;19,8;20,1;20,1;20;20,6;20,6;21,8;22,2;22,5;22,9;22,8;23;23,1;23,1;23,4;23;22,1;22,8;23;22,7;22,9;22,6;22,6;23,1;22,3;23,1;22,7;22,5;22,9;22;22,7;23;23,1;23;22,8;23,4;23;23;22,7;22,9;23;23;23,3;22,8;23,1;22,8;23,3;23,4;23;23,1;22,9;23;23,1;23,5;23,6;23,3;23,5;23,6;23;23,5;23;23,7;23,8;23,5;23,5;23,3;23,3;23,3;23,7;23,7;23,6;23,9;24;23,9;24;24,3;24,3;24,4;24,7;24,4;24,3;24,4;24,4;24;24;24,3;24,5;24;24,4;24,3;23,8;24,3;24,3;24;24;24,3;24,5;24,3;23,9;24,3;23,9;24;24,5;23,9;24;23,5;23,1;23,5;23,3;24;23,4;23,1;23,3;23,4;23;23,1;23,6;23,3;23;23,1;23;23,3;22,8;23,3;23;23,4;23;23;22,9;23,3;22,6;22,7;22,9;22,7;22,9;22,8;23,1;22,6;23,1;23,1;22,9;23,1;22,6;23,3;22,7;22,6;22,9;22,5;22,2;22,3;22,8;23,1;22,9;22,8;22,8;22,8;22,8;22,7;22,7;22,8;22,5;22,7;22,7;22,8;22,6;22,7;22,7;22,8;22,9;22,9;22,9;23;23,4;23,4;23,1;23;23;22,9;22,8;22,7;22,6;22,7;22,9;22,5;22,3;22,5;22,7;22,5;22,1;22,1;22;22,2;22,2;21,9;21,6;21,5;22;22,2;22,2;22;21,9;21,2;21,5;21,9;21,4;21,5;21,5;22;21,9;22;21,8;20,8;21,2;21,2;21,1;21,2;21,6;20,9;20,9;21,4;21,1;21,4;21,2;21,4;20,2;20,7;21,2;20,2;21,1;20,7;21,2;21,2;21,6;20,1;20,6;20,5;20,9;20,8;20,8;20,4;20,8;20,5;20,8;20,5;21,5;20,9;20,8;20,7;20,5;21,2;20,4;21,2;20,8;20,5;20,5;20,6;21,2;21,4;20,6;20,7;20,4;20,1;20,8;20,5;20,1;20,4;19,9;20,6;19,9;19,6;20,2;20,2;20,1;20,7;20;20;20,2;19,9;19,9;20,2;20,2;20,2;19,5;19,9;19,8;20;20;20,5;20,1;19,4;20,6;19,8;19,5;19,8;19,9;19,9;20,6;19,8;20;20,1;20,1;19,5;20,4;19,6;19,6;19,9;19,8;19,5;20,5;20,4;19,5;20,1;20,1;20;19,8;19,9;19,8;20;20;19,8;20;19,9;20,2;19,9;20;20,1;19,9;20;20,5;20,1;20,1;20,4;20,1;20;20,2;20,2;19,8;19,8;20;20,2;20;20,1;20;19,9;20,4;19,8;20;19,5;19,9;20,6;19,8;19,9;19,9;19,9;19,4;19,5;20,2;19,8;19,4;19,5;19,9;20;19,9;19;20,4;20,1;20,1;20;19,8;19,8;19,8;19,9;20;20;20,1;20,1;20;20;20;19,8;19,9;19,9;19,6;19,9;20;19,5;19,9;19,6;20,2;19,9;19,4;19,6;19,2;19,9;19,8;19,6;20,1;19,3;19,4;20,1;20;20;19,8;20,1;20;19,8;20,1;20,1;20,1;20,2;19,8;19,6;20,1;19,6;20;19,4;20,1;19,5;19,4;19,9;20;19,3;19,8;20;19,5;20;20;19,9;19,8;19,5;19,8;19,6;19,5;19,5;19,8;19,8;19,5;20,1;19,8;19,8;19,6;19,4;19,5;19,2;19,8;19,520,8;20,7;20,6;20,2;19,9;21,4;20,4;20,7;20,9;20,7;20,6;20,6;20,5;20,4;20,4;20,4;20,6;20,6;20,5;20,7;21,1;20,9;19,9;21,2;20,7;20,8;20,6;20,6;20,6;20,9;20,5;20,4;20,5;20,2;20,6;20,4;20,5;20,6;20,1;20,2;20,7;20,7;20,7;20,7;20,5;20,7;20,9;20,5;20,6;20,4;20,6;20;21,2;20,4;20,4;20,8;20,9;20,7;20,6;20,6;20,5;20,9;20,9;20,7;20,6;20,9;21,1;20,8;20,7;20,7;20,6;20,5;20,9;21,1;21,2;21,1;20,8;20,7;21,4;21,1;20,7;20,6;20,6;20,8;20,7;19,8;20,9;20,9;21,1;20,8;20,8;21,2;20,5;20,2;20,7;20,5;20,6;20,5;20,8;20,8;20,8;20,6;20,9;20,8;20,8;20,7;20,9;20,8;20,7;20,6;20,5;20,5;20,7;20,5;20,4;20,5;20,7;20,6;20,4;20,4;20,4;20,4;20,5;20,7;20,2;20,4;20,5;20,1;20,2;20,5;20,6;20,5;20,1;20,2;20,5;20,5;20,5;20,2;20,5;20,5;20,4;20,7;20,4;20,2;20,5;20;20,1;20,5;20,7;20,7;20,5;19,4;20,1;19,6;20,5;20,5;20,5;20,1;20,1;20,5;20,9;20,7;20;20,7;20,1;19,8;20,6;20,1;20,5;20,2;20,7;20;20,4;20;20,2;20,5;20,1;19,9;20,2;20,1;20,2;19,4;20,4;20,1;20,5;20,1;20;19,9;20,1;20,5;20,2;20,2;20,6;19,9;20;20,2;20,1;20;21,2;22;23,4;23,7;24,3;24,6;24,6;24,3;24,6;24,4;25,1;24,6;24;24,5;24,7;23,8;24,3;24,6;24,4;24,6;24,4;24,3;23,7;24;24,6;24,3;24,3;24,7;24,5;24,6;24;24,5;24,5;24,6;24,6;24,5;25;25;24,7;24,3;24,4;24,8;25,1;25,2;25;25;24,6;24,4;24,8;25,2;25;25,1;24,5;24,5;24,6;24,7;24,8;25,1;25,1;25,1;25;24,8;25,1;25,2;25,3;25,3;25,2;25,4;25,8;25,3;25;25,6;26;26;26,1;25,7;25,5;25,6;25,6;25,5;25,8;26;25,8;25,6;25,8;25,8;25,5;25,5;25,7;25,8;25,8;25,7;25,7;25,7;25,5;25,6;25,6;25,8;25,7;25,3;25,4;25,1;24,8;25,1;24,7;25,4;24,7;25,1;24,6;24,3;24,8;24,8;24,4;25,1;24,4;24,8;24,6;24,8;23,9;24,6;24,8;24,7;24,6;24,6;24,3;24,3;24,3;24,4;24,4;24,6;24,5;23,9;24,8;23,9;24,4;24,7;24,4;24,4;24;23,9;23,8;23,7;24,3;24,4;23,9;23,9;24,4;24,4;24,4;24,3;23,9;24,5;24,4;24;24,3;24,3;24;24,5;24,3;24,4;24;23,9;24,6;24,5;24,3;24,3;24,7;25,1;25,1;24,7;24,7;24,7;24,8;24,8;24,6;24,3;24,4;24,4;24,6;24,6;24,3;23,8;23,5;23,4;23,8;23,7;23,5;23,4;23,4;23,7;23,5;23;22,7;23;23,5;23,1;23;22,8;22,8;22,8;22,3;22,5;22,5;22,5;22,8;22,3;22,1;21,9;22,1;22,1;22;22;22,1;21,6;22,1;21,6;21,5;22,5;22,1;21,1;21,2;22,1;22;21,9;22,1;21,6;21,8;21,2;21,5;21,6;21,2;21,2;21,4;21,1;21,9;21,2;21,6;21,2;21,6;21,4;21,8;22,2;21,6;21,4;20,9;21,6;21,4;21,8;21,8;21,1;20,9;21,4;21,9;21,9;21,2;21,4;21,1;20,4;20,8;20,8;20,7;20,6;19,9;20,2;20,1;19,6;20,4;20;20,6;20,7;20,1;19,8;20,5;20;19,9;20,1;20,5;20,4;20,2;19,5;20;19,8;19,9;20,5;20,5;20,4;20,6;20,2;19,5;20,9;20,5;20,6;20,2;20,8;20,5;20,6;19,4;20,2;20,7;20,4;20,5;19,8;20,4;20,2;20,4;20,2;20,5;20,5;20,6;20,4;20;20,4;20;20,2;20,5;19,8;19,5;19,6;20,4;20,1;20,1;20,2;20,1;20,1;20,2;20;20,2;20,4;20;19,9;19,9;19,9;19,9;19,9;19,9;20,2;19,9;20;20;19,6;20;20,5;20,2;19,4;19,8;19,5;19,8;20;20;19,8;19,9;19,4;19,8;20,4;20;18,8;20,1;19,8;19,3;19,6;18,8;19,9;19,5;19,9;19,8;19,9;19,6;19,4;19,8;19,8;19,6;20;20;19,9;19,9;19,9;19,6;19,6;20;20,1;20,1;19,6;19,5;19,9;19,5;19,5;19,9;19,8;18,9;19,9;19,9;20;19,3;19,4;20;19,6;20,1;19,2;19,4;19,9;19,8;19,9;19,8;19,3;19,3;19,5;19,4;19,4;20;19,6;19,8;19,5;20,1;19,4;19,4;19,6;20;19,8;19,8;19,6;19,3;20;19,5;19,8;20;20,2;20,2;19,4;19,3;19,6;19,3;19,6;20,1;20;19,4;19,4;19,3;19,4;19,8;19,8;19,5;20,220,2;20,6;20,5;20,1;20;20,4;19,9;20,2;20,1;20,6;20,7;20,5;20,5;20,7;20,8;20,9;20,9;20,7;21,1;20,9;20,6;20,4;20;21,1;20,7;20,9;20,6;20,9;20,8;20,5;20,5;20,5;20,4;20,4;20,7;20,7;20,7;20,9;20,9;20,8;20,8;20,6;20,4;20,4;20,5;20,5;20,8;20,5;20,7;20,4;20,2;20,4;20,9;20,6;20,6;20,9;20,6;20,9;20,4;20,7;20,6;21,1;20,8;20,6;20,5;20,7;21,1;20,7;20,5;20,6;20,4;20,6;21,1;20,9;21,1;20,7;20,5;20,4;20,6;21,4;20,7;20,8;20,6;20,9;20,7;19,9;20,4;20,5;20,7;20,5;21,6;20,7;20,1;20,7;20,7;20;20,5;20,9;20,5;20,6;20,4;20,5;20,7;20,8;20,8;20,7;20,8;20,7;20,4;20,4;20,5;20,5;20,4;20,2;20,4;20,2;20,5;20,5;20,2;20,4;20,2;20,2;20,5;20,7;20,2;20,1;20,6;20,5;20,4;20,1;20,1;20,2;20,4;20;19,9;20,4;20,2;20,5;20,4;20;20,1;20,6;20,2;20,7;20,1;20,4;19,8;20;19,9;19,5;19,4;20,6;20;20,6;20,5;20,5;20,1;20,2;19,8;20,4;20,5;20,6;19,8;20,4;20,2;20;20,6;20,4;20,7;20,4;20,7;20,1;20,5;20,4;20,2;20,1;20,1;20,4;20,2;20,4;20,5;19,6;20,2;19,9;20,6;20,1;20;20;20,2;20,2;20,5;20,4;20,8;20;20,1;20,6;20,6;21,2;22,7;23,9;24,7;25,1;25;25,5;25,1;25,4;25,2;25,5;25,6;24,8;25,7;25,7;26,2;25,1;25,5;25,4;25,6;26,3;25,2;25,1;24,7;25,4;25,2;25,4;26,1;25,6;25,3;25,7;25,3;25,8;25,7;25,8;26,1;25,7;25,2;25,6;25,7;25,6;25,7;25,8;25,5;25,8;26;25,7;25,8;25,6;25,6;26,2;25,6;25,7;25,4;25,5;26;26,4;25,8;25,7;25,8;26,1;26;25,6;25,8;26;26,1;26,1;26;26,2;26;26,2;26,3;26,4;26,5;26,3;26,1;26,5;26,6;26,5;26,5;26,7;26,7;26,8;27,1;26,6;26,7;26,7;27,1;27,1;26,7;26,7;26,8;26,8;26,6;26,6;26,3;26,5;26,6;26,6;26,5;26,3;25,7;26,2;25,6;26;25,7;26,2;25,8;26;25,6;25,5;25,6;25,5;25,1;25,8;25,5;26;25,8;25,7;25,1;25,5;25,8;26;25,5;26,1;25,4;24,7;25,7;25,6;25,3;25,8;25,5;25,2;25,7;25;25,5;25,6;25,4;25,6;25,4;25,5;25,2;25,3;25,3;25,7;25,1;25,3;25,3;25,6;25,4;25,3;25,4;25,7;25,7;25,7;25,7;25,5;25,8;26,1;26,1;26,1;25,7;25,3;25,6;26,1;26,3;26,1;25,8;26,1;26,3;26,4;26,4;26,4;26,7;26,5;26,5;26,7;26,6;26,3;26,3;26,3;26,1;26,2;25,8;26,2;25,8;25,8;26;25,6;25,4;25,2;25,4;25,4;25,3;25,5;25,3;24,6;25,2;25,3;25,2;25,1;25,3;25,1;25;24,6;24;23,8;23,9;23,7;24,4;24,5;23,7;24,5;24;23,1;23,3;23,6;24;24,4;23,7;23,5;23,6;22,6;23,5;23,7;23,1;22,9;23,1;22,8;22,8;22,9;23,3;22,9;23,1;22,8;22,7;22,1;22,3;22,6;23,4;22,8;22,7;22,9;22,9;22,5;22,6;23,1;22,8;22,7;23;22,6;22,7;22,8;22,9;22,7;22,5;22,7;21,9;21,6;22;20,8;21,6;20,8;20;20;20,2;20;19,9;19,9;20,6;20,2;19,9;20,1;20,5;19,9;20;19,9;20,7;20,4;20;19,4;20,4;20,2;20;20,6;19,8;20;20,2;20,4;20,2;20,2;20,5;20,2;20,1;20,1;20,2;19,9;19,9;19,9;20;19,6;20;20;19,9;20,2;20,4;20,4;20,7;20,2;19,8;19,5;19,5;19,9;19,9;20,1;20,1;19,6;19,6;19,8;19,6;19,8;20,1;19,8;20;20;20,1;19,9;20;20,1;19,9;19,8;19,5;19,5;20;20,4;20;20,1;20;19,9;19,9;19,6;19,8;20,2;19,8;19,6;20,1;20,4;20,2;19,6;20;19,6;20,1;19,5;19,8;18,9;20,4;19,2;20,2;19,6;19,5;19,4;19,4;20,7;18,9;18,9;19,9;19,8;19,8;19,9;19,8;19,8;19,8;19,8;19,8;19,5;19,5;19,8;19,8;19,6;19,9;20;20,1;19,9;19,6;19,8;19,8;19,6;20,4;19,6;19,4;19,9;19,9;19,5;20,5;20;19,8;19,5;20,1;20;19,8;19,9;19,6;19,8;19,8;20;19,9;19,8;19,9;20,2;20,2;19,8;19,8;19,9;19,9;19,2;19,5;19,6;19,9;19,9;19,5;19,9;19,5;19,8;19,6;19,9;19,9;19,9;19,6;19,6;19,8;19,9;20,2;20;19,6;19,6;19,9;19,3;19,6;19;19,9;19,3;19,2;19,320,5;20,7;20,9;20,4;20,5;19,9;20,9;21,1;20,8;20,5;20,5;20,4;20,2;20,5;20,5;20,4;20,8;20,7;21,1;20,9;20,5;20,4;20;20,8;20,7;20,7;20,4;20,8;20,8;20,2;20,2;20,5;20,2;20,4;20,6;20,1;20,4;20,6;20,4;20,5;20,6;20,6;20,7;21,1;20,7;20,5;20,8;20,8;20,8;20,7;20,7;20,8;21,1;20,9;20,6;21,5;20,7;20,9;20,2;20,7;20,7;21,5;20,7;20,2;20,5;20,7;20,8;20,9;20,9;20,7;20,6;21,1;21,4;21,2;20,8;20,6;20,8;20,5;20,5;20,7;20,9;20,5;20,7;20,1;20,8;20,8;21,4;21,2;21,2;20,7;20,4;20,6;20,5;20,5;20,8;20,5;20,4;20,6;20,4;20,6;20,7;20,6;20,7;20,9;20,9;20,9;20,9;20,9;20,7;20,6;20,8;20,8;20,5;20,4;20,5;20,2;20,4;20,7;20,5;20,4;20,4;20,2;20,1;20,4;20,1;20,6;20,8;20;20,4;20,2;20,1;20;20,2;19,9;19,8;20,2;19,8;19,6;20,1;20,5;20;20,1;20,5;19,5;20;19,4;20,2;19,9;20,4;20,1;20,8;20,1;20,1;19,9;20;19,5;20,2;20;20;20,1;20,2;20,7;20,1;19,9;20,1;19,9;20,2;20,5;20,5;20,4;20,1;20;20,2;20,6;20,1;20,4;20,1;20,4;20,1;20,1;20,1;20;20,1;20;20,4;19,8;20,1;20,1;20,2;20;20,4;20,4;20,4;20;19,6;20,4;20,8;22,3;24,4;25,2;24,6;25;24,7;25,6;25,3;25,4;25,8;25,7;25,6;25,2;24,8;25,7;25,7;25,1;26,2;26,3;25,6;25,7;25,5;25,5;26;25,5;25,4;25,5;25,6;25,5;25,4;26;25,6;25,8;25,1;25,3;25,6;26,1;25,6;26,2;25,8;25,7;25,7;25,6;25,6;25,5;25,8;25,8;25,8;25,7;26;26,3;26,1;26,3;26,2;26;26,1;25,7;25,8;25,6;25,7;25,8;26,1;26,1;25,6;25,8;26,1;26,4;26,2;26,1;26,2;26,5;26,5;26,4;26,4;26,4;26,6;26,7;26,5;26,6;26,7;26,5;26,5;26,8;26,8;26,8;27,2;27,4;27,2;26,7;26,7;27,1;27,1;27,3;26,6;26,6;26,5;27,1;26,8;26,3;26,6;26,6;26,4;26,5;25,8;26,4;25,8;26,4;26,4;26,4;26;26;26;26;26;26;26;26,1;26,1;25,8;25,5;25,7;26,1;26,2;25,7;26,5;25,8;25,5;26,2;25,8;25,7;26,2;25,7;25,3;25,7;25,4;26,5;26,1;25,8;26,3;25,6;26,3;25,6;25,8;26,1;25,8;25,7;25,6;25,7;26;26,3;25,7;26;25,6;25,8;26,1;26;25,8;26,2;26,6;26,3;26,4;26,3;25,8;26,2;26,3;26,6;26,7;27,1;27,1;26,6;26,6;26,3;26,4;26,7;26,7;27,2;27,1;26,6;26,6;27,1;26,6;26,5;26,7;26,5;26,1;26;26,3;26,4;26,3;26,2;26,1;26,1;25,6;25,5;25,7;26,1;26;25,7;25,2;25,2;25,4;25,5;25,7;26,1;25,6;25,5;25,8;25,4;25,3;25,1;25,5;25,3;25,2;25,7;25,4;25,6;24,5;24,6;25;24,5;25,2;25,1;24,4;25;25;24,4;24,3;24,3;24,8;24,4;24,8;24,4;23,8;23,6;24,7;24,8;23,6;24,3;23,9;23,8;24;24;23,8;23,8;23,7;24,4;24,6;23,9;23,8;24,4;23,5;23,7;24;23,9;23,9;23,5;23,6;22,9;22,8;22,6;21,6;21,6;21,1;20,6;20,5;19,9;20;19,5;19,9;20,4;19,9;19,6;20,2;20,2;19,8;19,9;19,9;20,4;20,1;20,1;19,8;19,9;20,4;19,9;20,4;19,9;19,4;20,1;19,5;20;19,8;20,4;19,9;20,4;20,4;19,9;19,8;19,5;20;20,2;20,1;20;19,8;20,2;19,9;20,2;20;20,2;20,2;20,2;20,2;20;20,1;19,6;19,9;20;20,1;20,1;20,1;19,6;19,5;19,9;19,5;20;20,1;20;20;20,4;20,2;20;19,8;19,6;19,8;20;20,1;20;19,9;20;19,9;20;19,9;19,8;19,6;19,5;19,8;20,2;20,4;19,9;19,6;20;19,8;19,3;19,5;19,8;19,8;19,9;19,2;19,8;19,4;20,1;19,3;19,6;20,6;20;19,8;19,8;20;19,8;19,6;20;20,2;19,9;19,9;19,9;19,4;19,4;19,8;19,8;19,6;19,6;19,8;19,9;19,5;19,9;19,9;19,2;19,3;19,5;19,4;20,2;19,6;19,8;19,5;19,8;19,5;19,5;19,6;19;20,1;20;20,1;20,1;19,5;19,5;19,5;19,3;19,6;20,1;19,9;19,4;19,2;19,4;19,4;19,8;19,5;19,2;19,9;19,9;19,5;19,4;20,4;19,6;19,8;19,9;19,9;19,3;19,4;19,5;19,6;19,9;20,1;19,6;19,5;19,8;19,5;19,6;19,8;19,4;19,8;19,6;19;19,6;19,621,4;20,5;20,9;20,4;20,1;20,5;20,5;20,8;21,1;20,8;20,8;20,8;20,6;20,2;20,7;20,6;20,6;20,7;20,7;20,4;20,2;20,5;20,2;20,7;21,1;20,8;20,4;20,7;20,9;20,4;20,2;20,4;20,4;20,5;20,5;20,5;20,6;20,7;20,5;20,5;20,7;20,8;20,9;20,4;20,4;20,4;20,6;20,9;20,4;20,7;20,8;20,6;20,8;20,7;20,1;20,9;20,7;20,9;20,6;20,6;20,7;21,1;20,7;20,2;20,5;20,9;20,9;21,1;21,4;20,8;20,7;20,8;20,8;20,8;20,8;20,5;20,5;20,2;20;20,5;20,4;20,8;21,1;20,9;20,9;20,9;20,9;20,4;20,7;20,9;20,8;20,2;21,2;21,1;20,5;20,8;20,9;20,8;20,6;20,7;20,7;20,5;20,5;20,6;20,7;20,6;20,7;20,8;20,7;20,7;20,7;20,7;20,6;20,5;20,6;20,5;20,5;20,8;20,8;20,5;20,6;20,2;20,2;20,2;20,1;20,4;20,5;19,9;19,8;20;20,1;20,1;20,7;20,4;20,2;19,9;19,6;20;19,9;20,4;19,8;18,9;20,4;20,5;20,1;20,1;20,2;20,2;20,6;20,5;20,7;20;19,6;19,8;20,2;20,1;20,2;20,4;20,1;20,4;20,2;20,9;20,2;19,8;20,2;19,8;20,4;20,5;20,1;20,4;20,1;19,9;20,1;20,5;20,4;20,7;20,5;20,2;20,2;20;20,4;20,1;20,2;20,4;20,1;20;20,2;20,2;20,5;20;20,2;20,2;20;20,5;19,8;20,9;21,8;23,6;24,7;25,3;25,3;25,1;25,5;25,3;25,3;25,4;25,7;25,8;25,4;25,5;25,5;25,8;25,8;24,8;25,6;25,3;25,7;26,3;25,8;25,6;25,5;26;25,7;25;25,6;25,7;25,8;25,4;25,6;25,4;25,7;25,4;26,2;25,4;25,8;25,8;26,1;25,4;25,5;25,6;25,8;25,8;25,8;25,7;25,8;25,6;25,6;25,7;26;26;26,3;26,1;25,8;25,8;25,6;25,5;26;25,8;26;25,8;25,8;26,1;26,2;26,4;26,4;26;25,8;26;26,3;26,4;26,3;26,3;26,3;26,4;26,3;26,6;26,7;26,6;26,8;27,1;27,1;27,1;27,1;27,1;26,7;26,8;27,1;27,1;27,2;27,2;26,5;26,6;26,6;26,6;26,7;26,2;26,3;26,8;26,5;26,4;26,1;26,3;25,6;26,1;26,5;26,6;25,7;25,8;26;26,2;26,3;26;26,2;25,7;25,4;26;25,5;25,6;25,8;25,8;26;26,5;26;25,7;26,1;26;25,7;26,2;26,1;25,5;25,6;25,4;26,6;26,4;25,7;26,2;25,8;25,8;25,7;25,8;26,1;26;26;26,1;26;25,7;26,4;25,8;25,8;25,8;26,1;26,3;25,7;25,8;25,8;26,2;26,2;26,3;26,4;26;26;26,4;26,7;26,8;26,8;27,1;26,7;26,7;26,8;26,7;27,1;27,2;27,4;27,2;26,7;26,6;26,6;26,4;26,8;26,7;26,5;26,4;26,3;26,4;26,6;26,6;26,6;26;26,1;25,6;26;26;26,2;25,7;25,6;25,8;25,8;25,5;26,2;26,1;25,6;25,8;24,8;26,3;25,6;25,4;25,6;25,6;25,5;25,4;25,3;25,5;25,5;25,4;25,1;25,7;25,6;25,6;25,7;25,4;25,5;25,1;25,5;25,4;25,3;25,3;25,2;25;25,3;25;25,1;24,8;24,3;25,2;24,6;25,3;24,6;24,7;25,5;25,1;25,3;24,8;25,5;25,6;25,1;24,7;25,2;25;24,5;24,7;24,8;25,2;24,4;24;24,4;23,7;23,7;22,9;22;22,1;21,4;20,7;20,2;19,6;19,9;19,9;20,4;19,8;19,8;20,5;20,2;20,1;20;20,1;19,8;20;20,2;19,9;19,8;20,4;19,8;19,9;20,7;19,9;19,9;20;19,9;19,9;20,5;19,9;19,8;20;20,7;20,4;20,4;20,1;19,6;20,1;19,6;19,5;19,9;19,8;19,6;19,9;20,5;20,5;19,9;19,4;19,6;20;20;19,9;19,9;19,8;20,1;20,2;19,8;19,8;20,1;19,9;20,1;20,2;20;19,9;20,2;20,1;19,8;19,4;19,9;20,2;20,1;20,1;20;19,9;19,6;19,8;19,9;19,6;19,9;19,5;19,8;19,9;20,1;19,8;18,8;20,1;20;19,6;20;19,4;18,9;19,5;19,9;19;19,3;19,8;19,9;19,5;19,8;20;20;20,4;19,4;20,4;19,9;19,4;19,6;20,1;20;19,8;19,6;19,6;19,6;19,6;19,8;19,3;19,6;20,1;19,6;19,5;19,8;19,8;19,3;19,5;19,4;20;20,1;19,8;19,9;19,4;19,2;20;19,8;19,4;19,5;19,5;19,4;19,5;19,6;19,8;19,8;19,6;20;19,8;19,3;19,4;19,8;19,9;19,9;19,9;19,9;19,5;19,5;20;19,6;19,6;19,6;19,9;19,6;19,4;19,8;19,8;19,4;19,6;19,8;19,6;19,8;19,6;19,6;20,1;20,6;20;19,8;19,8;19,3;20,4;19,8;19,3;19,6;19,620,5;20,8;20,4;21,1;21,1;20,6;20,5;20,6;20,9;20,6;20,5;20,5;20,5;20,5;20,5;20,7;20,5;20,6;20,6;20,1;20,5;20,2;20,4;20,7;20,9;20,9;20,4;20,4;20,6;20,6;20,4;20,6;20,9;20,7;20,8;20,6;20,5;20,6;20,7;21,1;20,8;20,7;20,8;20,5;20,4;20,6;20,4;21,1;20,9;20,6;20,9;20,4;20,8;20,2;20;20,6;20,6;20,8;20,8;20,6;20,7;20,8;20,8;20,6;20,6;21,1;21,1;20,8;21,1;21,2;20,9;20,9;21,4;21,4;21,2;20,6;20,9;20,8;20,6;20,5;20,7;20,9;21,4;20,9;21,1;20,2;20,7;20,2;20,6;20,8;20,4;20,8;20,6;20,7;20,6;21,1;20,7;20,6;20,7;20,7;20,6;20,7;20,7;20,9;20,8;20,6;20,6;20,5;20,6;20,6;20,5;20,4;20,4;20,5;20,5;20,4;20,5;20,6;20,2;20;20;20,4;20,2;20;20,4;20,2;20;20;20;19,9;20;20,2;20,1;20;19,8;20,2;19,9;20,6;20;20;20;19,6;19,6;19,6;19,4;20,4;20,4;19,5;20,4;20,2;20,2;20,1;20,1;20,1;20,4;19,9;20,1;20,1;20,2;20,4;20,2;20,5;20,1;20;20,1;20,1;20,6;20,4;19,9;20,4;20,2;19,8;20,2;20,1;20,7;20,4;20,5;19,9;20,2;19,8;20,5;20,2;20,1;20,7;20,5;20,1;20,1;20;20,2;20,2;19,6;20,6;20,2;20,2;20;20,9;22,7;24,4;25,1;25,4;25,4;25,4;26,1;25,7;26,2;25,8;25,6;26,1;25,8;26,2;25,7;26,1;26,1;25,4;25,4;25,8;25,8;26;25,8;25,6;25,4;25,7;25,6;26,3;25,4;25,8;26;26;25,5;25,7;25,6;25,7;26,5;25,6;25,5;25,8;25,8;25,8;25,7;25,6;26;25,7;25,8;26,1;26;25,8;25,8;26;26,2;25,7;26;25,8;25,7;25,7;26;25,8;26,2;25,8;26,1;26;26;26,4;26,4;26,4;26,6;26,3;26,2;26,3;26,6;26,5;26,5;26,5;26,4;26,5;26,6;26,7;26,7;26,8;27,3;27,3;27,2;27,1;27,2;27,2;27,2;27,4;27,2;27,1;27,2;27,3;27,2;27,2;27,3;26,7;26,8;26,7;26,4;27,1;26,6;26,4;26,1;26,2;26;26;26,5;26,7;26;26,1;26,2;26,2;26,1;26,3;26,2;25,8;25,6;26;25,8;26;25,7;26,1;26;26,5;26,3;25,7;26,2;26;26;26,2;26,2;25,8;26;25,8;26,1;26,3;26,1;26,1;26,4;25,7;26,2;26,2;26;26,1;26;26,1;26,1;25,8;26,4;26,3;26;26;26,3;26,4;26,1;26,2;26,2;26,4;26,5;26,5;26,6;26,3;26,2;26,6;26,8;27,1;27,2;27,2;27,1;27,1;27,3;27,2;27,4;27,4;27,3;27,1;27,2;27,1;27,2;27,2;27,3;27,1;26,8;26,8;27,2;26,5;26,4;26,6;26,8;26,4;26,1;26,1;26,4;26,3;26,2;25,8;26;26;26,5;26,4;26,4;26,2;26,5;25,7;26;25,7;26,3;26;25,7;25,4;25,8;25,6;26;25,8;26,4;25,3;25,5;26;25,8;25,8;25,5;25,3;26,3;26;25,4;25,1;25,8;25,6;25,2;25,6;25,5;25,2;25,3;25,4;25,1;25,2;25,3;24,6;25,4;25,3;25,1;25,3;25,4;25,3;25,6;25,5;25,5;25,1;25,5;25,5;24,7;25,4;25,1;25,2;24,8;24,7;24,7;24,7;25;24,3;23,3;22,8;21,6;21,2;20,8;20,1;20,2;19,9;20,4;20;19,9;20,4;20,1;20;19,9;20,1;19,5;19,8;20,4;19,8;19,6;20,6;19,6;20;19,9;19,8;20;20,1;20,1;19,6;20,5;19,9;20,1;20,1;19,8;20,4;20;19,9;20;19,4;19,8;19,9;20,1;19,9;20,1;19,8;20,2;20;19,8;20,2;19,8;20;20,2;20,1;20,2;20;19,9;19,8;19,9;19,8;19,9;19,6;19,6;19,8;19,9;19,6;19,8;19,8;19,6;19,4;19,9;20,4;20,2;20;19,8;19,9;19,9;19,6;19,6;19,5;19,9;19,8;20;19,9;19,9;20,1;19,3;20,6;20;20,2;19,9;19,3;19,6;19,5;20;19,8;20,5;19,6;20,4;20,1;19,8;20,4;19,6;19,8;19,8;20,2;19,6;19,6;19,9;19,8;20,1;20,1;20;19,5;19,6;19,9;19,9;19,3;19,4;20,1;19,8;19,6;19,8;19,6;20,1;19,8;19,5;20,4;20;19,9;19,9;19,8;19;20,4;19,5;19,6;19,6;19,8;20;20,1;20,2;20,1;20,1;20;19,6;19,9;20,2;20;19,6;19,6;19,9;20;20,1;20,2;19,8;20,1;19,8;19,9;19,8;19,9;19,9;19,3;20;20,4;19,6;20;20;19,6;19,8;20,2;20;19,9;20,2;19,8;19,8;19,6;20,1;19,6;20;19,8;20,1;20,220,9;21,4;20,7;20,5;21,5;20,8;20,6;20,9;21,1;20,7;20,5;20,7;20,8;20,7;20,6;20,9;21,2;20,9;20,9;20,5;20,8;20,5;20,6;20,9;21,2;20,5;20,4;20,4;20,5;20,6;20,7;20,7;20,5;20,2;20,7;20,7;20,6;21,1;20,6;20,4;20,4;20,9;21,2;20,8;20,8;20,6;20,7;20,9;20,7;20,7;21,1;20,8;21,1;20,8;20,6;20,8;20,6;20,7;20,6;20,6;20,8;20,8;20,7;20,6;20,7;20,9;20,9;20,9;20,9;20,9;20,6;20,7;20,7;20,8;20,2;20,6;20,8;20,7;20,5;20,9;21,2;20,7;21,2;20,5;20,6;20,8;21,1;20,6;20,7;20,7;21,4;20,7;21,1;20,8;21,1;20,7;20,6;20,6;20,6;20,6;20,8;20,9;20,9;21,4;21,1;20,7;20,6;20,5;20,6;20,8;20,6;20,4;20,5;20,7;20,6;20,4;20,4;20,6;20,4;20,5;20,6;20,8;20,4;20,4;20,2;20,2;20,5;20,5;20,5;19,9;20,2;20,1;19,9;19,9;20,7;20,6;20;19,9;19,5;20,5;19,8;19,6;20,5;19,9;19,9;20,5;20,2;19,9;20;20,2;20,2;20,1;19,9;20,2;20,1;20,2;20,4;19,6;20,4;20,4;20,2;20;20,4;19,8;19,9;20,2;20,4;20,2;20,2;20,1;19,9;20;20,5;20;20,4;20;19,8;19,9;20,2;20,1;20,4;20,2;20,6;20,6;20,4;20,1;20,2;19,6;20,5;19,9;20;20,5;20,1;20,6;20,1;21,4;23,4;25,3;25,5;25,8;25,4;24,7;26;26,1;25,8;26,2;26,2;26;25,8;26,1;25,6;26;25,5;25,1;25,8;25,7;25,8;26,5;26,4;26,1;25,7;26,5;26,2;26,1;25,6;25,6;25,6;25,8;25,7;26,1;25,3;25,3;25,8;25,6;25,7;25,8;26,1;26,1;26,1;25,5;26,6;25,3;25,7;25,8;26;25,5;26,1;26,2;26,3;26;26;26;26;25,8;26,2;25,7;26,1;26,2;26,3;26,2;26,1;26,1;26,4;26,4;26,6;26,4;26,3;26,6;26,8;26,5;26,6;26,4;26,5;27,1;27,1;27,1;27,2;27,4;27,4;27,5;27,5;27,3;27,5;27,7;27,5;27,4;27,3;27,4;27,5;27,7;27,7;27,5;27,6;27,2;26,6;26,8;26,7;27,2;27,1;26,4;26,2;26,4;26,4;26,3;26,7;26,7;26,4;26,2;26,4;26;26,2;26,4;26;26;26,1;25,8;26;26,2;26,2;26,6;26,2;26,4;26;26;26,2;26,1;26,4;26,2;25,8;26;26,1;25,6;26,1;26,3;26,4;26,1;26,4;26,1;26,1;26,4;26;26,2;26,2;26,2;26,1;26;26,4;26,2;26,1;26,4;26,6;26,5;26,1;26,2;26,6;26,8;26,6;26,5;26,6;26,4;26,6;27,3;27,1;27,1;27,4;27,3;27,2;27,3;27,4;27,5;27,5;27,5;27,4;27,1;27,4;27,6;27,9;27,4;27,4;27,5;27,3;27,2;26,8;26,5;26,6;26,6;26,4;26,5;26,6;26,5;26,7;26,6;26,3;26,1;26,2;26,4;26,5;26,2;26,3;26,3;26,5;25,7;25,7;26,2;25,6;25,3;25,7;26;25,8;25,7;25,8;25,6;25,3;25,8;26,3;26,1;26,1;25,6;25,3;25,7;25,1;25,8;25,7;25,6;25,4;25,7;26,1;25,7;25,2;25,3;25,6;25,6;25,6;25,6;24,8;25,2;26;25,5;25,1;25,7;25,4;25,3;25,6;25,4;25,2;25,2;25,6;25,5;25,6;25,6;25,5;25,4;24,7;25;24,3;25,2;25;24,4;24,3;23,1;21,9;21,9;21,5;20,7;20,4;19,9;19,9;20,4;20,2;20,2;19,6;19,5;19,9;20,1;19,5;20,1;20,4;19,9;19,3;20,8;19,8;20,2;19,9;20;19,9;19,8;20,1;19,8;20,5;19,9;20,1;20,1;20,6;20,1;20,1;19,4;19,6;19,4;19,4;19,8;19,9;19,3;20,1;19,3;20,6;20;19,4;20,1;19,8;19,5;19,6;20,1;19,8;20,1;20;20;20,1;20;20;19,9;19,9;19,8;20;20;19,5;19,6;19,9;19,8;20;20,2;19,9;19,9;19,8;20;20,2;19,8;19,6;19,5;19,9;19,9;19,8;20,1;20,1;20,2;19,3;20;19,5;19,8;20,2;19;19,5;19,5;19,9;18,8;19,9;20;19,9;19,4;19,3;20;20,1;19,8;20,1;19,6;20;20,1;20,1;19,9;19,9;19,8;19,9;19,9;19,8;19,8;19,8;19,4;19,4;19,9;19,8;19,8;20;20;20,2;19,6;18,9;20,2;20;20;19,6;20,2;20,2;19,8;19,8;19,3;19,9;19,9;20,5;20,1;20;19,9;19,9;19,6;19,6;19,6;20,1;20;19,9;20,2;20,2;20,2;20;20;20;20;19,9;19,4;20,1;20,4;20,4;19,9;20,4;20,4;20,1;20,7;19,9;19,9;20,1;20,5;20,2;20,1;19,9;20,1;20;20,1;19,9;20;20,1;19,2;20,4;19,920,4;20,6;20,5;21,2;20,7;20,4;20,9;21,5;21,1;20,6;20,4;20,4;20,6;20,8;20,6;20,7;21,2;20,8;20,9;20,7;20,8;20,6;20,7;21,4;21,1;20,8;20,5;20,5;20,9;20,8;20,6;20,6;20,8;20,7;20,6;20,8;20,9;20,8;20,7;20,8;21,1;21,4;21,1;20,6;20,1;20,7;21,2;20,7;20,5;20,7;21,2;20,7;21,1;20,9;20,7;20,8;20,8;20,7;20,9;20,9;20,9;20,8;20,7;20,5;20,8;21,1;21,1;20,9;21,2;21,2;20,7;20,8;21,1;21,4;21,4;20,9;20,9;20,9;20,6;20,8;21,4;20,8;20,9;21,4;20,6;21,2;21,4;20,8;21,1;20,9;21,1;21,1;20,9;21,1;21,1;20,5;20,9;20,4;20,8;20,8;20,9;21,1;20,8;21,2;21,1;20,9;20,9;20,6;20,5;20,9;20,7;20,4;20,8;21,1;20,6;20,5;20,5;20,7;20,6;20,8;20,5;20,2;20,1;20,5;20,1;20,5;20,5;20,4;20,4;20;20,2;19,9;20,1;20,2;20,1;20,2;20,4;19,9;19,5;20,2;20;19,9;19,6;19,6;19,4;20,1;20,1;20;19,9;20;20,7;20,1;20,1;20,1;20,5;20,2;20,2;20,1;20,4;21,1;20,2;20;20,5;20;20,1;19,9;20,1;20;20,2;20;20,1;20,5;20,7;20,1;20,4;20,1;19,9;20;20,4;20,2;20,6;19,9;20,6;20,4;20,1;20,1;20,1;20,2;20,2;20,5;20,6;20,4;20,1;20,4;20,4;22,3;23,9;25,6;25,5;26;25,7;25,8;26;26;26,5;26,7;26,5;26,4;26;26,4;26;26,1;26,4;26,1;26,3;25,7;26,3;26,4;26,3;26;26,2;26;26,5;26,1;26,2;26,3;26,2;26,3;26;26,1;26,5;26;26,5;26,7;25,7;26,1;26,4;26;26,4;26,2;26,3;26,1;26,7;26,1;25,7;25,6;26,1;26,4;26,5;26,4;26,6;26,7;26,3;26,1;26,2;26,4;26,6;26,6;26,6;26,4;26,6;26,6;26,6;26,5;26,8;26,6;26,7;26,6;27,2;26,8;27,1;26,7;26,8;27,4;27,3;27,3;27,6;27,8;27,9;28;28;27,8;27,9;27,8;27,5;27,3;27,3;27,4;27,6;27,9;28,2;27,9;27,8;27,5;27,5;27,3;27,4;27,6;26,8;26,6;26,6;27,1;27,1;26,8;26,8;27,1;26,5;26,6;26,7;26;26,6;26,4;26,2;26,2;26,4;26,2;26,1;26,7;26,3;26,5;26,5;26,7;26,1;26,6;26,4;26,6;26,5;26,5;26,3;26,5;26,4;25,8;26,5;26,4;26,3;25,8;26,1;26,3;26;26,4;26,4;26,7;26,3;26,1;26,3;26,2;26,5;26,4;26,5;27,1;26,7;27,1;26,4;26,5;26,7;27,1;26,8;26,7;26,7;26,7;27,1;27,5;27,4;27,4;27,7;27,4;27,3;27,6;27,5;27,5;27,7;27,7;27,6;27,6;27,5;27,6;27,9;27,4;27,5;27,6;27,6;27,4;27,3;27,3;27,2;27,2;27,1;26,7;27,3;26,8;26,8;26,6;26,3;26,5;26,4;26,4;26,7;26,1;26,2;26,2;26,8;26;26,2;27,1;25,6;26,2;27,1;26,1;26,5;26,2;26,2;25,8;26,1;26,8;26,6;26,5;25,8;26,3;25,8;25,6;26;25,7;26,1;25,8;25,6;25,6;26;25,5;25,2;26;26,1;26,2;25,6;25,4;25,5;25,5;25,6;25,8;25,4;25,3;25,3;25,4;25,2;25,6;25,8;25,4;25,6;25,6;25,6;25,4;25,8;25,6;25,1;25,3;25,4;25;24,8;24,6;24,5;24,3;22,7;22,5;21,6;20,8;20,6;19,8;20;20,4;20,1;20;19,5;19,6;20;20,2;19,9;20,4;19,9;19,9;19,4;20,6;19,6;19,8;19,9;20;19,5;19,8;20;20;20,2;19,6;20,5;19,9;20,4;19,9;19,4;19,4;19,6;20;19,9;19,9;20,6;20,1;19,4;19,3;20,8;20,4;20,4;20,2;19,3;19,6;20,2;20;20,4;19,9;19,5;19,4;20;19,6;19,5;19,3;20;20,2;19,6;19,9;20,1;20;20,2;19,8;19,8;20;20;20;19,9;20,2;20,2;20;19,9;19,6;19,8;20,2;20,1;19,9;19,9;20,1;19,5;19,9;19,8;19,5;19,9;20;20,2;19,9;20,2;18,4;19,9;19,8;20,1;19,3;20,2;20;19,4;19,5;19,5;18,8;20;20,5;19,9;19,6;19,8;19,4;19,8;20,1;20;19,9;19,8;19,3;19,6;20,2;20;19,9;20,1;20;20,1;19,5;19,3;19,8;19,9;20;19,8;19,8;20,1;19,5;20;19,9;19,5;19,9;20,4;20,6;20,5;20,4;20,6;19,9;20,2;20,1;20,2;20,1;19,6;19,9;20,1;19,9;19,6;19,4;20,2;20,2;20;19,6;20;19,6;20,5;20,1;20,4;19,9;20,5;20,8;20,2;20,2;20,2;20,2;20,1;20;20,2;20,4;20;19,5;20,1;19,6;20,1;19,4;19,9;19,921,1;20,6;20,8;20,7;20,9;20,7;20,8;20,9;20,7;20,6;20,5;20,5;20,4;20,6;20,6;20,4;20,8;20,4;20,7;20,7;20,9;20,5;20,5;21,2;20,7;21,1;20,9;20,8;21,4;20,9;20,4;20,6;21,1;20,8;20,5;20,6;20,8;20,9;20,7;20,9;20,9;21,1;20,7;20,9;20,5;20,9;20,9;20,7;20,8;21,1;21,1;20,8;21,4;20,7;20,9;20,8;21,5;20,9;21,1;21,2;21,1;21,1;20,9;20,8;20,7;21,4;21,5;20,8;20,8;20,7;20,8;20,9;21,2;21,5;21,4;20,9;20,5;20,4;20,6;20,9;21,2;20,6;20,8;20,7;20,7;20,7;21,1;21,1;20,8;20,9;21,4;21,2;21,4;21,1;21,4;20,9;21,1;20,8;21,6;21,4;21,1;21,1;20,9;20,9;21,1;21,2;21,4;20,8;20,6;20,9;20,9;20,6;20,8;21,1;20,8;20,5;20,4;20,6;20,1;20,4;20,4;20,6;20,5;20,4;20,2;20,5;20,1;20,2;20,6;20,6;20,4;20,5;20;20;20;20,7;19,9;20,7;20,6;20,2;20,1;19,4;19,9;20,8;19,6;20,9;20;20;20,2;19,6;20,5;20,2;20,2;20,4;20,5;20,5;20;20;20,1;20,5;20,1;20;20,6;20;20,1;20;20,5;19,6;20;20,2;20,4;20,5;20,6;20,4;20,5;20,5;20,7;19,9;20,2;20;20,6;19,8;20,2;20,1;20,2;20,5;20,1;20,4;20;20,5;20,5;20;20,2;20,1;20,2;22,6;24,3;25,3;26,1;25,8;26;26,1;26,2;26,1;26,5;26,4;26,4;26,4;26,4;26,7;26,5;26,1;26,8;26;26,7;26,7;26,5;27,3;27,1;26,2;27,1;26,5;26,8;27,2;26,7;26,6;26,8;26,5;26,3;26,7;26,7;27,3;26,8;26,4;26,3;26,4;26,7;26,6;27,5;26,7;26,8;27,2;27,3;26,4;26,7;26,2;27,1;27,2;26,8;27,1;27,2;27,1;26,8;26,8;26,7;26,8;27,2;27,2;27,2;27,1;27,4;27,5;27,3;27,2;27,4;27,1;27,5;27,4;27,5;27,6;27,7;27,6;27,7;27,8;27,8;27,9;28,1;28,6;28,6;28,6;28,7;28,7;28,5;28;27,7;27,4;27,4;27,5;27,8;28,2;28,7;28,4;28,7;28,1;28,5;28,1;28;28;27,5;27,4;27,3;27,6;27,7;27,5;27,3;27,4;26,6;27,2;26,8;26,6;26,8;26,5;26,8;26,6;26,8;26,8;26,5;27,5;26,5;26,4;26,8;27,3;26,7;27,4;26,8;26,8;27,1;27,3;26,8;26,6;26,7;26,7;26,7;26,4;26,6;26,4;26,7;27,1;26,5;26,8;26,8;27,2;26,5;26,4;26,7;26,8;27,1;26,6;27,1;27,4;27,1;27,2;27,3;27,3;27,2;27,3;27,4;27,6;27,7;27,6;27,7;27,8;27,9;27,9;28;27,8;27,7;28;27,9;27,7;27,7;27,7;27,6;27,4;27,6;28;28,5;27,9;27,8;28;27,7;27,7;27,8;27,7;27,6;27,6;27,7;27,3;27,6;27,3;27,3;27,3;27,4;27,1;26,8;26,5;27,3;26,4;27,1;26,6;26,8;26,4;26,3;26,6;26,5;26,6;26,7;26,3;26,1;26,4;26,2;26,7;26,7;26,5;27,1;26,3;26,4;26,4;25,3;26,3;26;26,4;26,2;25,7;25,8;26,1;25,8;26,4;25,8;26,2;26,6;25,8;25,7;26;26;25,5;25,7;25,8;25,8;25,1;25,7;25,7;25,1;25,8;25,3;25,5;25,7;25,7;25,5;25,8;26,2;25,8;25,7;25,1;25,5;25,1;25,1;25,1;24,7;24,7;23,9;22,8;21,9;21,1;20,7;20;20,5;20,2;19,9;19,8;19,9;20;20,1;20,1;20,1;20,1;19,5;20;20;20,2;19,9;19,8;19,9;20;20,1;20,1;20,1;20,4;20,2;20,1;20,2;20;20,1;19,8;20;19,5;20;19,6;19,2;19,9;20,4;20;20,2;20,4;20,4;20,1;20,6;20,2;20,1;20;20,5;20,5;20;19,6;19,8;19,3;19,9;20,2;20,1;19,8;19,6;20;19,8;19,9;20,1;20,1;20,1;20;20;20,1;20,1;20;20,2;20,2;20;20,1;20;19,9;20,1;20,4;20,2;19,8;19,6;19,9;19,5;20,2;20,5;20,4;19,6;19,9;19,5;20,1;20,1;20;19,9;19,8;20,1;19,4;19,5;20,6;19,8;20,4;19,8;20,6;20,5;20;20;19,9;20,4;20,5;19,9;19,6;19,9;19,9;19,8;19,4;19,8;20,4;20;20;20,2;20,1;19,9;19,8;20,4;19,4;19,6;19,9;19,8;20;20,1;19,5;19,8;20,2;19,6;19,8;20;20,7;20,1;20,2;20;19,9;19,6;20;20,2;20,2;19,9;20;20,2;20,1;20,2;19,8;20,2;20,1;19,9;19,9;19,9;19,3;20,2;20;20,2;19,9;20,5;20,4;20,1;19,8;20;20;19,6;20,2;20,5;20,1;20;19,6;19,8;19,5;20,1;19,8;19,2;19,520,7;20,2;21,1;20,9;20,9;20,5;20,4;20,7;20,6;20,2;20,4;20,6;20,7;20,7;20,7;20,1;20,4;20,5;20,9;20,6;20,9;20,4;20,5;20,6;20,8;20,8;21,4;21,6;21,1;21,4;21,5;20,9;20,5;20,2;20,1;20,6;21,1;21,2;20,8;20,2;20,9;20,5;20,7;20,8;20,8;20,5;20,8;21,1;20,9;20,9;20,9;20,7;21,4;20,8;21,2;20,8;21,5;21,1;20,9;20,9;20,9;21,2;21,2;20,9;21,1;21,2;21,1;20,7;20,8;21,2;21,4;20,7;20,8;20,8;20,7;20,9;20,5;20,8;21,4;21,2;20,9;21,1;20,8;20,5;20,8;21,1;21,2;21,1;21,4;20,9;21,5;21,4;21,4;20,9;21,2;21,5;21,2;20,9;21,4;21,2;20,9;20,9;21,1;21,2;21,4;21,4;21,1;20,8;20,9;21,1;20,8;20,9;21,4;21,4;20,8;20,5;20,7;20,9;20,6;20,6;20,6;20,6;20,5;20,9;20,6;20,5;20,6;20,7;20,4;20,2;20,4;19,6;19,9;19,9;20;20,8;19,9;20,5;20;20;20,2;19,9;20,5;20,7;20,2;21,5;20,5;20,4;20,5;20,2;20,4;20,8;20,6;20,1;20,2;20,5;20,4;19,9;20,2;20,5;20,4;20,2;20,5;20;20,1;20,2;20,6;20,2;20,2;20,1;20,5;20,2;20,5;20,4;20,4;20,5;21,2;20,2;20,1;20,1;20,4;19,9;20,5;20,8;20,2;19,8;20;20;20,8;20,6;20,6;20,2;20,2;20;20,6;22;24,4;25,4;26,3;26,2;26,1;25,6;26,6;27,2;27,1;27,1;27,5;27,8;27,4;26,7;27,5;27,5;27,5;26,7;27,6;27,5;27,5;27,6;27,3;27,2;27,3;27,6;27,1;27,2;27,4;27,3;27,1;27,5;27,2;28,2;27,6;27,8;27,3;26,8;26,7;27,4;27,4;27,4;27,7;27,6;27,2;27,4;27,5;27,3;27,2;27,4;27,4;27,7;27,5;27,6;27,6;27,4;27,6;27,8;27,8;27,6;27,4;27,4;27,4;27,5;27,9;28,1;27,8;27,7;28,1;27,7;27,9;28,1;28;27,8;28,1;28;28;28,4;28,6;28,6;28,9;29;29;29,2;29,3;29,3;29,1;28,6;28;27,6;27,3;27,8;28,1;28,6;29,2;29,5;29,2;28,9;29;28,5;28,5;28,5;28,6;27,9;27,8;27,9;27,9;27,6;27,9;27,9;27,2;27,3;27,2;27,4;27,2;27,1;27,2;27,1;27,1;27,6;27,5;27,9;27,5;27,4;27,9;28,1;27,7;27,8;27,5;27,3;27,4;27,9;27,4;27,3;27,2;27,3;27,1;26,8;27,2;27,3;27,5;27,5;27,2;27,3;27,3;27,2;27,2;27,2;27,1;27,3;27,7;27,2;27,4;27,7;27,6;27,6;27,8;27,9;28;28,1;28,1;28,2;28,7;28,6;28,7;28,8;29;28,8;28,6;28,5;28,7;28,7;28,6;28,2;27,7;27,8;27,8;27,4;27,9;28,2;29;28,8;28,8;29;28,7;28,6;28,8;28,6;28,5;28,5;28,5;28,5;28,4;27,9;28,4;28,2;28;27,9;28;27,6;28;27,2;27,9;26,8;27,8;27,4;27,5;27,2;27,5;27,2;27,6;27,3;26,7;27,4;27,4;27,4;27,7;27,1;26,8;26,5;26,2;27,1;26,3;26,8;26,7;26,3;26,8;26,7;26,7;26,6;26;27,1;25,7;26,2;26,5;26,2;25,7;26,2;26,3;26,3;26;26,6;25,7;26,4;26,2;26,1;26;26,1;26,3;26,1;25,8;26,1;25,6;26;26,5;25,8;25,8;25,5;25,5;25,2;25,4;25,4;25,2;25;24,6;23,3;22;21,2;20,6;20,5;20,2;20;19,9;19,9;20;20,2;20,4;20;20,1;20,1;19,9;20;20,4;20,5;19,9;20,5;19,9;20,5;20,4;19,9;20,6;20,4;20,7;20;20,5;20,2;20,4;20;20,2;20,4;19,8;20,1;20,5;19,8;20,7;20,5;20,2;19,9;20,5;20;20,8;20,1;19,3;20,5;20,6;20,4;20,4;19,8;20;19,6;19,8;19,8;20,1;20,1;19,9;20,1;20,4;20,4;20,4;20,1;19,8;20;20,4;20,2;20,2;20,4;20,5;20,1;20;20,2;20,1;20,1;20,2;20,4;20,2;19,5;20;20,1;19,5;20,2;20,4;20,5;20;20;19,5;20,4;20,1;20,1;20;19,9;20;19,9;19,5;20,5;20;19,9;20,5;20,2;20,2;20,4;20,1;20,6;20,4;20,1;20,4;20,5;20,5;20;20,2;20;20,1;20,1;19,9;20,1;20,2;19,9;19,8;20,1;20,1;19,5;19,5;20,1;19,6;19,6;20,2;19,4;19,5;20,1;19,9;20;19,9;20,2;20,6;19,9;20,4;20,2;20,5;20,1;20,5;20,5;19,8;20;20,1;19,8;19,5;19,5;19,6;20,1;19,5;20,1;20;19,5;19,9;19,9;19,8;20;20,2;20;19,5;19,6;20,1;19,8;19,5;19,6;19,8;19,8;19,8;19,5;19,6;19,8;20;19,3;19,5;19,420,9;20,1;20,8;20,4;20,7;20;20,2;20,8;20,6;20,5;20,5;20,7;20,7;20,5;20,5;20,4;20,4;20,7;20,7;20,4;21,2;20,6;20,5;20,4;20,5;20,8;20,9;20,7;20,8;20,6;20,9;20,7;20,2;20,6;20,9;20,9;20,8;20,8;20,1;20,6;21,4;20,4;20,7;20,7;20,8;20,6;20,9;20,7;20,9;20,7;20,6;20,6;21,4;20,8;20,7;20,7;21,1;20,8;20,7;20,8;20,9;21,4;21,4;20,9;20,6;20,7;20,8;20,6;21,1;20,9;20,9;20,9;21,2;20,7;20,5;20,7;20,8;20,7;20,6;20,8;20,9;20,8;21,6;20,9;20,7;21,6;20,5;20,6;20,9;20,9;21,4;21,4;20,9;21,1;20,9;21,2;21,4;21,2;21,2;21,1;20,9;21,1;21,5;21,4;21,2;21,1;21,2;21,1;21,2;21,5;20,9;20,7;20,9;21,1;20,7;20,8;20,7;21,1;20,9;21,2;21,5;20,9;20,6;20,9;21,2;20,7;20,7;20,8;20,5;21,1;20,6;20,4;20,2;20,5;20,6;20,8;19,9;20,4;19,8;20,2;20;20,4;20,8;20,2;20,4;20,6;20,5;20,1;20,2;20,2;20,4;20,8;20,2;20,2;20,1;20;20,5;20,4;20,1;20,5;20,5;20,5;20,5;20;20,6;20,1;20,5;20,8;20,4;20,2;20,6;20,4;20,6;20,5;20,2;20,2;20,8;20,4;20,2;20,1;20,7;20,1;20,8;20,5;20,7;20;20,1;20,5;20,8;20,4;20,4;20,1;19,6;20,6;20,6;22,7;24,8;25,4;26,1;26,1;26;26,2;27,3;27,4;27,9;27,8;27,8;27,9;27,9;27,5;27,4;27,8;28;27,1;27,9;27,6;28,1;28,8;28,5;27,8;27,8;28;28,2;28,1;28,5;28;27,9;27,9;27,7;28,2;27,9;27,8;28,1;27,3;27,7;28;27,9;27,9;28;27,7;27,7;28;27,8;27,7;27,7;27,7;27,4;27,9;28,1;27,9;27,5;28;27,7;27,9;27,9;27,8;28;28,1;28;28,1;28,2;28,2;28;28,1;28,5;28,6;28,6;28,5;28,4;28,2;28,4;28,7;28,8;29;29,1;29,1;29,2;29,3;29,5;30,1;30,1;30,1;29,5;28,6;27,9;27,5;27,3;27,8;28,2;28,9;30;30,4;29,4;29,4;29,4;29;29;29,1;28,7;28,4;28,6;28,2;28;28,1;28,2;28,4;27,7;27,4;27,8;27,8;27,5;27,8;27,4;27,4;27,5;28;28,2;28,4;28,4;28,6;28,9;29;28,8;28,8;28,5;28,5;28;28,5;28;27,9;27,6;27,5;27,5;27,5;27,3;27,6;27,3;27,4;27,6;27,3;27,6;27,7;27,6;27,5;27,4;27,7;28,1;27,7;27,9;28,4;28;28,1;28,4;28,7;28,7;28,9;28,9;29,1;29,2;29,1;29,3;29,5;29,4;29,5;29,4;29,3;29,1;29,1;29;28,6;28;28;27,9;27,7;27,8;28,7;29,7;29,9;30,1;30,1;29,4;29,2;29,4;29,1;29,1;29,1;29,7;29,4;29,3;29;29,1;29,2;28,6;28,7;28,6;28,5;29;27,8;28,7;28,1;28,2;27,9;28;28;28,1;28;28,1;28,2;27,7;28,1;27,9;27,9;28;28,1;27,8;27,5;27,8;27,8;27,8;27,4;26,6;27,5;26,8;27,3;27,1;27,3;27,4;27,1;26,8;27,4;26,8;26,5;27,1;27,4;26,7;26,6;26,5;26,7;26,1;26,4;26,7;26,7;27,3;26;26,4;26,7;26,6;26,1;26,5;26,1;26,7;26,5;26,3;26,3;25,7;25,3;25,6;25,1;25,2;25,1;24,6;23,6;22,6;21,2;20,6;20,7;20,1;20,5;20;20,1;20,1;20,1;20,2;20,4;20,2;20,2;20,2;20;20,2;20,5;19,9;20,7;20,2;20,4;20,6;20;20,1;20,7;20,4;20,6;21,1;20;20,6;20,4;20,2;19,9;19,6;20;19,8;20,2;20,7;20,1;20,2;20,1;20,2;19,4;20,1;20,4;20,6;20,2;20,2;20,8;20,6;20,2;20,6;19,9;19,5;20,2;19,9;19,8;19,9;20;20,1;20;20,4;20,5;20,2;20,4;20,2;20;19,9;20,2;20,2;20,1;19,9;20,1;20,2;20,1;20,1;20,1;20,1;19,9;20,4;20,1;19,6;20;19,9;20,1;20,1;20,1;19,9;20;20;19,8;20,2;19,3;20,2;19,6;19,8;20,2;19,4;20,4;19,9;18,9;20;20,1;19,5;20,5;20,1;19,8;20;19,9;19,8;19,9;19,9;19,6;19,9;20,1;20,1;20;19,8;19,5;19,8;19,8;19,8;19,6;19,6;20,1;19,8;19,3;19,8;19,6;20,1;19,4;20,1;19,6;20,2;19,6;20,7;19,5;19,8;20;19,8;19,5;19,9;20,2;20,1;19,9;20,1;20;19,5;19,4;20,1;20,2;19,6;20;19,5;19,6;19,5;20,1;19,6;19,8;19,9;19,6;19,8;19,3;20,1;20;19,4;19,2;19,5;19,9;20;20;19,8;19,6;20;20,1;19,9;19,820,7;20,8;20,8;20,5;20,7;20,4;20,9;20,9;20,7;20,7;20,7;20,5;20,8;20,5;20,5;20,6;20,7;20,8;20;20,6;21,2;20,6;20,7;20,7;20,7;20,4;20,2;20,6;20,4;20;20,6;20,8;20,9;20,6;20,2;21,1;21,1;20,7;20,4;20,4;20,9;20,7;20,6;20,7;21,1;20,8;21,1;20,2;20,7;20,7;20,8;20,7;20,8;20,6;20,1;20,6;20,9;20,8;20,7;20,7;21,1;21,1;20,9;21,1;20,9;21,1;21,1;20,7;20,8;20,9;21,5;20,9;21,4;20,7;21,6;21,2;20,8;20,4;21,5;20,5;21,1;20,8;20,9;21,1;20,8;20,9;20,7;20,7;20,9;20,8;21,4;21,2;20,6;21,2;20,8;20,7;20,9;21,1;21,4;21,4;21,1;21,1;21,5;21,5;20,9;20,9;21,4;21,2;20,9;20,8;20,6;20,7;20,7;21,1;21,4;21,1;20,5;20,9;20,9;21,2;20,7;20,9;20,9;20,7;20,9;20,1;20,5;20;20,4;20,4;19,6;20,5;20;20;19,9;20,4;20,2;20,7;19,3;20;19,6;20,4;20,4;20,2;20,4;20,2;20,4;20,4;20,4;20,1;20,6;20,4;20,2;20,2;20,5;20;20,2;20;20,2;20,5;20,2;20,5;20,4;20;20,6;20,1;20,4;20,5;20,2;20,6;20,6;20,5;21,1;20,4;20,5;20,2;20,4;20,1;20,1;19,9;20,9;20,1;20,2;20,4;20,1;20,4;20,2;20,7;20,7;20,4;19,8;20,6;20,6;20,5;20,7;23;25;25,2;26,1;26,4;26,2;26,3;26,8;27,3;28,1;28,1;28,1;28,2;28,6;28;27,6;28,2;28,2;27,6;28,1;28,4;28,4;27,7;28,7;27,9;27,8;28,8;28,5;28,1;28;28,2;28,6;28,2;28;28,1;28,4;28,1;28,4;28,5;28,9;28,6;28;27,9;28,4;28,1;28,1;28,2;28;28;27,9;28;27,6;28,2;28,2;28,5;27,9;28,2;28,2;28;28,1;28,1;28,6;28,6;28,6;28,2;28,5;28,6;28,2;28,6;29;28,6;28,6;28,5;28,7;28,8;28,8;29,1;29,3;29,4;29,5;29,4;29,4;29,9;30,2;30,5;30,6;30,6;29,9;28,4;27,6;27,4;27,4;27,7;28,2;29,2;30,4;30,6;30,3;30,3;29,9;29,4;29,4;29,5;28,7;28,9;29,3;28,7;28,4;28,8;28,2;28,6;28,4;27,9;28,1;27,9;27,8;27,9;27,9;27,7;28,4;28,4;28,5;28,9;29,3;29,5;29,9;29,7;29,5;29,7;29,4;29,4;29,1;28,8;28,6;27,9;27,8;27,6;27,8;27,5;27,6;27,5;27,5;27,3;27,8;27,6;27,8;28;27,6;28;27,8;28,5;28,6;28;28,5;28,8;28,6;28,7;28,8;29;29,2;29,3;29,3;29,5;29,7;29,9;30,1;30,2;30,2;30,1;30,1;29,9;29,5;29,4;29,3;28,9;28,4;28;27,7;27,6;28;29,1;30;30,3;30,5;30,3;29,9;29,9;30;29,5;29,9;30;30,4;29,9;29,5;30;30;29,4;29;29,1;28,9;28,8;29,2;28,5;29,1;29,1;28,9;28,7;28,2;28,5;28,5;28,6;28,9;28,5;28,6;28,7;28,6;28,2;28,2;28,6;28,8;28,6;27,9;27,8;27,7;28;28,1;28;27,8;28,2;27,9;27,9;27,8;27,7;28;27,4;27,3;27,7;27,9;27,5;26,8;27,7;27,3;27,5;26,4;27,8;27,2;27,3;27,3;27,7;27,3;26,5;27,3;26,2;27,1;27,2;26,7;27,8;27,6;27,2;26,3;26,1;25,7;25,1;24,8;25,1;25,1;23,6;22,8;21,2;20,7;20,6;20;20,6;20,5;19,9;20,4;20;20;20,5;20,5;20,2;20,2;20;20;20,2;20,6;20,2;20;20,1;20,2;19,8;20;20,2;20,5;20,2;20,6;19,9;20,4;20,9;20,2;19,9;20,4;19,5;19,9;19,6;20,1;19,8;19,6;20,1;20,1;20,5;20,5;20;19,6;20,1;19,6;19,8;20,7;20;20,2;19,9;19,5;19,8;20,2;20,2;20,4;20,8;20,7;20,2;19,9;19,9;19,9;20;20;20,1;19,8;19,9;20,1;19,8;19,8;19,9;19,9;20;20;20,1;20;19,8;20,1;19,8;19,5;20,1;20,1;20;19,9;20,1;19,9;20;20,5;19,6;19,9;19,4;19,8;20,4;20,5;19,6;19,5;20,1;20;20;20;20,1;19,5;20,1;19,8;19;19,6;19,8;19,9;19,8;19,3;19;19,5;19,8;19,6;19,8;19,8;19,8;19,6;19,6;20;20;20;19,8;20,1;19,4;19,4;19,6;19,6;19,5;20,1;19,4;19,3;19,8;19,9;20,4;19,9;19,8;19,6;20;20,1;20,2;19,9;19,4;19,5;19,9;19,9;19,5;19,8;20,2;20,1;19,5;19;20;19,4;19,9;20,2;19,4;19,6;19,6;20,1;18,7;19,9;20,2;19;19,4;19,9;20,1;20,1;19,9;19,6;19,6;19,6;19,8;19,6;20,120,4;20,6;20,7;20,7;20,9;20,9;20,8;20,8;20,9;20,9;20,8;20,6;20,8;20,8;20,6;20,5;20,8;20,6;20,2;21,1;20,9;20,7;20,4;20,6;21,1;20,8;20,5;20,9;20,8;20,9;20,7;20,6;20,8;20,9;20,9;20,7;21,5;21,4;20,8;20,7;20,7;21,2;20,8;20,5;20,7;20,8;20,9;20,1;20,8;20,9;21,2;21,2;20,8;20,7;20,5;20,7;20,7;20,6;20,9;20,9;20,7;21,1;21,1;20,9;21,4;21,4;20,9;20,9;20,7;20,8;21,1;20,6;20,9;21,2;21,2;20,6;21,1;20,7;20,7;20,7;20,8;21,5;21,1;20,7;20,7;20,6;20,9;21,2;20,9;20,4;21,5;21,4;20,8;21,1;20,7;20,8;20,8;21,1;21,2;21,1;20,9;20,9;21,5;21,8;21,4;21,4;21,4;20,9;20,6;20,2;20,4;20,5;20,6;20,8;21,1;20,8;20,5;20,4;20,5;20,4;20,7;20,5;20,6;20,8;20,7;19,9;20,2;20,4;20,9;20,4;20;20,4;20,1;20,5;20,6;20,1;20,5;20;20,2;20;19,6;20,4;19,9;20,2;20;20;20,2;20,2;20,1;20,1;20,2;20;20,4;20;20,4;20,4;20,2;19,8;20,2;20,5;20,2;20,2;20,2;20,1;20,1;19,8;20,4;20,4;20,2;20,6;20,2;20,2;20,8;20,2;20,1;20,1;20,2;20,4;19,8;19,9;20,5;20,2;20,1;20,4;20,4;20,1;20,4;20,4;20;20,2;20,5;20,2;20,4;20,2;20,6;22,7;24,7;25,6;25,3;26,2;25,8;25,7;27,3;27,3;28;28,2;28,7;29;28,4;28;28,2;28,2;28,2;28,4;28,2;28,5;28,2;29;28,2;28,7;28,2;28,2;27,8;28,2;28,5;28;28,4;28,4;28;29;28,5;28,6;28;28,2;28,2;28,6;28,6;27,9;28,7;28,6;28;28,1;28,1;28;28,1;28,1;28,2;28,4;28,1;28,6;28,6;28,2;28,2;28,1;28,2;28,6;28,6;28,6;28,6;28,4;28,5;28,8;28,6;28,8;29;28,7;28,7;28,7;29,1;29;28,9;29,1;29,3;29,4;30;30;30;30,3;30,4;30,5;30,7;30,6;30,1;28,8;27,5;26,8;27,2;27,5;28,4;29,4;30,8;30,8;30,4;30,6;30,2;29,5;29,7;29,5;29,4;29,1;29,2;28,8;28,6;28,9;28,7;28,8;28,5;28,1;27,9;27,6;27,8;27,8;28,1;27,8;28,7;28,8;29;29,9;30,2;30,1;30,5;30,6;30,4;30,3;30,1;30;30;29,2;28,9;28,5;27,9;27,7;27,5;27,5;27,8;27,4;27,8;27,6;27,8;27,8;27,7;27,9;27,9;28,7;28,2;28,7;28,7;28,5;28,6;28,9;28,9;29;28,9;29,1;29,4;29,7;29,5;29,9;30;30,4;30,4;30,6;30,7;30,5;30,3;30,2;30,2;30;29,7;29;28,4;27,7;27,3;27,3;28,1;29,1;30,1;30,6;30,6;30,3;30,2;30,1;30,4;30;30,4;30,4;30,5;30;30,2;30,1;30,3;29,9;29,4;29,7;29,3;29,4;29,4;29;29,2;29,2;29;28,7;29;28,8;28,6;28,9;29,3;29;28,7;29,1;29,3;29,1;28,7;28,7;28,7;28,6;27,8;28,7;28,4;27,9;28,4;27,9;28,1;27,6;28;27,5;27,7;27,5;27,7;27,7;27,1;27,6;27,7;27,8;27,3;27,9;27,3;27,7;26,7;27,8;27,8;27,8;27,8;26,8;27,8;27,3;27,5;26,5;27,4;27,4;27,6;27,3;27,6;26,7;26,7;26;25,8;25,3;25,6;25;25,2;23,4;22,3;21,4;21,1;20,4;20;20,2;20,4;19,9;20;20,4;20,1;20,2;20,6;19,8;19,9;19,9;19,9;19,9;20,5;19,9;19,9;20,1;20;19,9;20;19,8;20,6;19,5;19,9;20;20,4;20,8;20,5;19,4;20;19,4;20;19,9;20,2;19,9;19,9;19,8;20;20,5;20,1;20,4;20,1;20;19,8;19,9;20,4;19,6;19,9;20,1;20,5;20,1;19,9;19,4;19,6;20,2;20,2;20,1;20,1;20,1;20,1;19,8;19,9;20;19,9;19,5;19,6;19,9;19,9;19,6;19,5;19,6;19,9;20,1;19,9;19,5;19,8;19,6;19,4;20,4;20,5;20,1;19,9;20;19,8;20;20,1;19,5;19,8;19,3;19,4;19,6;19,4;20,2;20,4;19,9;19,8;19,4;20;20,4;19,9;19,9;19,9;19,6;19,2;20;19,8;19,9;19,4;19,6;20;20,1;19,6;19,8;20,1;19,9;19,5;19,8;20,2;20,1;20,1;20,1;20,1;19,6;19,6;19,8;19,4;19,8;19,8;19,2;19,3;20,2;20,1;20;20,1;19,6;19,6;19,6;19,6;19,9;20;19,4;19,4;20;19,9;20;20,5;20,6;20,1;19,8;20;20;19,6;19,2;20,1;19,8;19,6;19,9;19,8;19,8;19,8;20,2;19,4;19,6;19,8;19,6;19,6;19,6;19,6;19,9;20;19,9;19,3;19,420,6;20,7;20,8;20,7;21,2;21,1;20,7;20,8;21,4;21,4;21,1;20,9;20,9;20,6;20,2;20,6;20,8;20,4;20,6;20,7;21,1;20,8;19,5;20,8;20,9;20,7;20,8;20,7;20,7;20,7;20,9;21,4;20,9;20,7;21,1;20,9;21,1;21,1;21,1;20,7;20,9;20,8;20,9;20,2;20,8;20,7;20,6;20,6;20,8;20,7;21,2;21,1;21,2;21,2;20,9;21,2;20,8;20,5;20,7;21,5;21,6;21,5;20,9;20,8;20,9;20,9;21,5;20,7;20,6;20,8;21,2;20,9;21,5;21,1;20,6;20,9;20,2;21,5;20,8;20,6;21,1;21,1;20,6;20,7;20,6;21,1;21,2;21,1;21,6;20,9;21,5;21,2;21,2;21,1;20,9;21,4;20,9;21,1;21,2;21,1;21,1;21,1;21,6;21,8;21,4;21,4;21,4;21,2;20,9;20,5;20,7;20,5;20,6;21,1;20,6;20,4;20,6;20,7;20,4;20,7;20,5;20,6;20,2;20,2;20,4;20,4;20,5;20,4;20,2;20,2;19,4;20,4;20,7;19,8;20,6;20,2;19,6;19,8;19,8;20,5;20,1;20,1;20,2;20,8;19,9;19,8;19,9;20,2;20,1;20,1;20,5;20,2;20,5;19,8;20,4;20,6;20,5;19,9;20,1;20,5;20,5;20;20,4;20,2;20,4;19,6;20,6;20,4;20;20,7;20,1;20,1;20,2;19,9;20,2;20,4;20,2;20,2;20,2;20,1;20,1;20,2;20,4;20,1;20,6;20,2;20,1;20,6;20,1;19,8;20,4;20,2;20,4;19,5;20,9;22,7;25;25,7;26,1;26,2;25,7;25,3;27,2;27,3;28,5;28,2;28,5;29;28,5;28,1;27,7;28,6;28,4;28,5;28,8;28,5;28,7;28,8;28,6;28,8;28,6;28,5;28,6;28,6;28,6;28,4;28,1;28,1;28,2;28,9;29;28,5;28,2;28,1;28,5;28,4;28,8;27,9;28,8;28,5;28,1;28;28,5;28,5;28,5;28;28,7;28,2;28,5;28,9;28,8;28,5;28,1;28,1;28,1;28,4;28,4;28,6;28,4;28,5;28,6;29;28,6;28,8;29;28,9;29;29,1;29,3;29,1;29,1;29,2;29,3;29,9;30,2;30,3;30,2;30,3;30,5;30,6;30,8;30,8;30,3;29,1;27,5;26,6;26,8;27,4;28,4;29,9;30,7;30,7;30,3;30,3;30,3;30,2;29,9;29,7;29,7;29,2;28,8;28,9;28,9;29;28,6;29,1;28,5;28,5;27,9;27,7;27,8;27,8;27,9;27,7;28,6;29;29,5;30;30,5;30,2;30,6;31,1;30,8;30,9;30,7;30,4;30,3;29,5;29,4;28,7;28,2;27,9;27,4;27,6;27,7;27,8;27,9;27,8;27,8;27,2;27,5;27,8;28,4;28,7;28,4;28,7;28,7;28,6;28,5;28,8;28,8;28,9;29;29,1;29,3;29,4;29,9;30,1;30,1;30,4;30,6;30,8;30,6;30,4;30,5;30,4;30,4;30,2;29,7;29;28,2;27,7;27,2;27,1;28;29,2;30,4;30,7;30,8;30,4;30,5;30,5;30,4;30;30,2;30,7;30,5;30,5;30,5;29,9;30,3;29,9;30;30;29,4;30;30,1;29,4;29,7;29,3;29,2;29,2;29,5;28,7;29;28,6;29,2;29,2;29;29,1;29;29;29,1;28,9;28,8;28,5;28,2;28,4;28,4;28,2;28,4;28,2;28,9;28,5;28,1;27,8;28,4;28,2;27,5;27,9;28,1;28;27,5;28;28,1;27,4;27,2;28,2;27,8;27,5;27,6;27,6;27,4;27,7;27,9;27,3;27,5;27,6;27,3;27,8;27,5;27,8;27,6;27,6;26,7;26;25,8;25,3;25,1;25;25,2;23,4;21,9;21,5;20,8;20,5;20,2;20,4;20;20,1;19,5;20,2;20,1;20,1;20,4;19,9;20,1;19,8;19,8;19,6;20,1;19,9;20;20,4;20,4;20;19,6;19,9;20,5;19,6;20,4;20,2;20,6;19,9;20,5;19,5;19,5;19,9;20;19,9;20,7;19,9;19,5;19,3;20,6;19,9;20,1;20;19,6;19,3;20;20,1;20;20,5;20,4;20,4;20,4;20,9;20,1;19,8;19,8;20,2;19,8;20,1;19,2;19,9;20,2;19,8;20;19,9;19,9;20;19,8;20,1;20;19,9;19,9;19,8;19,9;20,1;20;19,6;19,9;19,8;19,8;20,1;20,4;20,2;20;19,9;19,8;19,8;19,8;19,3;19,8;19,5;19,6;19,5;19,4;20,8;20,2;20,4;20,1;20,1;20,2;19,9;20,2;20;19,5;19,8;19,6;19,5;19,6;20;19,9;19,4;19,5;19,3;19,6;20,1;20;19,6;19,5;19,9;19,9;20,1;20,2;20,1;20,1;19,9;19,4;19,9;20;19,9;19,5;19,9;19,9;20,1;20,2;20;19,9;19,6;20,1;19,4;20;20,2;19,5;19,8;19,8;19,8;20;19,8;19,8;20;19,3;19,2;19,6;19,4;18,8;19,2;19,9;19,8;19,9;20,4;18,8;20;20,1;20,1;19,5;19,9;19,9;19,8;19,8;19,6;19,5;19,9;20,1;19,6;19,8;19,521,1;20,9;21,1;20,7;21,1;20,8;20,7;21,1;21,2;21,1;21,1;21,1;20,8;20,6;20,4;20,8;20,6;20,7;20,6;20,6;21,4;20,5;20,5;21,2;21,1;20,7;20,6;20,7;20,7;20,6;20,6;20,8;20,8;20,4;20,6;20,7;20,5;20,8;21,1;20,4;20,9;20,8;20,9;21,1;21,2;21,1;20,9;20,7;20,7;20,7;20,9;21,1;21,1;20,9;20,8;20,9;20,9;20,7;20,5;20,4;20,7;20,8;20,9;20,9;20,5;20,7;21,1;20,8;21,1;20,8;20,8;20,8;21,1;20,9;20,7;20,8;21,1;20,9;20,9;20,2;20,9;20,9;21,1;20,5;20,7;21,2;21,2;20,9;21,4;20,8;21,2;21,2;21,1;20,9;21,1;21,2;21,2;21,4;21,5;21,5;21,4;21,1;21,4;21,6;21,4;21,1;20,9;20,9;20,8;20,8;21,1;20,6;20,6;20,8;20,6;20,7;20,7;20,8;20,9;20,9;20,8;20,5;20,2;20,4;20,2;20,5;20,2;20,1;20,6;20,2;19,9;20,6;20;20,6;20,4;20;19,9;20,4;19,8;20,2;19,9;20;20,5;20,6;20;20,2;20,1;20,2;20,4;20,5;20,4;20,1;20,4;19,9;20,7;20,5;20,4;19,9;20;20,5;20,6;20,1;20,6;20,2;20,6;19,9;20,6;20,1;20;20,4;20,4;20,4;20,2;19,9;20,2;20,1;19,9;20,1;20,5;20,1;20;19,9;20,8;20,1;20;20,4;20,2;20,1;20,4;20,1;20,1;20,1;19,8;20,6;20,7;23,1;24,6;25,6;25,7;25,8;25,8;25,8;27,2;28,1;29;28,6;28,9;29,1;28,1;28,5;28,8;29;28,5;28,5;28,5;29;28,9;29;29;28,1;28,7;28,4;28,4;28,6;28,6;28,8;28,9;28,2;28,5;29;28,6;28,5;29;28,7;28,9;28,2;28,6;28,2;28,4;28,5;28,5;28,1;28,5;28,6;28,6;28,5;28,7;28,5;28,4;28,8;28,7;28,7;28,5;28,5;28,5;28,1;28,8;28,8;28,6;28,7;28,8;29,3;28,8;29;29;29,1;29,1;29,3;29,4;29,2;29,2;29,5;29,9;30,1;30,2;30,3;30,4;30,2;30,5;30,8;31,1;31,1;30,3;28,8;27,5;27,1;27,2;27,4;28,2;29,7;30,6;31;30,6;30,5;30,6;30,5;30;30,2;29,7;29,4;29,2;29,1;29,2;29,1;28,4;28,8;28,8;28,7;28,1;28,1;27,9;27,7;27,9;27,7;28,4;29,2;29,3;29,9;30,4;30,4;30,9;31,2;31;31,2;31,2;30,4;30,7;29,5;29,1;28,8;28,6;28;28;27,7;27,6;27,9;28,1;27,8;27,8;27,3;27,8;27,9;28,1;28,2;28,5;28,7;28,9;28,5;28,7;28,9;28,7;29,1;29,2;29,2;29,4;29,9;30;30,2;30,4;30,5;30,7;30,9;30,8;30,6;30,6;30,6;30,4;30,4;30,1;29,1;28,1;27,7;27,3;27,3;28;29;30,2;30,4;30,9;30,7;30,7;30,6;30,5;30,1;30,6;30,9;31;30,7;30,4;30,5;30,3;30;30,4;29,9;29,9;30;30;30,1;29,9;29,4;29,9;29,4;29,5;29,4;28,7;28,9;29,5;29,5;29,9;29,1;29,1;29,3;29,3;28,9;29,4;29,1;28,5;28,7;28,1;28,8;28,9;28,6;28,9;28,4;28;28,6;28;28,6;27,8;28,6;28,4;27,7;28,1;28,2;28,6;27,6;28,1;28,6;27,8;27,8;28,1;28,1;28,1;28,4;27,7;28,1;28,1;28;27,9;27,8;27,9;28,1;28,1;27,9;26,8;26,3;25,8;25,4;25,3;25,2;25,1;23,5;22,3;21,6;20,6;20,7;19,5;20,5;19,8;20,2;20,4;19,8;20;20,1;20,5;20,5;20,4;19,9;20;19,6;20,1;19,9;19,9;20,1;20,4;19,9;20;20,1;20,8;20,1;20,5;20,1;20,2;19,8;20,5;20,6;19,3;20,4;19,9;20,1;20,2;19,6;19,9;20,4;19,6;20;20,2;20,2;19,3;20,1;20,4;20,4;20;19,3;20,1;20;20;20,1;20,1;19,8;19,5;20,5;19,9;20,2;19,8;19,8;20,2;20,4;20,5;19,9;19,3;19,8;20;20;19,9;20,1;20,1;19,9;19,8;20,1;20,1;19,8;19,9;19,8;19,6;19,9;20,1;20,1;20,1;20;20;19,8;20,2;19,4;20;19,9;19,8;20;19,4;20,5;19,9;20;20;19,8;19,9;20,2;19,6;19,8;19,6;19,6;20;20,6;19,9;19,6;19,6;19,9;20;20,5;20,1;20;19,8;19,3;19,5;19,9;20;20,2;19,6;19,9;20,2;19,9;19;19,6;20,1;19,9;19,6;20,1;19,9;19,9;20,1;20;20,1;19,6;20,1;19,3;19,4;19,4;19,8;19,9;19,8;19,6;19,8;19,9;19,6;20,1;20,5;19,9;19,9;19,9;19,6;20;20,2;20,2;20;20,6;19,3;19,3;20,1;20;20;19,9;20;20;19,9;19,6;19,8;20;19,9;19,8;20;19,921,9;20,9;21,2;21,1;20,9;20,8;20,8;21,1;20,9;20,8;20,8;20,9;20,7;20,7;20,5;20,8;20,9;20,7;20,6;20,6;21,1;20,9;20,7;20,8;20,8;21,1;21,1;20,9;21,4;21,4;21,1;20,8;20,4;20,8;20,9;20,7;20,8;21,2;21,2;20,5;21,5;20,8;21,2;21,1;21,4;20,8;20,9;20,9;20,7;20,8;21,1;21,2;21,4;20,9;20,8;20,8;21,1;20,9;20,9;20,8;20,8;21,4;20,9;20,8;21,2;21,6;20,9;21,2;20,9;21,4;20,9;21,4;21,1;21,6;20,9;21,2;21,1;20,7;20,8;21,2;21,8;20,8;21,1;20,9;20,7;21,2;21,2;21,1;21,5;20,8;21,1;21,8;21,1;20,9;21,2;21,2;21,4;21,5;21,5;21,5;21,4;21,1;21,1;21,4;21,4;21,1;20,9;21,1;20,9;20,7;20,7;20,7;20,7;20,7;20,5;20,6;20,7;20,7;20,2;20,4;20,7;20,8;20,4;20,6;20,6;20,1;20,9;20,6;20;20,1;20,6;20,5;19,9;20,1;20,5;20,1;19,9;20,8;19,9;20;20;20,5;20,1;20,1;20;20,5;20,2;20,1;20,5;20,4;20;19,8;20,4;20,1;20,7;20,4;20,2;19,9;20;20,5;20,2;20,2;20,7;20,4;20,1;20,4;20,4;19,9;19,8;20,1;20,1;20,6;20,6;19,8;20,4;20,5;20,1;19,8;20,5;20,5;19,9;20,1;20,4;19,8;20,1;20,6;20,8;20,2;20;20,2;20,1;20,4;20;20,1;20,7;22,6;25;26;26,1;25,6;26,4;25,7;27,2;28,5;28,8;28,9;28,4;29,3;29,9;28,9;28,8;28,1;29,1;29;28,7;28,4;29,2;29,2;29,2;29;28,7;28,9;28,7;28,9;28,8;28,6;28,7;28,7;28,4;29,1;28,6;28,9;29;28,8;28,8;28,8;28,5;28,8;28,6;28,7;28,7;28,4;28,6;28,7;28,8;28,6;28,7;29;28,7;28,8;28,6;28,6;28,8;29;29,1;28,5;29,1;29;28,8;28,8;28,9;29,3;29,2;29,3;29,2;29,2;29,3;29,4;29,5;29,4;29,5;30;30,2;30,1;30,3;30,3;30,4;30,3;30,5;31,1;31,3;31;30,1;28,8;27,6;27,2;26,8;27,1;28,4;29,9;30,6;31,3;31,2;31,2;30,7;30,5;30,3;30,3;30;29,7;29,5;29,3;29,5;29,3;28,9;29,1;28,9;28,1;28,4;27,9;27,9;28,1;27,6;28,4;28,4;29,4;29,7;30,1;30,3;30,6;31,1;31,5;31,5;31,3;31,5;30,7;30,9;30;28,8;29,1;28,7;28;28;28;27,8;27,9;28,1;27,8;28,1;27,7;27,8;27,9;27,9;28,5;28,7;28,8;29;28,6;28,8;29;28,9;29,2;29,4;29,5;29,4;30;30,2;30,4;30,8;30,9;30,9;31,1;31,1;31;30,9;30,8;30,7;30,6;30,3;29,1;28;27,5;27,3;27,4;28;29;30,3;30,8;31,2;31,1;30,8;30,8;31;30,4;30,7;31,3;31,2;30,7;30,1;31;30,5;30,9;30,5;30;30;30,1;30,1;30,2;29,9;30,2;30;29,4;29,4;29,7;29,4;30,1;29,7;29,3;29,7;29,5;29,5;30;29,7;29,1;29,5;28,9;28,8;28,7;28,6;29;29,3;29;29,2;27,9;27,8;28,2;28,6;28,6;28,6;29,2;28,8;29;29,1;28,4;28,8;28,1;28,5;28,6;28;28,5;28,1;28;28,7;28,5;29,3;28,5;28,9;28,5;28,2;28,2;28,2;28,4;28,5;28;27,6;26,7;26,5;25,6;25,3;25,3;24,7;23,6;22,5;21,9;21,4;20,4;19,6;20,1;20,1;20,1;20,1;19,8;20;20;20,5;20,4;19,6;19,8;20,2;20,4;20,1;20;19,9;19,8;20,5;19,8;20,4;19,9;20,5;19,9;20;20;19,9;19,9;20,4;20,1;20;19,9;20,1;19,5;20,2;20;19,9;20;19,5;19,6;20,2;20,2;18,9;20,8;20,1;19,6;20,4;19,2;19,4;19,6;20,2;19,6;20,2;19,3;20;20,2;19,9;19,5;19,8;20;20,4;20;20;20,4;19,8;19,6;20,1;20,1;19,9;20;19,9;19,8;19,8;20,2;20,1;19,9;20;20;20;20;20,1;20,2;20,1;20;20;19,5;20;19,8;19,8;20;19,8;20,1;19,6;20,1;19,9;20;20,2;19,8;19,5;20,2;20,2;20,2;19,8;19,9;19,9;20,2;20,5;20,1;20;19,8;20,1;19,9;19,9;19,9;19,8;19,8;19,6;19,5;20;19,9;19,9;19,9;19,8;19,8;19,3;19,5;20,1;19,6;19,4;19,9;20;19,8;19,9;20,4;20,2;19,5;19,3;20,2;20;20;19,8;20,1;20,1;19,8;19,9;20,4;20,4;20,2;20,1;19,9;20,1;19,9;19,9;19,6;19,8;20,4;20;20,1;19,9;19,4;20;20,4;20,1;19,8;19,9;19,9;19,6;19,8;20,2;20,2;19,8;19,5;20;19,820,9;20,6;20,8;20,8;20,6;20,5;20,6;20,7;20,9;20,7;20,5;20,6;21,1;20,6;20,7;20,2;20,7;20,7;20,9;21,1;20,8;20,7;20,9;21,1;21,1;20,9;20,9;21,1;20,9;20,8;20,8;20,9;21,1;20,6;20,2;20,8;20,9;21,8;21,9;20,8;21,1;20,8;21,1;20,6;21,6;20,8;20,8;21,2;20,8;20,8;20,9;21,2;21,1;20,9;21,2;21,1;20,8;20,8;20,9;21,1;20,9;21,1;21,4;21,1;20,7;21,5;21,4;21,5;21,4;20,7;21,1;21,8;21,5;20,9;20,4;21,1;20,7;20,6;21,6;21,2;21,5;21,2;21,1;20,8;21,2;21,1;21,8;21,5;21,4;20,8;21,1;21,6;21,2;20,9;21,1;21,1;21,1;21,4;21,4;21,4;21,5;21,6;21,5;21,6;21,4;21,4;21,4;20,8;20,9;21,1;20,9;20,8;20,9;21,8;20,8;20,9;20,7;21,4;20,8;20,6;21,1;20,7;20,4;20,1;20,7;20,5;20,6;20,4;20,8;20,1;20,6;20;20,4;20;20,5;20,2;20;20,1;20;20,6;19,5;20,6;20;20,6;20,4;20,4;20,2;20,4;20;20,1;20;20,1;20,7;20,1;20,4;20,4;20,1;20;20,6;20,6;20,4;19,9;20,2;20,1;19,6;20,1;20,4;20,1;19,9;20,4;20,1;19,9;20,5;19,9;20,5;20,5;20,2;19,8;20;20,2;19,3;20,5;20,6;20;20,7;19,9;20,1;20,6;20;19,9;20,5;20;20,1;19,9;20,4;22,8;24,5;25,7;26;26,1;25,6;25,5;26,7;28,1;29,1;29,2;29,4;29;29,2;28,6;28,9;28,5;29,2;28,8;29,2;29,2;29,2;29,3;29,4;29,1;28,5;28,8;29;28,9;29,2;28,6;28,9;29,1;28,8;28,9;29;28,9;29;29;28,7;28,9;28,9;28,6;29;29;28,5;28,8;28,9;29,1;28,9;28,8;28,8;28,9;29,1;29;28,7;29;28,8;29,2;29,7;28,6;29,2;29;29,2;29,1;28,8;29,3;29,4;29,4;29,4;29,3;29,3;29,7;29,7;29,9;30,1;30,1;30;30,3;30,5;30,5;30,5;30,6;30,9;31,3;31,5;31,2;30,4;28,9;27,4;26,6;26,6;27,1;28,4;29,9;31,1;31,6;31,3;31,3;30,8;30,7;30,4;30,4;30;30;29,7;29,7;29,5;29,5;29,1;29,4;29,3;28,6;28,5;28;28,2;28,4;27,6;28,2;28,4;29,3;30;30,2;30,8;30,7;31,5;32;31,8;31,4;31,5;31,1;31;30,5;29,4;29,2;28,5;28,5;27,8;28,4;28;27,9;28,2;27,9;28,5;27,9;28,1;27,9;28;28,8;28,8;29;28,9;28,9;28,9;29,5;29,2;29,4;29,5;29,7;29,7;30,1;30,4;30,8;31,2;31,1;31,2;31,5;31,5;31,3;31,1;31;31,1;30,7;30,1;28,9;28;27,3;27,2;27,1;27,8;29,2;30,6;31,1;31,4;31,4;30,9;31,1;31,1;31;30,5;31,8;31,4;30,9;30,8;31,1;30,7;30,9;30,6;30,3;30,2;30,2;30,4;30,4;30,1;30,3;30,1;30;29,9;30,1;29,9;30,3;30;29,9;29,7;29,9;30,2;29,9;30,4;30,2;29,2;29,1;29,1;29,4;28,8;29;29;29,2;29,1;28,4;28,8;29,4;29;29,2;28,6;28,8;28,7;29;28,7;28,7;28,6;28,4;28;28,9;28,6;29;28,7;28,4;28;28,8;28,4;27,8;28,6;28,5;29;28,4;27,8;28,7;28,6;27,8;27,2;26,6;26,2;25,5;25;25,2;24,7;23,8;22,8;21,9;21,1;20,1;20,2;20,2;20,2;19,9;20,4;20,1;19,8;20,1;20,4;20,2;19,5;20;20,2;20,8;19,8;20;20,2;19,8;20,5;20,2;20,5;20,1;19,8;19,8;20;20,2;20,4;19,9;19,9;20;19,9;19,9;20,2;19,8;20,5;20,1;20,5;19,5;20,6;20,6;20;20,5;20,4;20,2;20;20,2;20,1;19,6;20,2;19,9;20,6;19,6;19,8;19,9;20,4;20,2;20,7;20,5;20,2;20,1;20,1;20,6;20,5;20,2;20,2;20,1;20,1;19,6;19,8;20;19,8;20;20,2;20,4;20,1;20;20;20,2;20,4;20,2;20,2;20,4;20,1;20,1;20,2;20,2;19,8;19,8;19,6;20;20,2;20;19,8;20,1;20,4;20;19,4;19,9;20;20,5;19,3;20,1;20,2;19,5;20,1;20,2;19,6;19,4;19,9;19,5;19,9;20;19,8;19,8;19,8;19,8;19,6;20,4;20,2;20;20;19,6;19,6;20;19,9;20,2;20;19,8;19,4;19,8;20,1;20,4;20,4;19,6;20,1;19,6;19,6;20,4;20,7;20,2;20,4;20,5;20,2;20,1;20,4;20,6;20,4;20,4;20,2;19,5;20;20,1;19,8;20;20,4;20,6;19,5;19,8;20;20,1;20,1;20,4;19,8;19,5;19,9;19,9;19,8;19,9;20;20;19,5;19,3;19,8;19,420,8;21,4;21,2;20,9;20,5;20,2;20,5;20,8;20,9;20,6;20,6;20,7;20,8;20,5;20,6;19,9;20,8;21,4;20,4;20,5;20,7;20,6;20,6;21,1;20,4;20,4;20,7;20,7;20,4;20,4;20,5;20,5;20,5;20,6;20,6;21,1;20,6;21,6;21,4;20,5;20,7;21,2;20,6;20,7;21,1;20,7;20,9;20,8;20,8;21,1;20,7;20,8;21,4;21,2;21,1;21,2;20,9;20,7;21,2;21,6;21,4;21,2;21,2;20,9;20,9;21,4;20,9;21,1;21,4;21,4;21,4;21,2;21,2;21,2;21,1;21,4;20,7;21,5;21,6;21,1;21,5;21,1;20,7;20,9;21,2;20,8;21,9;21,2;21,1;21,4;21,5;21,6;21,5;21,4;21,4;21,2;21,1;21,4;21,5;21,6;21,8;21,8;21,8;21,8;21,4;21,2;21,5;21,4;20,9;20,7;21,2;21,6;21,2;21,1;20,6;20,9;21,2;20,7;20,6;20,6;20,5;20,8;20,7;20,7;20,2;20,7;20,4;20,2;20,4;20,6;19,8;20,6;20,4;20,5;20,4;20,1;20,1;20,1;19,8;20,2;19,9;20,6;20;20,6;20,1;20,2;20,4;20,4;20,2;20;20,5;20,4;20,6;20,2;20,5;20,4;20,5;20,2;20,4;20,5;20,7;19,8;20,1;20,2;20,1;20;20,4;19,9;20,4;20;20,2;20;20,7;19,9;20,4;20;20,7;19,8;20,1;20;20,2;20,5;20,4;19,9;20;19,8;20,1;20,1;20,1;20,1;20;19,8;20,1;20,2;21,1;22,9;25,1;25,8;26,1;26;26,2;26,1;26,7;28;29,3;29,4;29,9;29,2;29,3;28,5;29,9;29,3;29,7;28,8;29,1;29,2;29;29,9;30;29,3;28,8;28,9;29;29,1;29,1;29,2;29,3;29,7;28,9;29,3;29;29,1;29,2;29;29,2;29;29,4;28,8;29,1;28,7;28,8;29;29,2;29;29;29,2;28,7;28,7;29;28,9;29;29,1;28,7;29,4;29,4;28,6;29,4;29;29,5;29,4;29,1;29,3;29,3;29,7;29,7;29,5;29,3;29,4;29,9;30,1;30,2;30,2;30,1;30,5;30,6;30,7;30,6;30,9;31,3;31,5;31,8;31,5;30,6;29;27,4;26,3;26,5;27,1;28,2;29,7;31,1;31,6;31,4;31,2;30,9;30,7;30,6;30,7;30,2;30,2;30;30;29,4;30;29,2;29,4;29,1;28,9;28,6;28,1;28;28;28,5;27,8;28,5;29,5;29,5;30,2;30,9;31,1;31,4;31,8;31,8;31,4;31,3;31,1;31,4;30,8;29,9;29,1;28,6;28,2;28,4;27,9;28;28,2;28,4;28,1;28;28,1;28,5;28,2;28,5;28,9;29,1;29,3;29;29,2;29,2;30;29,3;29,7;29,5;30;30,1;30,5;30,8;31;31,2;31,1;31,3;31,7;31,6;31,5;31,4;31,2;31,1;30,8;30,2;29,1;28;27,2;27,1;26,8;27,9;29,7;31;31,2;31,7;31,3;31,1;31,2;31,1;31,4;31;32;31,7;31,4;31,3;31,5;31;30,7;30,9;30,9;30,6;30,2;30,4;30,3;30,8;30,4;30,3;30,1;30;30,6;30,3;30,4;30,3;30,1;30;30,1;30,3;30,2;30,5;30,2;29,4;30;29,7;29,5;28,8;28,9;29;28,8;29,7;29;29,1;29,3;28,7;29;28,9;29,2;29,7;30,2;28,8;28,8;28,6;28,7;28,9;28,8;28,8;28,7;29,1;29,1;28,6;28,9;28,7;29;28,7;28,8;29,1;29;28,7;28,8;29,2;28;27,8;26,5;25,7;25,8;25,4;25,3;25,1;24;23,1;21,6;21,5;20,5;20,1;19,9;20,2;20,1;20,7;20,5;19,8;20,2;20,4;20,6;20,2;20,1;20,1;20,8;19,6;20,1;20;19,9;20,4;20,6;20,2;20;20,2;19,9;20,4;20,1;20,5;19,8;20,2;20,1;20,5;20;20,7;19,9;20,9;20,2;20,4;20,4;20,1;20,5;20,2;20,2;19,3;20;20,4;20,1;20;20;19,9;20;20,6;19,9;19,8;20;19,9;20;19,8;19,8;19,8;19,5;19,9;20,7;20,6;20,2;19,8;20,1;19,9;19,9;20,2;20,4;20,1;20,1;20,2;20,5;20,2;19,9;20,2;20,4;20,4;20,4;20;20,2;20,4;20,2;20,6;20,2;20;20,1;19,9;19,9;20,4;19,9;20,2;20,1;20;19,6;19,6;20,5;20,6;19,8;20,4;19,8;20;20,6;20,5;20;20,6;19,8;19,5;20,4;20,1;20,1;19,9;19,8;20,1;20,4;20;19,5;19,6;19,9;20,1;20,1;19,6;20,1;20,1;20,5;19,6;20;19,6;19,6;19,6;20,1;20,2;19;20;19,2;19,8;20;20;19,3;19,4;19,8;19,6;19,6;19,8;19,5;19,5;19,6;19,9;19,9;19,8;19,6;19,9;19,9;19,5;18,8;19,6;20,2;20;19,9;19,8;19,6;19,9;19,8;19,8;19,9;20;20,1;20;19,9;19,6;19,8;20;19,520,6;21,1;21,2;20,9;20,8;20,7;20,8;20,9;20,9;20,9;20,7;20,9;20,8;20,8;20,8;20,7;20,9;21,4;20,9;20,7;20,7;20,5;20,8;20,9;21,5;21,2;20,8;21,1;21,2;20,8;20,9;21,2;20,9;20,7;20,8;21,5;20,7;21,5;21,2;20,8;21,5;21,4;20,7;20,8;21,1;20,6;20,8;21,1;20,6;20,9;20,8;20,7;20,8;20,8;20,8;21,1;21,1;21,1;20,8;20,6;20,5;20,5;20,4;20,5;20,8;20,8;20,8;20,6;20,7;21,5;20,7;21,2;21,6;21,2;20,7;21,4;21,2;20,6;20,7;20,9;20,9;20,9;20,8;21,2;20,8;20,7;21,4;21,1;21,1;21,2;21,4;21,4;21,2;21,5;21,8;21,5;21,5;21,6;21,8;21,8;21,6;21,5;21,6;21,6;21,5;21,4;21,5;21,4;21,6;20,8;20,8;21,2;20,9;20,9;21,1;20,9;21,5;21,5;20,8;20,7;20,7;20,9;21,4;20,7;20,7;20,5;20,2;20,6;20,8;20,5;20,8;20,9;20,4;20,4;20,4;20;20,5;20,6;20;20,4;20,4;20,4;20,1;20,2;20,4;20;20,4;20;20,4;20,2;20,7;20,2;20,2;20,5;20,7;20,4;20,7;20,5;19,8;20,4;20,8;20,5;20,5;20,5;20,2;20;20,2;19,9;20,5;20,4;20,4;20,1;20,2;20,4;20,8;20;20,8;20,6;20,7;20,4;20,6;20,4;19,8;20,5;20,6;20,1;20,8;21,1;20,6;20,1;20,6;20,8;19,6;20,5;20,9;22,5;25,5;25,8;25,8;25,8;26,2;25,8;27,8;28,4;29;29,4;29,5;29,5;29,7;29,9;29,5;29,5;29,3;29,1;29,4;29,7;29,7;30,3;30,1;29,9;29,3;29,4;29;29,4;29,3;29,5;29,5;29,5;29,2;29,4;29,3;29,5;30;29,2;29,9;29,1;29,5;29;29,1;29,2;29,2;29,2;29,4;29;29;29,2;28,9;29,1;29,2;29;29;29,1;29,1;29,3;29,2;29,1;29,4;29,3;29,7;29,4;29,3;29,4;29,7;30,1;30,2;29,7;29,5;29,4;29,9;30,2;30,4;30,4;30,4;30,5;30,6;30,8;30,9;31,1;31,5;31,7;32,1;31,5;30,5;29,1;27,4;26,4;26,3;26,8;28,2;30,1;31,3;31,8;31,6;31,5;31,4;30,9;30,8;30,8;30,5;30,3;30,2;30,2;30;30,2;29,5;29,7;29,3;28,7;28,7;28,2;27,9;28,1;28,8;28,5;29,1;29,7;29,9;30,6;31;31,6;31,4;31,7;31,7;31,8;31,7;31,1;31,6;30,8;30;29,1;28,8;28,8;28,7;28,2;28;28,4;28,5;28,5;28,1;28,1;28,5;28,6;28,8;29,1;29,3;29,5;29,4;29,7;29,3;30,1;29,9;30,2;30,1;30,2;30,5;30,9;31,1;31;31,3;31,4;31,6;32,1;31,8;31,6;31,7;31,6;31,5;31,2;30,6;29,5;28,2;27,2;27,1;27,2;28,5;30,3;31,6;31,6;31,8;31,2;31,3;31,5;31,4;31,3;31,6;31,8;31,6;31,5;31,1;32;31,1;30,9;31,2;30,8;30,7;30,4;30,3;30,4;31;30,6;30,3;30,1;30,1;30,3;30,6;30,3;30,5;30,2;30,3;30,5;30,5;30,6;30,5;29,9;30,2;30,1;30;29,3;29,1;29,3;29,7;29,7;29,3;28,8;29,2;29,4;29,5;29,9;29,5;29,4;29,1;29,3;29,9;28,7;29;28,9;30,2;29,1;29,1;28,9;29;29;28,6;28,7;28,9;28,6;29,1;28,7;28,7;28,8;29,3;29,2;29,7;28,5;27,7;27,2;26,3;26,1;25,2;25,5;25,2;24;22,5;21,6;21,4;20,6;20,6;19,9;20;20,4;20,5;20,1;19,9;20,2;20,1;20;19,8;19,6;20,2;20,6;19,9;20,5;19,8;20;20,4;20,6;20,1;19,8;20,4;20,1;20,2;20,1;20,2;20;20,5;20,1;20,7;19,6;20,9;19,8;21,1;20,5;20,1;20,2;20,4;20,7;20,6;20,4;20,1;20;20,5;20,7;19,8;19,9;20,2;19,8;20,4;20;19,8;19,9;20;20,8;20,4;20,2;20,5;19,9;20,1;20,2;19,9;20,1;20,1;20,1;20,4;20,1;20,4;20,4;20,2;20;19,6;20,1;20,1;20;20,4;20,4;20,1;20,2;20;20,1;20,2;20,1;20,1;19,6;19,6;19,6;20,2;19,8;20;19,8;19,5;19,6;19,4;19,8;19,6;20;19,8;20,2;19,5;19,6;19,9;20,1;19,8;19,9;19,6;19,4;19,4;19,5;19,9;19,8;19,5;19,4;19,4;18,9;19;19,8;19,5;19,5;20;19,5;19,4;19,8;19,5;20;19,6;20,2;19,8;19,6;19,8;19,9;19,9;19,6;20,4;19,8;19,9;20,1;19,9;20,1;20,5;20,5;20,5;20,7;20,2;19,9;19,9;20,4;20,8;20,2;19,3;19,6;20,4;19,4;19,8;19,8;20,1;20,6;19,4;19,9;20,4;19,6;19,6;20,2;20,1;19,9;19,8;20;20,1;20,1;20;19,8;19,9;19,620,8;20,7;20,7;20,6;20,6;20,8;20,8;20,9;20,8;20,7;20,6;21,5;20,9;20,4;20,4;20,7;21,1;20,5;20,2;20,9;21,2;20,7;20,6;20,9;21,1;20,7;20,6;20,8;20,8;20,8;20,9;20,9;20,8;20,6;20,7;21,1;20,9;21,4;21,2;20,7;21,4;21,1;20,9;20,9;21,5;20,8;21,1;21,1;21,2;21,1;21,1;20,9;21,1;21,5;22;21,6;21,1;20,9;20,8;20,9;21,1;21,2;21,5;21,1;20,9;21,2;20,8;21,4;20,8;21,2;21,6;21,2;22;21,5;21,1;21,4;21,2;21,1;21,2;21,6;21,1;21,2;21,6;21,2;20,8;21,2;21,4;21,6;21,2;21,2;21,4;21,4;21,1;21,4;21,6;21,5;21,5;21,5;21,5;21,4;21,2;21,1;21,4;21,2;21,4;21,4;20,8;20,9;21,1;20,8;20,9;20,9;20,6;21,1;20,6;20,1;20,2;21,1;20,5;20,4;20,6;20;20,7;20;20;20,1;20,2;20;19,9;19,9;20,1;20,4;20,2;20,2;20,5;19,8;19,6;20,1;20;20,2;19,5;20,1;20,1;20,4;20,2;19,8;20,4;20,1;20,2;20,2;20,4;20,1;20,2;20,2;20,1;20,5;20,2;20,1;20;20;20,7;20,1;20,4;20;20,4;20,1;20,5;20,1;20,7;20,5;20,6;20;20,2;19,9;20,4;20;20,6;20,9;20,2;20,5;19,9;20,2;20,2;20,6;20,9;20,4;20,5;20,2;20,5;20,2;20,4;20,4;20,2;20,7;20,4;23,1;25,2;25,5;26;26,3;25,8;26,1;27,4;28,6;28,8;29,7;30;30,4;29,3;30;30,1;29,7;30;29,5;29,9;30,3;29,9;30;29,9;29,5;29,2;29,5;29,9;29,9;29,5;29,7;29,7;29,7;30;29,9;29,5;29,4;29,9;29,4;30,1;29,5;29,3;29,2;29;29,7;29,2;29,2;29,1;29,2;29,5;28,9;29,5;29,3;29,3;29,5;29;29,3;29,7;29,4;29,5;29,3;29,3;29,5;29,9;29,4;29,7;29,9;30,1;30;30,1;29,9;29,9;29,5;30,1;30,3;30,4;30,5;30,7;30,6;30,6;31;31,3;31,3;31,7;32,1;32,2;31,7;31;29,1;27,2;26,3;26,2;27,1;28,4;30,2;31,5;32,1;32,2;31,8;31,8;31,1;30,9;30,8;30,6;30,4;30,2;30,5;30;30,3;30;30;29,2;29,1;28,4;28,4;28,2;28,5;29;28,8;29,5;29,7;30;30,7;31;31,5;31,2;32,4;31,6;32,4;31,8;31,3;31,5;30,7;30,1;29,9;29;29;28,7;28,8;28,5;28,1;28,7;28,9;28,2;28,4;28,7;28,7;29;29,2;29,2;29,4;29,5;29,5;29,5;30,4;30,3;30,4;30,4;30,4;30,8;31,1;31,2;30,9;31,2;31,6;31,8;32,1;32;31,8;32;32;31,8;31,5;30,7;29,3;28,4;27,3;26,8;27,2;28,8;30,5;31,8;31,7;32,2;31,5;31,7;31,8;31,7;31,7;31,7;31,7;31,8;31,5;31,4;31,8;31,4;31,4;31,4;30,9;30,7;30,9;30,8;30,9;31;30,8;30,8;30,3;30,4;30,6;30,6;30,3;30,8;30,7;30,8;30,6;30,5;30,4;30,5;30,1;30,4;30,1;30;29,5;29,9;29,9;30,2;29,2;29,5;29,3;29,4;29,4;29,5;29,5;30,2;29,5;29,7;29;29,2;30;29,7;29,2;29,3;29,3;28,4;29,4;28,9;29,5;29,3;29,5;29;29,4;28,8;29,3;28,9;29,4;30;29,9;29,1;28,5;27,5;27,4;26,5;25,7;25,6;25,6;25,2;24,7;23;21,5;21,1;20,9;20,7;20;20,2;20,1;20,8;20,2;20;20,2;20,5;19,9;20;19,8;20;20,2;20;20,5;19,6;19,9;20,1;20,4;20,6;19,8;20,5;19,9;19,9;20,4;20,5;20;20,5;19,4;20,1;19,9;20,6;19,6;20,2;20,1;19,9;19,6;20,1;20,2;20;20;20;19,8;20;19,6;20,4;19,8;19,9;19,3;19,8;19;19,9;19,8;19,2;19,9;20;20,1;19,8;19,6;19,6;20;19,5;19,5;19,3;19,6;19,6;19,5;19,5;19,6;19,6;19,5;19,9;20,1;19,9;19,5;19,9;20;19,9;20,2;20,2;20,2;20,2;19,9;19,8;19,8;20,2;19,6;20,5;20,1;20,1;20,2;19,8;20,1;20;20,1;20;20,2;20,2;20,6;20,1;19,8;20,2;20;20,1;20,9;20,1;20,4;20;20;20;19,8;19,6;19,6;19,9;19,9;19,6;20,1;20,1;20,1;20,2;19,9;20;19,9;19,9;20;19,8;20,1;19,6;19,8;20,2;20,1;20;20,1;20;19,6;20;19,9;19,9;20,2;20,1;20;19,9;19,6;20,1;20;19,6;19,6;19,8;19,8;19,8;19,9;19,9;20;19,8;20,2;19,3;20,1;19,6;18,9;19,5;19,3;19,6;19,9;19,8;19,6;19,5;19,6;19,5;20;19,9;19,5;19,6;19,921,1;20,9;20,8;20,7;20,6;20,7;20,9;20,7;20,6;20,7;21,1;21,2;21,4;20,4;20,5;20,6;20,9;20,8;21,2;21,2;20,7;20,9;20,7;20,5;21,1;21,2;20,9;20,9;20,9;20,8;20,8;20,8;20,7;20,4;20,8;21,1;21,2;21,1;20,9;20,5;21,1;21,2;20,9;20,9;21,1;20,8;21,1;20,8;20,8;20,9;21,2;21,4;21,6;21,8;21,1;20,6;20,6;20,9;21,2;21,4;21,4;21,1;21,6;21,5;20,8;20,7;20,9;20,8;20,7;21,2;21,8;20,6;21,4;20,8;21,2;21,5;21,5;21,2;21,1;20,9;21,1;21,4;21,2;20,9;21,2;21,2;21,4;21,5;21,2;21,4;21,8;22;21,6;21,4;21,4;21,4;21,5;21,5;21,4;21,6;21,6;21,8;22;22;21,6;21,5;21,5;21,2;21,1;21,6;21,4;21,4;21,2;21,4;20,9;21,1;20,7;21,6;20,8;21,9;20,9;21,1;20,7;20,5;21,4;20,6;20,9;20,9;21,4;20,2;20,2;20,9;20,6;20,6;20,5;20,5;20,7;20,7;20,2;20,1;20;20,6;20,5;20,7;20,2;19,9;20,1;20,4;20,2;20,5;20,2;20;20,4;19,9;19,9;20,5;20,2;19,9;20,2;20,2;20,2;19,9;20,1;20;20;20,1;20,7;20,2;20,7;20,1;20,5;19,8;20,1;20,1;20,5;20,4;20,1;19,6;19,9;19,9;19,9;20,2;20,6;20,5;20,7;19,8;19,4;19,8;20;20;20,1;19,9;19,8;19,5;20,4;22,1;24,8;25,2;25,8;26,2;25,3;26,1;26,4;27,9;29;29,3;29,2;30,1;29,5;29,3;29,9;29,7;30;29;29,5;29,4;29,9;30,1;30;29,5;29,2;29,3;29,2;29,9;29,4;29,4;29,4;29,5;30;29,5;29,9;29,2;29,5;29,3;29,7;30;29,9;28,9;28,9;29,1;29,4;29,2;29,2;29,1;29,5;28,7;29,5;29;29,3;29,7;29;29,3;29,4;29;29,4;29;29,5;29,3;29,7;29,4;29,7;30,1;30;29,7;30;29,9;29,5;29,9;30,3;30,4;30,5;30,6;30,7;30,7;30,8;30,9;31,1;31,3;31,6;32;32,2;32,1;31,1;29,2;27,3;26,5;26,2;27,1;28,4;30,2;31,7;32,2;32,1;31,8;31,6;31,4;31,3;31,1;30,6;30,4;30,3;30,1;30,1;30,2;30,1;29,4;29,2;29,7;28,8;28,6;28,1;28,8;28,9;28,7;29,3;29,3;29,5;30,4;31,2;31,5;31,3;32,4;32;31,4;31,7;31,5;31,3;30,7;30,1;29,4;29,1;28,8;28,5;28,8;28,5;28,2;28,6;28,8;28,1;28,2;28,6;28,9;29,2;29,3;29,5;29,5;29,7;29,7;30,1;30,3;30,3;30,7;30,5;30,4;30,8;30,9;31,2;31,2;31,3;31,6;31,7;32;32,1;32,1;32,1;32;31,8;31,6;30,8;29,2;27,8;27,2;26,6;27,1;28,5;30,2;31,7;31,7;32,4;31,7;31,7;31,6;31,6;32;31,6;31,5;32,1;31,7;31,5;31,5;31,3;31,4;31,6;31,1;30,7;31,1;31,1;30,9;30,8;30,7;31;30,5;30,5;30,7;30,6;30;30,9;30,5;30,7;30,7;30,2;30,4;30,4;29,9;30,3;30,2;29,7;29,7;30;29,7;29,4;29,4;29,3;29,4;29,5;29,4;28,8;29,1;29,1;29,9;29,3;28,8;28,9;29,9;29,2;28,7;28,9;29,7;29,3;29,3;29,5;28,8;28,9;29,3;28,7;29;29,3;28,9;28,9;29,4;30;29,2;28,9;28;27,2;27,1;26,2;26;24,8;25,3;24,6;23,4;22,3;21,2;20,4;19,8;20,4;19,9;20,4;20,1;20,4;19,9;19,9;19,9;20,2;20,4;20;20,1;20,2;20;19,9;20,4;19,6;20,1;20,1;20,1;20,4;20;20,6;19,8;20;20,4;20,8;19,9;20;19,8;20;20,2;20,4;20;20,5;20,2;20,7;19,9;20,2;20,1;20,2;20,2;20,4;20,2;20;20,5;20,4;20,1;19,8;19,9;20,1;19,9;20,6;20,1;20;20,8;19,5;20,5;20,6;20,5;19,9;20;20,5;20,4;20,2;20,4;21,1;20,4;20,4;20,1;20,2;19,9;20,1;20,5;20;20;20;20,1;20,1;20,2;20;20,4;20,4;20;20,1;20;20;19,4;19,9;20,1;20;20,1;20;20,2;20;19,4;19,4;20,4;20,6;20,4;20,4;20;19,8;19,6;19,9;19,3;20,1;19,8;19;19,6;19,6;20,1;19,8;20,1;20,4;19,4;19,3;19,6;19,9;19,6;19,8;19,9;19,8;19,8;19,9;19,5;19,3;19,3;19,5;19,8;20,1;20,4;20,1;20,1;20;19,6;20,1;19,9;19,6;19,9;19,8;19,9;19,9;20,2;19,5;19,5;20,2;20,1;20;20;19,9;19,9;19,5;19,9;20,2;20;19,4;20;20,2;18,9;19,6;19,4;19,5;19,8;19,6;19,5;19,8;19,6;19,3;19,9;19,8;19,6;19,8;19,920,7;20,9;21,1;20,9;20,9;20,7;20,7;20,8;20,6;20,4;20,4;20,7;21,2;20;20,9;20,8;20,8;20,6;20,5;20,7;20,7;20,7;20,5;20,8;20,9;20,9;20,9;20,9;20,7;20,6;20,6;20,5;20,6;20,8;20,9;21,1;20,8;20,9;20,7;20,8;21,2;21,5;20,8;20,6;20,8;20,9;21,2;21,1;20,8;21,1;21,4;20,9;20,9;21,2;20,9;20,8;20,9;20,8;20,6;20,7;20,8;20,5;20,9;20,9;20,7;20,5;21,1;20,9;20,9;21,2;21,2;20,8;21,1;21,5;21,4;21,1;21,8;20,6;20,9;20,9;21,6;21,5;21,2;21,1;21,5;21,1;21,2;21,4;21,1;21,2;21,8;22;21,5;21,2;21,2;21,2;21,5;21,5;21,6;21,8;21,8;21,6;21,2;21,6;21,8;21,8;21,6;21,6;20,9;20,8;21,5;20,6;20,7;20,9;20,9;20,9;21,2;21,1;20,9;20,9;20,8;21,2;20,9;20,7;20,2;20,8;20,8;20,5;20,6;20,1;20,7;20,5;20,4;20,5;20,4;20,4;20,2;20,7;20;20,2;20,2;20,1;20,4;20,6;20;19,8;20;20,2;19,9;20,4;20,2;20;20,4;20;20;20,6;20,2;20,2;20,4;20,6;20,2;20,4;20,6;20,4;20,4;20,8;20,4;20,7;20,6;20,6;20,7;20,5;20,1;20,2;20,2;20,5;20,1;20,4;20,4;20,5;20,9;20,5;20,6;20,2;20,8;20,1;20,4;20,5;20,5;20,2;20,5;20,2;20,5;20,7;21,4;22,7;24,7;26,4;26;26,3;26;26,1;27,7;28,6;29,9;29,4;30,2;30,7;30,2;30,1;30,5;30,2;30,1;29,3;30,2;29,4;30,2;30,1;30,5;29,7;29,7;29,3;29,2;30,2;30;30,3;29,9;29,7;30,1;29,7;29,5;29,4;29,7;29,5;30;29,7;29,9;29,4;29,3;29;30;29,4;29,9;29,4;29,2;29,1;29,4;29;29,4;29,4;28,9;29,4;29,2;29;29,4;29;29,9;29,3;29,2;29,7;30;30,1;29,7;29,9;30,2;29,7;29,7;30;30,2;30,4;30,6;30,6;30,6;30,8;31,1;31;31;31,4;31,8;32,1;32,5;32,2;31,1;28,8;27,2;26,4;26,2;26,8;28,5;30,3;31,5;32;31,7;31,7;31,7;31,7;31,5;31,2;30,7;30,3;30,3;30,4;30,1;30,2;29,7;29,7;29,1;29,4;29;28,8;28,5;28,5;28,5;28,6;28,9;29,9;30;30,6;31,3;31,4;31,3;32,5;31,7;31,8;31,6;31,6;31;30,5;30,1;29,1;29,1;28,5;28,5;28,6;28,2;28;28;28,4;28,1;28,2;28,5;28,6;28,7;29,2;29,3;29,7;29,7;30;29,9;30,1;29,9;30,3;30,1;30,2;30,5;30,7;31,2;31,4;31,4;31,6;32;32,4;32,6;32,2;32,1;32,1;31,7;31,6;30,9;29,2;27,7;26,6;26,5;26,6;28,1;30,1;31,6;32;32,5;31,8;31,6;31,6;31,7;31,7;31,7;31,4;32,4;32,1;31,5;31,5;31,7;31,5;31,6;31,2;31;31,1;31,3;30,9;30,9;30,9;31,4;30,7;30,8;31;31,1;30,4;30,9;30,7;30,8;31;30,8;30,9;30,9;30,3;30,4;30,3;30;29,9;29,9;30,2;29,4;30;30,4;29,5;29,5;29,9;29,5;29,9;29,1;30;29,5;29,7;29,3;30;29,1;30,5;29,5;30;30,1;30;29,2;29,7;29,2;30,1;29,7;30,1;29,7;29,3;29,4;30;30,1;29,7;29,2;28,7;27,8;27,2;26,4;26,4;26,2;25,7;25,8;23,9;22,2;21,6;20,8;20,6;20,2;20,5;20,5;20,4;20;20,4;20,5;20;20,2;20,8;20;20;20,4;20,5;20,1;20,4;20,2;20,4;19,8;20,8;20,2;20,1;20,4;19,9;20,4;20,4;20,4;20,1;19,9;20,2;19,9;20,2;20,2;20,2;20,6;19,8;20,2;20;20,1;19,9;20,4;20,1;19,8;20,4;20,2;20,2;20;20,1;19,9;20,1;20,1;19,9;20,6;20,5;19,5;20,4;20,2;19,8;20,2;20;19,6;20,1;20,1;20;19,4;20,1;20,2;20,2;20,6;20,2;19,8;19,8;20;20,6;20,2;20;19,5;19,6;20;19,9;20,1;20,4;20,2;19,9;19,9;19,8;19,5;19,3;19,5;19,9;19,9;19,9;19,9;20,2;19,8;19,6;20,1;20,2;20,2;20;19,9;19,4;19,4;19,4;19,6;20;20,2;19,4;19,4;19,4;19,8;19,6;19,9;20,2;19,8;19,5;19,5;19,8;19,8;19,9;19,9;19,9;20,1;19,9;19,9;19,9;19,6;19,6;19,9;19,6;19,9;20,2;20,2;20,1;20,2;19,8;20;19,8;19,6;20,1;20,1;19,9;19,8;19,8;20,1;20,5;20,1;19,6;20,1;20,1;19,8;19,9;19,6;19,5;19,8;19,5;20;20;19,5;19,3;19,3;19,5;19,2;19,9;19,9;19,2;19,8;19,5;19,2;19,5;19,5;19,8;19,9;2020,7;20,9;21,2;20,9;20,8;20,6;20,7;21,1;20,8;20,6;20,6;21,1;21,2;20,8;20,7;20,8;20,9;20,4;20,6;21,1;20,9;20,9;20,7;20,7;20,9;21,1;21,1;20,9;20,8;21,2;21,1;21,1;20,9;21,4;20,9;21,1;20,7;21,1;21,4;21,1;21,4;21,1;20,8;20,6;20,7;20,9;21,2;21,1;20,8;20,8;20,8;20,9;21,2;21,2;20,9;20,8;20,8;21,1;21,1;21,1;20,9;21,2;20,9;21,4;21,4;20,5;21,2;21,1;20,8;20,8;21,2;21,2;21,6;21,5;21,4;20,9;21,4;20,7;21,1;21,5;21,2;21,8;21,5;21,1;20,9;21,1;21,2;21,4;21,4;21,2;21,8;21,9;21,5;21,4;21,4;21,4;21,6;21,6;21,6;21,5;21,2;21,4;21,4;21,6;21,9;21,5;20,9;21,2;21,5;20,9;21,5;21,6;20,9;20,9;20,8;21,6;20,8;20,9;20;20,5;20,9;20,6;20,9;20,6;20,7;19,9;20,7;20,8;20,6;20,5;20,7;20,5;20,2;20,1;20,4;20,5;20,4;20,2;20,2;20;20,2;20;20;20,4;19,9;19,9;20,2;20,5;20;20;19,9;20,4;20,5;20,4;20;20,6;20,2;19,9;20,4;20;20,5;20,4;20,5;20,6;20,4;20,4;20,5;20,7;20,4;20,6;20,6;20,2;20,4;20;20;20,2;20,4;20,5;20,5;20,2;20,1;20,4;20;19,9;20,4;20,2;20;19,9;20,1;20,2;20,4;20,2;20,4;20,6;20,8;22,2;24,5;25,4;26,4;25,4;25,7;25,4;27,1;28,4;29,9;29,9;29,7;30,5;30,2;30,2;30;30,2;30,2;29,4;29,9;30;30,3;29,5;30,1;29,9;29,9;30;29,5;29,9;29,9;30,5;30,1;29,5;29,4;29,4;29,9;29,9;29,9;29,7;30;29,2;30;29,5;29,9;29,4;29,7;29,4;29,2;29,7;29,5;29,2;29,1;29,2;29,5;29,5;29;29,4;29,3;29,3;29,7;29,2;29,7;30;29,3;29,9;30,2;30,1;30;30,3;30,4;30;30,3;30;30,3;30,5;30,7;30,5;30,7;31,1;31,3;31,4;31,4;31,7;31,8;32,4;32,7;32,5;31;29,1;27,3;26,5;26,4;27,3;28,8;30,2;31,7;32,8;32,7;32,6;32;32;31,5;31,5;31,2;30,8;30,7;30,5;30,3;30,4;30;30,2;29,2;29,4;29,3;29;28,2;28,7;28,8;28,7;29,3;30;30,2;31,2;31,6;31,2;32;32,5;32,2;32,1;31,7;31,4;31;30,9;29,7;29,4;29,3;28,6;28,8;28,8;28,4;28,9;28,2;28,4;28,6;28,7;28,5;28,8;28,9;29,7;29,4;30,1;30,1;30,3;30,2;30,5;30,4;30,7;30,5;30,6;30,7;31,1;31,5;31,8;31,8;32,1;32,5;32,7;32,5;32,2;32,4;32,5;31,8;31,5;30,9;29,2;27,9;27,1;26,8;26,8;28,2;30,5;31,8;32;32,5;31,8;32,1;31,6;32,2;32;31,7;31,4;32,1;32,2;31,8;31,7;32;31,7;31,5;31,3;31,2;31,2;31,4;31,2;31,1;31,2;31,4;30,9;30,9;31,4;31,3;30,7;31,1;30,7;30,9;31;31,1;30,7;31;30,3;30,1;30,1;30,2;30,2;30,1;29,9;29,9;29,5;30,4;29,5;29,7;29,7;29,5;29,7;29,2;29,4;29,7;29,4;29,9;29,9;30;29,5;29,2;29,4;29,2;29,1;29,4;29,5;29,9;29,9;29,5;29,5;29,5;29,2;29,7;29,5;30,2;29,7;29,2;28,5;27,8;26,8;26,7;25,6;25,7;25,3;24,8;23,4;22,2;21,4;21,1;20,4;20,4;20;19,9;20;20;19,6;20,1;20,1;20,1;20,6;20;19,9;20,5;20,2;20,2;19,9;19,9;20,1;19,6;20,9;20;20;20,5;19,8;20;20,1;20,1;20,2;20,4;20,2;19,9;20;19,8;20,5;20,7;19,9;20,1;20,2;20,2;19,8;20,1;20,4;20;20,7;20;20,8;20;20;20;19,9;20,1;19,9;20,2;19,3;19,8;20,1;19,8;19,8;20;20;20;19,5;19,6;20,1;19,6;20,2;20,4;20,2;19,9;20,1;19,5;20;20,1;20;19,6;19,9;19,8;19,6;19,9;20;20,2;20,4;20;19,6;19,8;19,8;19,5;19,5;19,8;19,6;19,4;19,6;19,5;20,4;20,2;20;20,5;20,1;19,8;19,9;19,6;19,6;20,1;19,8;19,8;19,6;20,1;18,8;19,8;20,2;19,9;18,9;19,3;19,9;19,8;19,8;20;20,2;20;19,6;19,6;19,5;19,6;19,9;19,8;19,8;20;19,6;19,5;19,3;19,4;20,1;20,5;20,1;19,9;19,8;20,2;19,8;20;20,6;20,1;19,9;19,9;20;20,4;20,1;20,1;20,2;20,5;20,2;20;20;19,9;20;20;19,9;20,2;20,1;20,2;20;20,2;20,4;19,8;19,8;20,1;19,5;20,2;20;19,8;20;19,8;19,8;20;20,220,8;21,1;21,1;21,2;21,4;20,9;20,8;21,1;20,9;20,8;21,1;20,9;21,6;21,1;20,7;20,7;21,2;21,2;21,4;21,4;21,2;20,9;21,2;21,2;21,5;21,6;21,4;21,2;20,9;21,4;21,4;21,6;21,4;21,4;20,8;21,8;20,9;21,5;21,8;21,6;21,5;21,2;21,1;21,1;21,4;20,9;21,2;20,9;20,7;21,1;20,8;21,1;21,4;21,1;20,9;20,9;21,1;20,9;20,9;21,1;21,2;21,1;21,4;21,9;21,4;21,2;20,8;21,2;21,5;21,2;21,1;21,1;21,5;21,4;21,2;20,8;21,1;21,2;20,9;21,4;21,1;21,4;21,4;21,1;21,2;21,5;21,5;21,4;21,5;21,4;21,5;21,9;21,6;21,6;21,8;21,6;21,8;21,9;21,6;21,6;21,8;21,4;21,4;21,2;21,8;21,5;21,4;20,9;20,9;20,9;21,2;20,7;21,2;21,2;20,8;20,9;20,6;20,8;21,2;21,1;21,1;20,8;20,6;20,5;20,7;20,7;21,1;20,6;20,7;20,5;20,6;20,4;20,2;20;20,1;20,6;20;20;20,1;19,8;20,2;19,9;19,8;20,5;20;20,1;20,4;20,5;20,4;20,2;19,9;20,6;20,6;20,4;20,1;20,4;20,4;19,9;20,5;20,1;20,6;20,5;20,1;20,4;20,5;20,4;20,7;20,6;20,1;19,8;20,1;20,2;20,7;20,4;20,1;20;20,5;20,5;20,1;20,2;20,4;20,4;20,2;20,4;20,4;20,2;20,4;20;19,9;20,2;20,2;20,2;20,1;20,4;20,6;22;24,6;26,1;26,3;26;26,2;25,6;27,3;28,2;29,9;29,7;29,9;30,3;30,4;29,7;30,2;30,2;30,2;29,9;30;30,1;29,9;29,9;29,9;30;29,5;30,1;29,5;29,9;29,5;30;30,1;30,1;29,5;29,7;30;29,9;29,7;29,4;29,7;29,4;30;29,3;30;29,7;29,3;29,3;29,2;29,7;29,7;29,4;29,1;29,2;29,5;29,5;29,2;29,4;29,2;29;29,5;29,3;29,4;30,1;29,7;29,7;29,7;30;29,9;30,2;30,1;30;30,2;29,7;30,3;30,6;30,6;30,5;30,5;30,7;31,1;31,2;31,3;31,7;32;32,2;32,5;32,5;30,9;28,9;27,2;26,2;26,2;26,5;28,4;30,5;31,7;32,5;32,5;32,1;31,6;31,7;31,4;31,2;30,9;30,8;30,5;30,4;30,2;30,1;29,7;30,2;29,5;29,5;29,2;28,4;28;28,5;28,5;28,5;29,7;29,7;29,9;30,7;31,1;31,3;31,7;32;32,5;31,8;31,6;31,4;31,3;30,9;29,5;29,1;29,2;28,2;28,6;28,6;28,6;28,7;28,4;28,4;28,2;28,4;28,8;29;28,9;29,7;29,3;29,9;30;30,1;29,7;30,3;30,5;30,6;30,4;30,7;30,9;31,3;31,5;31,7;31,8;32;32,5;32,9;32,5;32,4;32,5;32,6;32,1;31,5;30,4;28,8;27,7;26,8;26,6;26,8;28,2;30,3;31,7;32;32,5;32,1;32,2;31,8;32,1;32;31,5;31,4;31,7;32,1;32;32,2;31,4;31,7;31,5;31,2;31,2;31,4;31,3;31,1;31,3;31,2;31;31,4;30,9;31,3;31,1;30,8;31,1;30,8;30,7;31,1;31,1;30,7;30,9;30,3;30;29,9;30,3;30,3;30,6;29,9;30,2;29,5;29,7;30,4;30,3;29,9;30,1;29,9;29,7;30;29,7;29,5;30,2;29,7;30;29,2;30,3;29,9;29,3;29,4;29,4;29,7;29,5;30;29,7;29,9;30;29,9;30;30,2;29,7;29,3;29,4;28,9;28,1;27,2;26,2;25,7;25,7;25,6;25,4;23,6;22,2;21,4;20,8;20,4;20,2;19,8;19,6;20,4;20,4;20,2;20,4;20;20,4;20,4;20,5;20,4;20,6;20,2;20,2;19,9;20;19,9;20,4;20,5;20;20;20,2;20;20;20,1;20,5;20,4;20,5;20,1;19,5;20,1;19,8;20,1;20,7;20,1;20,1;19,9;20,2;19,9;19,8;20;19,6;20,1;19,8;20,6;20,5;20;20,2;19,8;19,9;20,1;21,1;19,8;19,9;19,8;20,2;20,1;19,9;19;19,5;19,6;20,1;20,1;19,9;20,2;20,1;19,8;19,9;20,1;19,9;19,8;20,1;20;19,8;19,5;19,5;19,4;19,8;20;20;20,1;20;19,9;20;20,1;19,8;19,9;20,1;19,8;19,3;19,5;19,5;20,2;20,2;20,1;19,9;20,1;20;20;20,4;20,1;20,2;19,8;19,9;19,8;20;20,2;19,6;19,9;19,3;20,2;19,8;20,5;20,6;20;19,8;19,8;20,1;19,9;19,9;20;19,9;19,9;19,9;20,2;20,2;19,6;19,8;19,9;20;20,6;20,4;19,9;19,5;20,4;20,4;19,8;20,1;20,4;19,9;20,2;20;20,1;19,9;19,8;20;20;20,4;20,5;20,2;20,2;20;20,2;20,5;20,1;19,9;19,6;19,6;20,4;20,4;19,8;19,8;19,9;20;19,6;20,2;20,2;20,2;20,4;19,9;19,9;20,1;20,120,9;20,8;20,8;20,8;20,8;20,8;20,6;20,8;21,2;20,9;20,8;20,9;21,9;20,8;20,5;20,8;21,1;21,1;21,1;20,7;20,8;20,8;20,6;20,8;21,4;21,4;21,1;21,1;20,9;21,4;21,5;21,6;21,4;20,9;20,8;21,5;20,9;21,4;21,4;21,4;21,2;21,5;20,9;21,2;21,8;21,2;21,4;21,9;21,4;21,1;21,2;20,8;21,4;21,4;20,8;21,2;21,2;21,5;21,4;20,9;21,5;21,4;20,8;21,4;21,1;21,8;21,6;21,9;21,5;21,5;21,2;20,9;22;21,4;21,4;21,1;21,4;21,1;21,4;21,2;21,2;21,2;21,6;21,6;21,5;21,8;21,8;21,6;21,9;21,8;21,8;22;22;21,8;21,9;21,9;21,8;21,5;21,5;21,8;21,8;21,5;21,5;22;21,9;20,9;21,9;21,2;21,5;21,6;21,1;21,2;20,8;20,5;21,4;21,1;21,6;21,2;21,1;21,4;21,4;21,4;21,4;20,1;20,8;20,9;21,2;20,5;20,5;20,7;20,6;20,2;20,5;20,2;20,5;20,5;20,1;20,4;19,9;20;20,2;20;20,2;20,2;20,2;20,2;20,6;20,2;20,5;20,4;20;20,2;20,4;19,9;20,5;20,4;20,4;20;19,9;20,6;20,2;20,6;20,5;20,6;20,7;20,5;20,4;20,6;20,2;20,1;20,2;20,7;20,7;20,4;20,1;20,4;20;20,1;20,4;20,9;20,7;20,4;20,2;20;19,9;20,2;20,5;20,6;20,5;19,9;20,1;20,1;20,2;19,9;20,7;22,6;24,7;25,5;26;25,7;26,2;25,7;27,5;28,1;29,4;29,7;30,3;30,2;30,5;30,1;30,3;30,4;30,7;30,1;30,2;29,9;30,1;30,4;30,3;30;29,7;30;29,4;30;30,3;30;30,1;30,2;30,2;30,1;30,2;29,7;29,5;29,5;29,9;29,4;30,1;29,3;30;29,7;29,5;29,5;29,7;29,5;29,5;29,5;29,5;29,3;29,5;29,7;29,4;29,3;29,1;29,3;29,7;29,3;29,7;30;29,9;30,1;29,7;29,9;30;30,2;30;30,1;30,4;30;30,2;30,5;30,8;30,9;30,9;31,1;31,2;31,4;31,5;32,1;32,2;32,4;32,6;32,4;31,1;28,8;27,3;26,3;26,2;26,3;28,2;30,4;31,7;32,5;32,8;32,4;32;32,1;31,6;31,5;30,8;30,7;30,7;30,5;30,3;30,4;30;30,2;29,9;29,5;29;28,7;28,9;28,7;28,8;28,8;29,4;29,7;30,2;30,6;30,9;31,4;31,7;32,4;32,1;31,6;31,5;31,3;31,2;30,6;30,1;29,1;29,2;28,6;29,1;28,7;28,4;28,6;28,7;29,1;28,5;28,7;28,7;28,7;29;29,7;29,3;29,9;29,9;30,1;30,3;30,6;30,5;30,7;30,6;31;31,1;31,4;31,7;31,7;32,1;32,4;32,5;33;32,9;32,8;32,6;32,7;32,5;31,8;31;29,2;27,9;26,8;26,5;26,8;28,5;30,4;31,8;32,5;32,8;32,6;32,1;32,1;31,7;31,8;31,7;31,7;31,8;31,8;32,2;32;31,6;32,1;32;31,3;31,5;31,4;31,6;31,2;31,3;31;31,2;31,5;31,2;31,3;31;31,3;31,3;31;30,8;31,1;31,4;30,7;30,7;30,5;30,3;30,2;30,2;30,7;30,4;30;30,1;30,2;29,7;30,2;30,1;30,3;30,1;29,9;30,1;30,3;30,1;29,9;30,2;29,7;30,4;29,7;29,9;29,9;29,7;30,1;29,2;29,4;29,5;29,4;29,9;30,3;29,5;28,9;29,3;29,7;30,5;29,5;29;28,5;27,5;26,5;26;25,8;25,6;25,5;24,8;23,5;22;21,4;20,2;20,1;19,6;20,1;20,1;20,1;19,8;19,4;19,6;20;20,6;20;20,2;20,4;20,4;20,5;20,1;19,9;19,4;19,9;20,6;20,8;19,9;20;20,1;20,2;20,6;20,4;20,2;20,4;20,2;19,9;19,4;20,4;20;20;20;20,4;20,2;19,8;20,5;20,1;20,2;20;19,6;20,1;20,4;20,7;20,4;19,6;20,2;20,2;19,8;20,1;20,1;19,5;19,9;20,5;20;20,2;20;20,1;19,9;20,5;19,5;19,8;20,2;20,2;19,9;20,4;20,2;19,4;19,5;19,9;20;21,1;20,7;20,1;20,1;19,9;20;20,1;20,2;20,4;20,6;20,2;20,2;20,2;19,9;20,1;20,4;20,1;19,6;19,6;19,5;19,8;20,2;19,8;20,1;20,8;19,9;20,4;20,2;20,5;20,5;19,5;19,9;19,4;20;20;19,9;20;19,8;20,8;20,2;20,1;20,5;20,1;20,1;20,1;20,2;20;20,1;20,6;20,4;20;20,1;20,1;20,2;20,4;20,4;20,5;20,2;20,4;20;19,9;19,9;20,1;20,4;20;20,5;20;19,8;20,4;19,9;20,2;19,8;20;20;20;20,5;20,2;20,1;20,2;19,6;19,3;20;20,4;19,9;19,9;19,6;20,2;19,4;19,4;19,6;19,5;20;19,9;20,1;20,1;20;20;20;20,1;20;19,920,7;20,6;20,8;20,8;20,7;20,8;20,8;21,6;20,9;21,2;20,9;21,1;20,8;21,1;20,5;20,8;21,4;20,5;20,7;20,9;20,7;20,5;20,8;20,8;21,1;21,5;20,8;20,7;20,8;21,1;20,9;21,2;21,1;20,7;20,7;20,8;20,8;21,1;21,2;20,6;20,9;20,9;21,1;21,2;21,1;20,9;20,8;21,2;21,4;21,8;21,5;20,9;21,4;21,8;21,5;20,9;21,5;21,5;21,1;20,8;20,9;21,2;21,2;21,1;21,4;21,8;21,6;21,5;20,9;21,5;21,4;21,4;21,8;20,9;21,5;21,1;21,6;21,1;21,6;21,2;21,5;21,8;21,8;21,8;21,8;21,8;21,9;21,8;21,6;21,6;21,8;21,8;21,8;21,8;21,9;21,8;21,8;21,9;21,6;21,6;22;21,8;21,9;21,9;22;22,1;22;22;21,6;21,4;21,9;20,9;20,8;21,6;21,4;20,9;21,2;20,8;20,8;21,1;21,2;21,1;21,2;20,8;20,9;20,6;21,2;20,6;20,9;20,9;20,7;20,6;20,2;20,4;20,6;20,7;20,5;20,7;20,5;20,2;20,4;20,6;20,5;20,2;20,6;20,5;20,7;20,5;20,6;20,1;20,2;20,5;20,5;20,1;20,8;20,4;20,5;20;20,1;20,8;20,7;20,5;20,6;20,6;20,8;20,7;20;20,1;19,8;19,9;20,7;20,9;20,7;20;20;20;20,4;20,4;20,1;20,2;20,1;20,4;20,8;20,9;20,7;20,6;20,5;20,1;20,2;20;20,5;20,4;20,5;20,4;21,1;22,5;24,5;25,4;26,2;26;26,3;26,3;27,6;28,8;29,7;29,9;30,3;30,6;30,9;30,4;30,3;30,5;30,6;30,2;30,4;30,2;30,5;30,6;30,3;30,2;29,9;30,4;30;29,9;30,6;30,2;30,1;30;30;30,3;30,1;30,1;29,9;29,9;30,3;29,5;30,4;29,7;29,7;30;29,3;30,1;29,7;29,7;29,7;29,4;30;29,5;29,7;29,9;29,5;29,1;29,5;30;29,7;29,4;29,7;29,9;29,4;30;29,5;30,1;30,5;30;29,9;29,9;30,2;30;30,1;30,4;30,8;30,8;31,1;31,3;31,4;31,4;31,5;32,2;32,5;31,8;32,1;32,4;31;28,8;27,2;26,3;26;26,3;28,5;30,7;31,8;32,6;32,6;32,4;32,2;32;31,6;31,5;31;30,8;30,6;30,4;30,4;30,4;30,1;30,3;29,9;29,4;29,7;28,8;29,3;28,7;28,8;29;29,4;29,4;30,1;30,7;30,8;31,5;31,2;31,8;31,8;32;31,4;30,9;30,9;30,4;29,5;29,3;29,1;28,6;29,1;29,1;28,4;28,7;28,9;28,8;29;29;28,7;28,7;28,8;29,3;29,7;30;29,5;29,9;30,3;30,4;30,7;31;31;31;30,8;31,3;31,5;31,3;32;32,4;32,6;33,2;33,1;32,9;32,9;32,9;32,9;32,1;31,1;29,3;28;26,8;26,5;26,8;28,7;30,4;31,7;32,4;32,5;32,8;32,5;31,7;31,8;32;32,2;32,1;31,7;31,7;32,2;31,7;32,1;32;32;31,6;31,4;31,4;31,6;31,4;31,5;31,2;31,7;31,2;31,4;31,3;31;31,4;31,6;31,3;30,9;31;31,2;30,9;31;30,5;30,6;30,5;30,5;30,4;30,2;30,2;30;29,9;30,2;30;30,3;30,2;30;30;30,1;30,4;30,4;30,5;30,3;30,2;30,1;30,1;30,4;30,1;29,3;29,7;30,4;30,6;30,3;30,1;29,9;29,9;29,7;30,3;30,1;29,7;30;30,2;30,2;28,9;27,9;27,4;26,7;26,2;26,2;25,6;25,4;23,3;22;21,9;21,1;20,5;20,4;20,2;20,1;19,9;20,7;20,6;20,2;20,1;20,2;19,9;20;20,4;20,6;20,6;20,1;20;20,1;20,1;20,6;20,8;20,1;20,8;20,5;20,5;20,6;20,5;20,4;20,6;20,5;20;20,2;20,1;20,5;20,4;20,2;20,8;20,4;20,4;20,4;19,9;20,5;20,4;20;20,1;20,7;20,8;20;19,9;20,4;20,5;20,2;20,1;20,1;19,5;20,2;20,5;19,4;20,5;20,7;20,2;20,6;20,1;20,2;20,1;20,8;20,5;20,2;20;20,7;20,5;20,2;20,1;20,1;20,6;20,7;20,6;20,8;20,2;20,1;20,2;20,5;20,1;20,2;19,9;20,1;20,1;19,8;19,9;19,9;19,8;19,6;19,8;19,8;20,1;20,1;19,8;20,1;20,6;20;20,2;19,9;20;20,5;20,4;20,2;19,6;19,8;19,9;20;20;20,4;19,4;19,3;20,1;20;19,6;19,9;20,6;19,8;19,5;19,9;19,8;20;19,8;19,5;20;20;20;20,2;20;19,9;20,4;20,1;20;19,9;19,4;20,6;20;20,7;19,8;20,1;19,6;19,9;20,1;19,8;20,1;20,1;20,1;20,2;19,9;19,3;18,9;19,4;19,9;20;19,8;19,5;19,9;19,3;19,2;19,6;19,5;19;19,8;19,4;19,2;19,4;20,2;19,9;19,8;19,5;19,6;20;19,920,7;20,9;21,2;21,2;20,7;20,6;20,7;20,6;20,7;20,5;20,8;20,8;21,1;20;20,4;20,7;20,6;20,6;20,7;20,7;21,1;20,9;20,7;20,7;20,7;21,1;20,8;20,7;20,8;20,7;20,5;21,2;20,7;20,6;20,8;20,9;20,7;21,5;21,2;20,6;20,8;20,1;20,8;20,9;20,6;20,7;20,9;20,8;20,7;20,9;21,2;21,4;21,4;21,4;21,5;20,8;20,7;20,8;20,9;20,8;20,7;20,7;21,5;20,8;20,9;21,2;21,1;21,2;21,2;21,2;21,8;21,4;21,5;20,8;21,8;21,1;21,5;21,5;21,8;21,1;21,6;21,5;21,2;21,5;21,8;21,5;21,8;21,8;21,5;21,2;21,4;21,8;21,6;21,6;21,6;22;22,2;21,8;21,6;21,4;21,4;21,2;21,5;21,8;21,9;21,6;21,5;20,9;21,2;21,1;21,4;21,8;20,5;21,2;21,1;20,6;21,5;21,6;20,7;20,6;21,8;20,6;20,7;20,7;20,4;20,9;20,6;20,8;20,8;20,4;20,7;20,4;20,1;20,4;20,6;20,7;20,2;20,6;20,6;20,2;20,2;20,6;20,4;20,2;20,7;20,7;20,2;20,5;20,6;20,1;20,2;20,7;20,4;20,2;20,6;20,1;20,5;20,2;20,2;20,4;20,6;20,2;20,5;20,5;20,2;20,6;21,2;20,7;20,2;20,8;20,8;20,7;20,7;20,5;20,7;20,9;20,9;20,9;20,7;20,8;20,6;20,1;20,8;21,1;20,6;19,9;20,4;20,6;20,5;20,7;20,7;20,6;20,7;20,6;20,9;22,7;24,6;25,7;26,2;26,2;26,4;26,4;27,7;29;30;30,3;30,5;31,1;30,7;30,6;30,6;30,9;31;30,3;30,9;30,3;30,5;30,6;30,2;30,5;30,1;30,8;30,2;30,3;30,6;30,2;30,4;30,2;29,9;30,5;30,2;30,5;30;30,1;30,5;30,2;30,7;30,2;29,4;29,9;29,3;30,2;29,7;29,9;30;29,9;30,1;29,5;30,1;29,9;29,5;29,9;30,1;30,2;29,7;29,5;29,5;30;30;30;29,9;30,6;30,6;30,1;30,1;30,4;30,4;30,3;30,6;30,7;30,8;30,8;31;31;31,3;31,4;31,7;32,2;32,6;32,9;33;32,7;31,5;29,1;27,6;26,4;25,8;26,5;28,7;30,8;32,4;33,1;33;32,5;32,2;31,8;31,8;31,4;31,3;31,1;30,9;30,5;30,6;30,8;30,4;30,5;29,9;29,4;30;29,1;29,3;29,1;29,1;29,1;29,5;30,3;29,9;30,7;31;31,2;31,3;31,6;32;32,1;31,6;31,1;31;30,5;30,1;29,4;29;28,8;29,1;29,2;29,1;28,7;28,9;28,8;29;29,1;29,1;29,3;29,4;30,3;30;30,1;30,3;30,2;30,5;30,7;31,1;30,9;30,8;31;31,1;31,3;31,4;31,6;32,1;32,8;33,3;33,1;33;33,2;33,2;33;33,2;32,4;30,9;29;28;27,1;26,7;27,2;28,8;30,4;32;32,6;32,8;32,9;32,7;32,1;32,2;32,4;32,4;32,4;32;32;32,2;32,2;32,4;32;32;32;31,6;31,7;31,8;31,4;32,1;31,8;32;31,4;31,6;31,4;31,2;31,4;31,7;31,4;31,4;31,3;31,4;31,1;31;30,5;30,6;30,7;30,5;30,2;30,2;30,5;30,4;30;30,1;30,3;30,4;30,6;30,5;30,2;30,4;30,5;30;30,4;30,7;30,6;30,7;30,2;30,6;30,4;30,1;30,5;30,2;30,3;30,2;30,2;30;30,2;30,1;30,4;30,1;30,1;30;29,4;29,1;28,7;28;27,6;26,8;26,2;25,6;25,7;25,3;23,9;22,7;21,5;21,1;20,9;20,5;20,6;20,7;20,6;20,8;20,4;20,9;20,7;20,1;20,1;20,2;20,2;20,1;20,4;20,1;20,5;20,7;20,6;20,7;20,5;20,4;21,2;20,5;20,1;20,5;20,5;20,7;20,7;20,8;19,6;20,5;19,9;20,8;20,2;20,9;20,6;20;20,4;20,1;20;20,7;20,4;19,8;20;20,7;20,5;20,5;19,9;20,1;20,2;20,4;20,1;19,9;20;19,8;20,6;20,6;19,6;20,8;20,4;20;19,8;20,5;20,7;20,2;19,9;19,9;20,5;20,1;20,2;20;19,9;20,4;20,2;19,9;19,9;20;19,9;20;20,1;20,4;20;19,8;20,1;20,2;20;19,9;19,9;19,6;19,4;19,5;19,6;19,9;20,5;19,8;20,2;19,6;19,6;19,9;20;19,5;19,9;20,2;19,9;20,1;20,4;19,9;19,8;19,8;20;19,6;19,9;20;20,1;19,5;19,5;19,8;19,9;20;19,9;20,1;19,9;19,8;20;19,9;19,5;19,5;19,5;19,5;19,8;19,6;19,8;19,8;19,9;19,2;19,9;20,2;19,8;20,6;19,4;20,1;19,5;19,5;20;20,2;20;19,6;19,9;19,6;19,6;20,1;19,9;19,8;20;20,1;20,4;19,6;19,5;20;19,6;20,1;20;19,3;20;20;19,8;19,6;19,8;19,3;19,4;19,5;19,4;19,6;19,820,6;20,8;20,8;20,5;20,6;20,8;20,5;20,6;20,6;20,5;21,1;20,9;20,7;20,6;20,6;20,6;20,9;20,6;20,6;20,7;21,1;21,1;20,7;20,6;20,9;20,9;20,7;20,8;20,8;20,5;20,7;21,2;20,7;20,4;20,7;21,1;20,8;21,4;20,8;20,4;20,9;20,8;21,2;21,1;21,2;21,1;20,9;20,9;20,8;21,1;21,2;20,9;21,4;21,5;21,1;20,9;20,6;20,7;20,9;20,7;21,4;20,8;20,9;20,2;21,1;20,7;20,8;21,1;21,4;20,9;21,6;20,7;21,4;20,9;21,9;21,4;20,8;21,8;22;21,2;21,4;21,4;21,2;21,5;21,5;21,5;21,6;21,6;21,5;21,6;22;21,9;21,6;21,6;21,6;21,9;21,8;21,5;21,5;21,8;21,4;21,2;21,2;21,9;21,5;21,5;21,2;22;21,4;21,8;21,5;21,9;20,8;20,8;20,8;20,5;20,7;21,8;20,8;20,9;20,8;20,5;20,7;20,6;20,7;21,1;20,6;20,8;20,7;20,1;20,6;20;20,6;20,4;20,5;20,4;20;20,5;20,1;20,2;20,1;20,4;20,4;19,9;20,2;20,6;20,1;20,2;20,7;20,1;20,1;20,5;20,1;20;20,6;20,4;20,5;20,5;20,2;20,1;20,4;20,2;20,4;20,5;20,5;20,1;20,4;20,6;19,9;20,4;20,6;20,4;20;20,6;20,4;20,1;20;20,5;20,4;20,7;20,8;20,4;20,6;20,2;20,1;20,5;20,1;20,4;20,8;20,6;20,2;20,5;20,4;20;20,7;22,6;24,8;25,7;26,1;26,1;26;25,5;27,4;28,7;29,7;30,1;29,9;30,7;30,4;30,6;30,7;30,8;31,1;30,2;30,6;30,3;30,6;30,6;30,3;30,5;30,5;30,4;30;30,6;30,6;30,1;30,6;30,4;30;30,4;30;30,6;30,3;30,3;30,7;30,1;30,5;30;29,9;29,9;29,5;29,9;30;29,5;30;30;29,9;29,4;30,2;30,1;29,4;30,1;30;30,2;29,9;29,5;30;30,2;30,1;30,3;30,1;30,7;30,3;30,4;30,5;30,6;30,6;30,4;30,6;30,8;31,1;31,1;31,1;31,2;31,4;31,6;32;32,1;32,6;32,8;33;33;31,7;29,5;27,6;26,3;25,7;26,5;28,5;30,7;32,4;33,1;32,8;32,6;32,8;32,5;32,1;31,7;31,6;31,2;30,8;30,5;30,7;30,7;30,7;30,6;30,3;29,5;29,5;29,4;29,2;29,3;29,3;29,4;29,4;30,1;30,2;30,5;31,2;31,3;31,4;31,6;31,5;31,6;31,2;31,5;31,1;30,6;30,3;29,9;29,1;28,8;29,3;28,9;29,1;29,2;28,9;29;29,1;29,4;29,2;29,4;29,5;30,3;30,1;30,3;30,4;30,5;30,8;30,8;30,7;30,9;31,2;31,2;31,2;31,6;32,1;32,5;32,8;32,9;33;33,4;32,8;32,9;33,5;33,4;33;32,5;31,2;29,3;28,4;27,3;26,7;26,8;28,6;30,4;32,2;32,7;33,1;32,9;32,4;32,2;32,5;32,1;32,4;32,4;32,1;32;32,4;32,2;32,5;32,1;32;32,1;31,7;31,6;32,4;31,4;32,2;31,8;31,6;31,4;31,6;31,5;31,5;31,4;31,6;31,2;31,5;31,4;31,5;31,1;31;30,4;30,2;30,6;30,3;30,2;30,1;30,4;30,4;30,2;30,4;30,6;30,5;30,4;30,2;30,4;30,5;30,5;30;30,1;30,6;30,1;31;30,5;30,3;30,4;30,3;30,4;30,1;30,2;30,4;30,1;30,4;30,1;30,3;30,2;30;30,2;30;29,7;29,3;28,9;27,7;26,8;26,5;25,5;25,5;25,4;24,6;23,5;22;20,8;20,6;20,5;20,5;20,4;20,5;20,6;20,8;19,5;20,1;20,1;20,2;20;20,1;19,8;20,1;20,4;20,1;20,4;20,1;20,1;20,1;20,5;20,4;20,5;20,2;20,1;20;20;20,6;20,5;20,5;19,6;20,1;20,1;20,6;19,9;20,6;20,1;20;20;20,2;20,1;20,4;20,4;19,8;19,8;20,2;20,6;20,4;19,9;19,9;19,8;20,2;19,8;19,8;20;19,9;19,8;20,2;20;20,2;19,8;20,2;19,9;19,8;19,4;19,6;19,9;20,2;20,2;19,5;20,2;19,8;19,6;20,1;20,1;19,9;19,8;20,4;19,8;19,2;19,2;19,8;20,1;19,5;19,6;19,9;19,6;19,5;19,8;19,9;19,6;19,5;19,5;19,8;20;19,6;19,9;19,6;20;19,5;20,2;19,4;19,9;20,5;19,9;20,2;20,1;19,8;19,4;19,8;19,9;19,6;18,9;19,5;20,5;19,5;19,8;19,4;19,5;19,8;20;20,5;20;19,5;19,4;19,5;19,6;19,9;20,1;20,2;20,4;20,4;20,2;19,9;20;19,6;19,9;20;19,6;20,2;19,5;19,9;19,9;19,9;19,9;20;19,8;19,4;19,4;19,3;19,6;19,9;19,9;19,6;19,3;19,6;20;20,1;20;19,5;19,4;19,4;19,5;19,6;19,3;19,6;19,9;19,6;19,2;19,6;19,6;19,3;19,9;20,1;19,921,2;21,1;21,1;20,9;21,2;20,9;20,8;21,6;20,9;20,9;21,1;20,9;21,4;20,9;20,7;21,1;21,8;20,9;20,7;21,1;21,1;21,4;21,5;21,2;21,4;21,2;20,7;20,8;20,9;20,7;20,9;21,1;20,8;20,6;20,6;21,2;20,9;20,9;20,7;20,8;21,1;20,8;21,2;21,5;21,1;20,8;20,9;20,7;20,5;20,6;20,9;20,8;20,6;20,8;20,8;20,5;20,7;20,9;21,2;21,4;20,4;20,5;20,6;20,8;21,1;21,2;21,4;20,9;20,8;20,5;21,1;20,8;21,1;21,4;21,6;21,6;20,7;21,2;21,5;21,2;21,4;21,5;21,6;21,6;21,5;21,6;21,8;21,6;21,5;21,6;22;22,1;21,9;21,5;21,4;21,4;21,4;21,8;21,9;22,1;22;21,6;21,1;21,4;21,8;21,5;21,4;21,8;21,4;20,9;21,1;20,7;21,1;21,5;20,4;20,8;20,6;20,8;20,6;21,2;20,6;20,5;20,6;20,8;20,6;20,6;20,4;20,7;20,6;20,4;20,1;20,2;20,4;20,4;20,2;20,2;20,2;20,6;20,2;20,2;19,9;20,2;20,4;19,9;20,1;20,5;20,5;19,9;20,1;20,2;20,1;20,1;20,2;19,9;20,2;20,1;20,4;20,4;20,2;19,9;19,8;20,4;20,6;20,8;20,4;20,2;19,8;19,9;20,1;20,1;20;20,2;20,2;20,2;20,5;20,5;20,1;20,5;20,6;20,5;20,4;20,6;20,4;20,4;20,4;19,9;20,1;20,2;20,4;20,4;20,6;20,4;20,1;20,4;20,9;22,1;23,8;24,8;25,7;26,2;26,3;26,3;27,4;28,6;29,5;30,1;30,2;30,8;30,8;30,2;30,4;30,4;31;30,4;30,6;30,5;30,7;30,9;30,6;30,7;30,1;29,9;30,3;30,5;30,5;30,2;30,3;30,4;30;30,1;29,7;30,4;30,2;30,2;30,4;30,2;30;29,5;30,1;30,1;29,3;30;30,2;29,3;29,5;29,9;29,9;29,4;30,1;29,5;29,2;29,9;29,9;30,1;30;29,7;30,5;30;29,5;30,1;30,1;30,1;30,2;30,5;30,3;30,2;30,3;29,9;30,5;30,9;31;30,9;31,3;31,4;31,3;31,8;32,1;32,1;32,6;33;33,1;32,9;31,8;29,4;27,3;26,1;26,1;26,5;28,1;30,5;32,4;33,1;33,1;32,6;32,8;32,7;32;31,5;31,2;31,1;30,8;30,9;30,5;30,6;30,4;30,5;30;30;29,4;29,7;29,3;29,2;29,2;29,1;29,1;29,2;29,5;30,4;30,8;31,4;30,7;31,2;30,9;31,1;31,1;30,8;30,6;30,2;29,3;29,4;29,1;28,8;28,9;29,3;29,1;28,9;29,2;29,2;29,1;29,4;29,2;29,2;29,2;30;30;30,2;30,1;30,2;30,3;30,7;30,8;31,1;30,9;31,3;31,5;31,7;32,2;32,4;32,2;32,8;33,3;33,3;33,1;33,3;33,4;33,4;32,7;32,5;31;29,1;27,9;26,7;26,5;26,7;28,4;30,4;32,1;32,8;33,2;32,7;32,4;32,5;32,6;31,6;32,4;31,8;32,2;31,7;32,1;32,1;32,4;31,7;32,2;32;31,5;31,6;31,8;31,6;31,8;31,8;31,5;31,4;31,3;31,4;31,6;31,4;31,4;31,1;31,1;31,4;31,3;30,8;30,8;30,5;30,4;30,4;30,1;30,1;30;30,2;30,5;30,4;30,7;30,2;30,6;30,4;29,9;30,4;30,7;30,5;30,3;30,1;30,2;30,4;30,5;30,6;30,2;30,8;30,4;30,1;30,4;29,9;29,5;30,3;30,2;30,2;30,7;30,2;29,4;30,1;30,3;29,7;29,4;28,7;28;26,7;26,2;25,8;25,5;25,5;25,1;23,7;22;21,4;20,2;20,5;20,1;19,8;19,4;20;20,5;20,2;19,8;20,2;20,1;20,4;20,6;20,1;20;20;19,9;20,2;20;20,1;20,2;20,6;20,1;20,4;20,1;20,1;20;19,6;20,1;20,2;20,8;20;20;20,1;20,6;19,9;20,2;20;20,2;20;20,1;20,1;20,2;20,1;20,1;19,8;20,5;20,6;19,8;19,6;19,6;20;20,9;20;19,9;19,9;20;19,9;20;20,1;20,4;19,8;20,1;19,8;20,4;20,2;19,5;20,1;19,8;20,4;20,1;20;19,5;19,6;19,9;19,9;19,9;19,8;20,4;20,1;19,5;20,1;20,4;19,9;20,1;19,9;19,8;19,8;19,4;19,6;19,9;19,8;19,4;19,5;19,6;19,6;19,6;19,6;20,2;20,1;19,6;20;19,6;19,8;20,5;19,9;20;19,9;19,4;19,6;19,5;19,5;19,6;20,1;19,3;20,1;19,8;19;20;20,2;19,9;19,6;19,5;19,6;19,8;19,5;19,5;19,5;19,4;19,6;19,8;19,6;19,4;19,3;19,6;20;20,1;19,8;20,5;19,3;20;19,8;20;19,9;20,6;19,9;19,4;19,9;20;19,8;20;20,4;20,4;20,1;19,9;19,9;20;20;19,9;20;19,8;19,9;20,4;20,4;19,9;20,4;20,1;19,5;20,5;19,6;20;20,5;20,1;20,5;20,2;2020,7;20,7;20,8;20,9;20,7;20,7;20,2;20,9;20,8;20,7;20,2;20,4;20,7;20,8;20,7;20,7;20,9;20,5;20;20,4;20,8;20,8;21,1;20,8;20,9;20,9;20,8;20,9;20,8;20,7;20,9;20,9;20,9;21,1;20,8;21,5;20,9;21,2;21,4;20,9;20,9;20,9;21,4;21,4;21,4;21,2;21,2;21,1;20,9;21,5;21,8;21,6;21,5;21,4;21,1;21,2;21,5;21,4;20,9;21,2;20,9;20,8;21,5;21,8;20,9;21,2;21,5;20,9;21,5;21,2;21,6;21,4;21,2;21,8;21,4;21,5;20,9;21,1;21,5;21,4;21,6;21,8;21,8;21,9;21,9;21,8;21,5;21,4;21,5;21,4;21,4;22;21,4;21,2;21,9;21,9;21,8;22;21,5;21,6;21,8;21,1;21,8;21,9;21,9;21,6;20,9;21,4;21,2;21,4;21,1;20,9;20,9;21,6;20;21,1;21,1;21,2;20,9;21,4;20,6;20,5;20,5;20,6;20,4;20,7;20,2;20,5;20,6;20,4;20;20,4;20,1;20,2;20,5;20,5;20,1;20,4;20;20,1;19,8;20,1;20,5;20;20,2;20,4;20;20;20,1;20;20,1;20,2;20,4;19,9;20,1;19,9;20,2;20;20,1;20,1;20,1;20,6;20,5;20;20,4;20;20,2;20,5;20,5;20,4;20,5;20,2;20,2;20;20,6;20,5;20,4;20,7;20,5;20,2;20,1;20,2;20,2;20,4;20,4;20,5;20,7;19,9;20;20;20,2;20,4;20,5;20,5;20,7;22,6;24;25,3;25,8;26,1;26,1;26;27,3;28,7;29,4;29,9;30,6;30,5;30,8;30,1;30,6;30,2;30,7;30,8;30,7;30,5;30,2;30,9;30,6;30,7;30;30,1;30,3;30,4;30,5;30,2;30,2;30,3;30;30,3;30;30,2;30,1;30;30;30,3;30;30,1;30;29,9;29,9;30;29,7;29,9;29,9;29,7;29,9;29,5;30,1;29,4;29,4;30,3;30;29,3;30,1;29,4;30,4;29,7;29,4;29,7;29,9;30;30,1;30,2;30,5;30,4;30,1;30,3;31;31;30,9;30,9;31,1;31,1;31,6;32,1;32;32,5;32,9;33;33,3;33,4;32,1;29,2;27,1;26,1;25,8;26,3;28;30,6;32,1;33,1;33,1;32,8;32,6;32,2;31,7;31,5;31,4;31,1;30,7;30,6;30,5;30,6;30,3;30,5;30;30,1;29,7;29,1;29,7;29,3;29,7;29,1;29,4;29,4;29,1;29,4;30,4;30,6;30,1;30,8;30,6;30,7;30,5;30,6;30,5;30;29,2;29,4;29,1;29;28,9;28,9;29,7;29,2;29,1;29,1;29,3;29,1;29,2;29,3;29,2;29,5;29,9;30,3;30,7;30,8;30,8;30,5;30,5;30,8;31,1;31,4;31,1;31,4;31,8;32,4;32,5;32,6;33,1;33,6;33,7;33,6;33,6;33,7;33,1;33;31,5;29,3;27,8;26,6;26,3;26,5;28,4;30,6;32,4;32,6;32,7;32,8;32,6;32,6;31,7;31,8;32;31,5;32;31,8;32,2;32,1;32,4;31,7;32,5;31,7;31,7;31,7;31,7;31,5;31,8;31,7;31,7;31,5;31,1;31,6;31,7;31,3;31,1;31,1;30,9;31,2;31,1;30,5;30,5;30,3;30,3;30,3;30,3;30,4;30,2;30,5;30,2;30,6;30,4;30,2;30,4;30,5;30,2;30,4;30,5;30,3;30,3;30,6;30,1;30,4;30,5;30,3;30,5;30,5;30,6;30,4;30,3;30,2;30,2;30,4;30,4;30,2;30;30,2;30,2;29,7;29,9;29,4;29,2;28,2;27,6;26,8;26,7;26,1;25,6;25,3;24,8;23,3;22;21,4;21,1;20;20;20,2;20,2;20,6;20,1;20,2;20,4;19,9;19,8;19,9;20,1;20,1;20;20;20,2;19,9;19,4;20,1;19,9;20,2;20,4;20,4;19,6;19,6;19,9;20,1;20;20,1;20,7;20;19,8;20;20,2;20,1;20,1;19,9;20,1;19,8;19,8;19,9;20,6;19,9;20;20;20,1;20,2;19,8;19,8;19,9;20,2;20,2;20,4;19,4;19,5;20,4;19,8;19,5;19,9;19,9;20,2;20;18,9;19,9;19,9;19,9;19,4;20,1;19,5;19,9;19,6;19,6;19,6;19,8;20,2;19,9;19,6;19,5;19,4;19,8;19,5;19,6;20,1;19,6;19,2;19,2;19,4;19,3;19,5;20,2;20;19,5;19,6;19,6;19,8;20;20,2;20,2;20;20;19,9;19,9;19,9;20,1;19,9;20,2;19,9;20,1;19,9;20;19,6;20;20,7;19,8;20;20,6;20,8;19,9;20,2;19,9;19,8;19,8;19,9;20;19,9;19,9;20,1;19,9;20;20,4;20,5;20,6;20,5;20,5;20,1;19,6;19,5;20,5;19,9;20,4;19,6;19,8;19,6;20,4;19,9;19,3;20,1;19,8;20,4;19,6;19,9;19,9;19,8;19,8;19,8;20;19,8;19,5;19,6;19,5;19,5;19,3;19,3;19,2;19,5;19,4;18,7;19,4;19,5;19,5;19,8;19,4;19,9;19,6;2020,9;20,6;20,8;21,1;20,5;21,2;20,6;21,2;20,5;20,7;20,9;20,6;21,6;20,8;20,7;20,8;20,8;20,7;20,7;20,9;21,1;20,9;20,8;20,8;20,9;21,2;21,4;21,1;20,9;20,9;21,1;20,9;21,1;21,2;20,6;20,9;21,2;20,9;21,4;20,6;20,8;20,9;20,2;20,4;20,6;20,8;20,8;21,1;20,9;20,6;20,6;20,8;21,2;21,2;21,1;20,5;20,6;20,2;20,1;20,8;20,6;20,8;21,2;21,5;20,7;20,5;21,1;21,1;21,4;21,4;21,4;21,4;21,2;21,4;21,6;21,4;20,9;21,2;21,6;22;22;21,8;21,8;22;21,9;21,6;21,6;21,6;22;22,1;22;22,3;22,2;21,8;21,9;21,8;22,1;21,9;22;22,1;21,6;21,9;22;22,3;22,2;21,9;21,5;21,8;21,1;21,9;21,5;21,6;21,4;22,2;21,4;20,8;21,1;21,8;21,2;20,9;20,8;21,2;20,8;20,6;20,9;21,2;20,2;20,5;20,7;20,6;20,8;20,2;20,6;20,5;21,2;20,2;20;20,4;19,6;20,1;20,1;20;20,5;20,1;20,2;20,1;20,1;20,5;20,5;20,5;20,5;20,5;20,6;19,8;20;19,8;20,2;20,2;20,1;20,5;20,1;20;20;19,8;20;19,9;20,6;20,6;20;19,6;20,1;20,2;20,1;19,9;20,1;20,5;20,5;20,1;20,1;19,9;20;20;20,1;20,2;19,8;19,9;19,6;20,2;20,5;20,5;20,2;19,8;19,9;19,9;20,6;22;23,8;25,1;25,6;25,6;25,7;25,5;27,4;28,6;29,4;29,9;30,3;30,3;30,7;30,4;30,3;30,6;31;30,7;30,4;30,3;30;30,6;30,3;30,6;30,3;30;30;30,2;30,4;30,3;30,7;30,2;30,1;30,3;30,1;30,1;30,1;29,7;30,2;30,1;30,2;30;30;29,5;30,2;29,4;29,4;30;29,9;29,3;30;30,1;29,7;29,9;29,7;30,3;29,7;29,3;29,9;29,4;30,1;29,4;29,7;29,7;30;30;30,2;30,1;30,3;30,3;30,4;30,8;30,9;30,9;31;31,1;31;31,3;31,6;31,7;32,4;32,6;32,8;32,9;33,1;33,2;31,7;29,1;27,2;26,1;25,5;26,1;28,5;30,8;32,4;33,3;33,4;32,9;32,6;32,6;32,2;31,8;31,4;31;30,5;30,6;30,7;30,5;30,5;30,3;29,7;30;29,3;28,7;29,5;29,4;29,3;28,9;29,7;29,3;29,2;29,7;30;29,7;29,2;29,9;29,4;30,2;29,4;29,2;30;29,7;29,2;29;29,4;29,3;28,8;29,2;29,7;29,2;29,4;29,1;28,5;28,9;29,4;29,2;29,4;30;30,3;30,3;30,3;30,2;30,5;31,1;31;30,9;31;31,5;31,4;31,6;32,2;32,5;32,7;32,8;33,2;33,7;33,9;33,7;33,6;33,4;32,9;32,6;31,1;29;27,7;26,6;26,3;26,7;28,1;30,8;32,7;32,9;32,7;32,7;32,7;32,4;31,8;32,5;31,6;31,4;31,3;32;32;31,8;31,7;31,6;32,1;31,3;31,3;32;32;31,1;32;31,6;31,4;31,2;31,1;31,4;31,6;31,2;31,1;30,9;30,6;31,2;30,8;30,3;30,6;30,3;30,1;30,2;30,4;30,4;30,4;30,2;29,9;30,2;30,2;30,4;30,3;30,2;30,2;30,3;30,3;30,1;30,6;30,5;30,2;30,6;30,2;30,4;30,5;30,4;30,2;30,4;30,1;30,2;30,3;30,1;30;29,7;30,1;29,9;29,3;29,3;29,3;29,4;29,5;28,8;27,9;27,1;26,1;25,5;25,1;24,8;24,6;23,1;22,2;21,4;20,8;20,4;20,2;19,9;20;20;20;19,8;19,2;19,5;20,1;20,2;19,8;19,4;19,5;19,6;20,1;20;20;20;19,6;19,9;19,8;19,8;19,9;19,8;20,1;20,4;20,2;20,4;20,1;20,4;20;19,6;19,8;20,1;20,7;20;20,1;20,2;20;20,1;20,7;20;19,8;20,1;20,1;20,4;20,1;20;20,2;19,8;20,5;20;19,9;20,4;20,2;20;19,9;20,5;20;19,9;20,8;20,5;20,2;20,2;19,6;20,2;20,1;20;20,9;20,6;19,9;19,9;20,7;20,6;20;20,2;20,6;20,6;20;20,2;20,6;20,2;20,4;20,2;20,1;20,4;20,5;20,4;20,6;20;19,8;19,6;19,6;19,8;19,8;19,9;19,6;20;20,1;20;19,6;19,8;19,6;19,5;19,9;19,9;20,1;19,9;19,4;19;19,6;20;19,6;19,5;19,5;19,3;19,6;19,3;19,3;19,4;19,6;20;19,6;19,8;19,9;19,6;19,5;19,5;19,3;19,3;19,6;20;19,9;19,4;19,5;19,4;20,1;19,6;20,4;19,6;19,9;19,6;20;20,4;19,6;20;19,5;20,2;20;20,1;20,1;20,2;20,5;20;19,9;20,2;19,9;19,8;19,9;19,9;19,8;19,5;20,2;20,2;20;19,6;19,8;20,1;19,6;19,9;20;19,9;20,4;20,521,2;20,9;20,8;20,8;20,2;21,2;20,7;20,8;20,5;21,4;21,6;21,1;21,4;21,4;21,1;21,1;21,2;21,4;21,1;20,9;20,9;20,9;20,9;20,8;21,4;21,6;22;21,2;21,1;20,9;21,4;20,9;21,2;21,5;21,2;21,1;22;21,5;21,9;21,1;21,1;21,5;21,6;21,4;21,5;21,1;20,9;21,4;21,4;21,8;21,6;21,2;21,5;21,4;20,9;21,4;22;21,2;20,8;21,6;21,2;21,2;21,1;21,5;21,2;20,7;21,2;21,1;21,6;21,4;21,4;21,2;21,4;21,4;21,5;21,8;21,2;21,2;21,5;21,5;22;21,8;21,9;22;21,8;21,6;21,4;21,5;21,5;21,6;22;22;21,8;21,8;21,1;21,4;21,9;21,2;21,6;21,6;21,6;21,2;21,6;21,6;21,5;21,2;21,4;21,6;21,2;21,8;20,7;21,2;20,9;21,6;21,4;21,1;20,7;21,1;20,8;20,5;20,7;20,8;20,2;20,6;20,6;20,5;20,5;20,1;20,4;20,5;20,2;20,5;20,8;20,4;20,7;20;20;20,6;20;20,6;20;20;20;20;20,1;20,5;20,6;20,5;20,2;20,7;20,6;20,5;20,7;20,2;20,2;20,1;20,5;20,6;20,5;20,2;20,4;20,6;20,6;20,4;20,6;20,6;20,6;20,7;20,8;20,7;20,8;21,1;20,6;20,4;20,1;20,5;20,9;20,6;20,2;20;20,4;20,5;20,5;20,6;20,6;20,5;20,7;20,5;20,8;20,7;20,4;20,5;20,4;20,5;21,2;22,8;24,5;25,4;25,6;25,8;26,1;26,2;27,4;28,7;29,5;30,6;30,6;31;30,9;30,7;30,5;30,9;31,3;30,6;30,7;30,6;30,7;30,8;30,6;30,9;30,4;30,3;30,5;30,7;30,5;30,5;30,8;30,4;29,9;30,3;30,3;30,4;30,1;30,1;30,6;30,1;30,4;29,7;30,2;30;30,1;29,2;29,9;29,5;29,7;29,7;29,9;29,9;29,7;30;29,7;30;29,9;30;29,5;29,9;30;29,4;29,9;29,4;30,1;30,3;30;30;30,2;30,3;30,4;30,2;30,6;30,4;30,7;30,9;31;31,1;31,3;31,6;32,1;32,4;32,7;33,1;33,2;32,8;31,5;29,1;26,7;26;26;26,6;28,5;30,8;32,6;33,2;33,1;32,8;32,5;32,6;31,8;31,8;31,6;31;30,8;30,8;30,4;30,3;30,3;30;29,5;29,9;29,9;29;29;29,5;29,9;29;29,4;29;29,2;30,1;29,9;29,1;29,2;29,4;29;29,2;29;29,1;29,5;29,2;28,7;28,4;29,1;28,9;29,3;28,6;29,1;28;29;29;28,9;29;29,2;29,4;29,5;30,1;30,3;30,2;30,4;30,5;30,5;30,3;30,5;30,8;31;31;31,1;31,6;32,4;32,4;32,2;32,8;33,3;33,5;33,5;33,6;33,7;33,3;32,8;32,2;30,9;29,1;27,8;26,8;26,2;26,7;28,2;30,9;32,5;32,7;33;32,8;32,1;32,6;32,6;32,6;31,8;31,8;31,7;31,6;31,5;32,1;31,7;31,3;32;31,2;31,4;31,8;31,7;31,1;31,5;31,8;31,3;31,2;31,2;31,2;31,2;31,2;31,5;30,7;30,5;31,4;31,1;30,6;30,7;30,6;30,4;30,4;30,6;30,4;30,5;30;30,4;30,5;30,8;30,6;30,6;30,5;30,4;30,7;30,7;30,6;30,8;30,7;30,5;30,4;30,6;30,3;31;30,6;30,3;30,4;30,6;30,4;30,4;30,7;30,6;30,4;30,9;30,4;30,5;30,2;30,4;30,2;29,4;28,5;27,8;26,8;26,5;25,8;26,3;25,7;24,8;23,5;22,3;21,5;21,1;20,9;21,2;20,6;20,5;20,9;20,4;19,9;20;20,2;19,9;20;20,4;19,9;19,9;20;20,4;20,4;20,8;20,7;20,1;20;19,6;19,8;20,2;20,4;20,1;20,2;20,4;20,2;20,5;20;20,4;19,8;19,8;20,1;20,7;20,4;19,8;20,5;20;20,1;20,2;19,9;20;20;20,1;20,4;20,2;20;20,1;20,1;19,8;19,9;19,9;20,2;20,4;19,8;19,8;20;19,6;20,1;20,5;19,8;19,8;19,6;19,5;20,4;19,6;19,9;19,8;19,5;19,4;19;19,9;20,4;19,5;19,4;19,6;19,5;19,5;19,3;19,8;20;19,9;19,9;19,5;19,8;19,4;19,2;19,4;19,8;20;19,4;19,5;19,6;19,5;19,4;19,4;20,1;20,1;20;19,8;20,1;19,6;19,8;19,9;20,1;20,1;20;19,6;19,2;19,5;20,1;20;19,5;20;20,1;19,8;20,2;20,2;21,1;20,1;20,1;19,8;20,1;20;19,8;19,6;19,9;20,1;20;20;19,9;19,9;19,6;20;20,2;20,4;19,9;20,5;20;20,5;20;20,5;20,6;19,6;19,9;19,8;19,9;20,7;20,2;20,2;19,9;19,9;19,5;20,2;20,2;19,6;19,6;19,9;19,6;19,5;19,4;18,9;20,9;20,2;20;19,8;19,8;20,2;19,8;19,3;19,6;20;20,520,7;20,7;20,5;20,5;20,9;20,6;20,7;20,6;21,1;20,5;21,2;20,7;21,2;20,9;21,1;20,9;20,7;20,8;20,7;20,7;20,7;20,6;20,9;21,1;21,2;21,5;21,9;21,1;21,2;20,9;20,9;21,1;21,2;21,1;21,1;21,2;21,2;21,8;21,5;20,7;20,9;21,1;21,2;21,2;21,4;21,6;21,5;21,1;20,8;21,4;21,5;20,8;21,6;21,8;20,9;21,5;21,8;20,8;21,5;21,6;21,8;21,1;21,6;20,9;21,4;21,1;21,9;21,1;21,6;21,2;21,1;21,4;21,8;21,9;21,6;21,8;21,8;21,8;21,9;21,6;21,9;21,9;22,1;22,2;22;21,9;21,8;21,5;21,8;21,9;22;22,1;22;21,8;21,8;21,6;22,2;22,2;22,3;22;21,8;21,8;21,4;21,8;22;22,1;21,2;22,1;21,4;21,5;21,9;21,8;21,2;21,6;21,1;21,5;21,1;21,6;20,7;21,1;20,8;20,9;20,5;20,7;20,7;20,4;20,7;20,2;20,8;20,4;20,2;20,4;20,4;20,6;20,5;20;19,6;20,6;20,2;20,6;19,5;19,9;19,9;20,2;20,1;20,5;20,6;20,5;20,2;20,4;20,1;20,1;20,4;20,1;19,9;20,1;20;19,6;20;19,9;20;19,9;19,8;20,2;19,9;19,8;20,1;20,4;20,1;20,1;20,6;20,2;19,9;19,9;19,8;19,9;20,4;20,1;20,1;20,1;19,8;19,8;19,8;20,5;20,1;20,1;19,6;19,6;19,8;19,6;20;20,1;20,4;20,1;20,8;22,3;24,3;25,4;26;25,8;25,8;25,7;26,7;28,2;29,3;30;30,4;30,8;30,9;30,6;30,7;30,6;31,2;30,6;30,3;30,4;30,6;30,9;30,7;30,9;30,2;30,3;30,7;30,7;30,2;30,4;30,8;30,5;30,1;30,4;30,3;30,5;30,3;30;30,5;30,1;30,3;30;30,3;30;29,9;29,3;29,9;29,3;30;29,7;29,9;29,7;29,7;29,7;29,5;29,4;29,7;30,2;30;30;30;29,9;29,5;29,9;30,2;30,5;30,4;30,2;30,3;30,4;30,5;30,3;30,6;30,6;31;31,1;31,4;31,5;32;32;32,2;32,7;33,1;33,1;33,6;33,8;32,7;29,9;27,2;26,3;25,8;26,4;29;31,2;33;34,1;33,7;33,5;33,2;32,5;32,5;32,8;32;31,5;31,5;31,3;31;30,9;30,5;30,4;30,3;30,2;29,7;29,4;29,5;29,2;29,2;29,4;29,9;29;29,1;29,3;29,2;29;29;28,9;29,4;29,3;29;29,1;29,5;29,4;28,7;29,3;29,2;28,7;29,2;29,1;29,3;29,1;29,2;29,2;29,3;29,4;29,4;29,7;29,4;30;30,3;30,5;30,7;30,7;30,6;30,9;31,1;31;31,4;31,6;32;32;31,8;32,8;33,4;33,4;33,6;33,8;33,9;33,9;33,9;33,8;33,7;33;31,4;29,3;28;27,3;26,3;26,8;28,7;30,9;32,4;32,7;33,1;32,8;32,6;33,2;32,6;32,7;32,1;32,2;32,2;32;31,6;32,1;31,7;31,3;31,7;31,2;31,5;31,5;31,4;31;31,2;31,3;31,5;31;31,2;31,2;31,2;30,9;31,3;30,6;30,6;31,2;31,3;30,8;30,9;30,2;30,4;30,4;30,4;30,6;30,5;30,1;30,5;30,5;30,4;30,1;30,1;30,6;30,6;31;30,5;30,8;30,4;30,6;30,5;30,4;30,6;30,4;30,8;30,5;30,2;30,3;30,6;30,4;30,2;30,4;30,4;30,1;29,5;29,4;29,9;30;29,9;29;29,1;28,5;27,7;26,8;26,3;25,4;25,1;25,2;24;23;22,1;21,4;20,6;20,1;20;19,9;19,9;19,5;19,8;19,8;19,8;20,2;20,5;20,1;20,2;19,9;19,9;20;20;19,8;20;20,5;20,2;20,1;19,9;20;19,9;19,9;19,6;19,8;20,2;20,1;20,4;20;19,9;19,9;20;20;20,2;20,2;20,1;20,2;19,9;20,1;20;20;20,1;19,9;20,4;20,6;20;20;20,2;20,6;20,4;20,1;20;20;20,5;20,2;20,7;20,5;20,4;20,6;20,1;20,1;20,5;20,2;19,9;20,9;20;20,4;19,3;20,7;20,8;19,6;19,3;20,5;20,4;20,4;20,4;20;20,1;20,4;20,6;20,2;20,2;20,1;20;20,2;20,1;20,1;20,4;20,7;20,1;19,5;19,6;19,9;19,9;19,8;20,2;20,1;19,9;20;19,9;20,2;19,8;19,9;20,4;19,8;20;20,1;20,1;19,6;19,6;19,8;19,9;19,5;20,5;19,9;19,3;20;19,5;19,9;20,6;19,9;19,5;19,9;20;20;19,9;19,9;19,8;20;20,1;20;20,5;20,5;20,1;19,9;20;20,2;19,9;19,6;20,6;19,9;20,4;19,9;19,3;20;19,8;19,9;20,2;19,9;19,6;19,5;19,3;19,8;20,2;20;19,6;19,4;19,5;19,5;19,8;20;20,1;20,5;19,6;19,2;19,3;20,1;19,8;20,2;19,8;19,5;19,4;19,820,8;20,6;20,4;20,5;20,4;20,9;20,9;20,8;20,8;20,6;20,9;20,8;21,2;20,9;20,9;20,8;20,7;20,7;20,7;20,7;20,8;20,8;20,7;20,8;21,1;21,4;21,2;21,1;21,6;20,9;21,1;20,8;21,2;20,9;20,8;21,5;21,1;21,9;21,5;20,7;20,7;20,9;21,4;21,5;21,5;21,1;21,1;21,5;21,2;20,7;21,1;21,4;21,1;21,4;20,9;20,9;21,1;21,8;21,5;21,4;21,5;21,2;21,2;20,9;20,8;20,9;21,8;20,8;21,2;20,8;21,1;21,4;21,4;21,6;21,8;21,4;21,5;21,8;21,5;21,5;21,6;21,4;21,4;21,5;22,1;22,3;21,8;21,6;21,8;21,8;22,1;22,1;21,8;21,6;21,6;21,5;21,6;21,6;21,9;21,5;21,6;21,8;21,1;22,6;21,5;21,9;21,5;21,6;21,1;22,1;22;21,4;20,8;21,5;20,7;21,1;20,7;21,2;20,6;21,5;21,2;20,9;20,8;20,9;20,9;20,5;20,8;20,4;20,9;20,6;20,6;20,5;20,2;20,5;20,6;20,2;19,6;20,6;20,1;20,4;20,1;20;20,1;20,5;20,7;20,5;20,6;20,5;20,1;20;20,6;20,4;20,7;20,6;20,4;20,4;20;20,5;20,5;20,6;20,8;20,2;20,4;20,2;20,2;20,2;20,2;20,7;20,5;20,5;20,7;20,6;20,4;20,4;20,5;20,6;20,6;20,8;20,1;19,9;20,4;20,4;20,5;20,8;20,5;20,1;19,9;20,1;20,2;20,7;21,1;20,4;20,5;20,5;20,7;22,3;24,4;25,6;26,1;26,1;26,2;25,8;26,6;28,2;29,5;30;30,6;30,7;30,7;30,7;30,6;30,7;31,2;30,7;30,6;30,4;30,6;31;30,6;30,9;30,4;30,1;30,6;30,7;30,4;30,4;30,5;30,5;30,4;30,5;30,5;30,4;30,5;29,7;30,4;30,4;30,1;29,9;30,2;29,7;29,9;29,4;30;29,4;29,7;29,2;29,7;29,7;29,4;29,5;29,4;30;29;30;30,1;29,5;29,9;29,9;29,9;30,1;29,9;29,9;30;30;30,4;30,4;30,3;30,1;30,6;30,8;30,9;30,7;30,7;31,6;32;32;32,4;32,4;32,6;32,8;33,3;33,1;31,7;28,9;26,4;25,4;25,4;26,3;28,2;31,1;32,8;33,4;33,2;33,1;33;32,6;32,2;32;32,1;31,3;31,1;30,7;30,2;30,1;30,6;30,3;29,9;29,5;29,7;28,6;29;29,1;29,3;29;28,7;28,8;28,9;28,9;28,4;29,3;28,5;29,2;27,9;28,8;28,5;28,4;28,8;28,4;29,2;29;28,9;28,8;28,7;29;28,7;28,8;29,3;29,4;29;28,9;29;28,8;28,9;29,5;30,1;30,3;30,4;30,4;30,4;30,7;30,9;30,9;31;31;30,8;31,3;32;32,5;33;33,1;33,6;33,8;33,6;33,6;33,6;33,5;33,5;32,7;31;29,3;27,8;26,7;26;26,3;28,6;30,7;32,1;32,7;32,9;33;32,8;32,9;31,8;32,5;32,1;32;32,2;31,8;31,5;31,7;31,8;31,5;31,6;31,4;31,5;31,5;31,5;30,9;31,5;31,2;31,4;30,8;31;30,9;31,2;30,8;31;30,5;30,6;30,9;31;30,7;31,1;30,5;30,5;30,6;30,2;30,6;30,8;30,4;30,4;30,5;30,5;30,4;30,2;30,8;30,5;30,7;30,7;30,7;30,3;30,8;30,6;30,8;30,6;30,7;30,8;30,8;30,7;30,6;30,6;30,8;30,8;30,6;30,5;30,6;30,4;29,9;29,9;29,9;30,2;29,7;29,1;28,8;27,9;26,8;26,5;26,1;25,6;25;24,8;23,9;22,3;21,6;20,8;20,5;20,4;20;20,1;20,5;20,7;20,4;20,4;20,2;20,5;20,5;20,2;20;20;20;20,4;20,1;20,1;20,6;20,4;20;20,4;20,2;20;20,5;20,5;20,4;20,5;20,2;20,2;20,1;20;19,8;20,2;20,1;20,9;20,2;20,6;20,2;20,5;20,4;20,5;20,1;19,8;19,6;20,5;20,6;20;20,4;19,9;20;20,4;20,1;19,8;20,4;19,8;20,6;20,5;20,5;20,2;20,4;20,5;19,9;20;19,8;19,9;19,8;19,3;20,2;19,3;20,2;19;19,8;19,6;21,1;19,4;19,9;20,4;19,9;20;20;19,8;20,1;20,2;20,4;20,5;19,9;20;20;20;19,8;19,5;19,5;19,8;20;19,9;20;20,2;19,9;19,9;19,9;19,6;20,5;20;19,5;20,4;19,6;19,5;20,1;20,2;19,8;19,6;19,5;19,8;20;20,5;19,2;19,8;19,3;19,9;19,4;19,4;19,9;20;19,8;19,6;20;19,9;19,8;20;20,1;20,1;20;20;20,2;19,8;19,5;19,6;20,4;19,8;19,5;20,1;19,8;20;20;19,8;20;19,6;19,9;19,6;19,8;19,6;19,5;19,5;19,8;19,9;19,8;19,6;19,8;19,6;19,6;19,9;19,8;19,6;19,6;19,4;18,8;19;19,4;19,6;20,2;19,5;19,5;19,9;19,821,2;21,2;20,8;20,6;21,1;20,7;20,2;20,6;21,1;20,9;20,1;20,8;20,9;20,7;20,7;20,8;20,9;20,9;20,7;20,9;21,2;21,2;20,9;20,7;21,1;21,5;20,7;21,1;21,5;20,6;20,9;20,5;20,9;21,1;21,1;21,5;20,8;21,5;21,4;20,9;20,7;21,1;20,9;20,9;20,7;20,5;21,2;21,8;21,5;20,9;20,9;21,1;21,2;21,4;21,5;21,1;21,1;21,4;21,1;21,4;20,9;21,4;21,4;21,1;20,8;21,4;21,4;20,7;21,2;20,8;21,2;21,5;21,1;21,5;21,8;21,2;21,2;21,5;21,5;21,5;21,9;21,6;21,1;21,6;21,8;21,2;20,9;21,1;20,9;21,2;22;22,3;22;21,5;21,6;21,6;21,8;20,9;21,8;22,2;22,2;21,5;21,2;22,1;22,2;21,6;21,8;21,5;21,1;21,8;20,8;21,2;20,7;21,1;21,2;21,8;21,1;21,1;21,1;21,4;21,4;20,8;20,9;20,8;20,8;20,5;21,1;20,2;20,6;20,6;20,4;20,6;20,1;20;20,1;20,4;20;20,1;20,1;20,1;20,2;20,4;20;20,2;20,4;20,4;20,5;20,5;20,4;20;20,5;20,4;20,4;19,9;19,9;20;20,2;20,4;20,2;20,5;20,4;20,1;20,4;20,4;20,2;20;20,2;20,7;20,1;20,2;20,6;20,4;20;20,1;20;20,1;20,4;20,2;20;20,2;20,4;20,1;20,2;20,4;20,2;20,4;20,6;20,4;20,1;20,4;20,4;20,4;20,6;20,2;20,8;22,5;24,6;25,5;26;26,2;25,8;25,7;27,2;28,8;29,5;29,9;30,5;31;30,8;30,7;31,1;30,8;31,2;30,6;31,2;30,8;30,9;31,4;30,9;30,9;30,8;30,7;30,6;30,9;30,9;30,5;30,2;30,6;30,4;30,6;30,7;30,3;30,4;30,2;30,5;30,3;30,3;30,1;30,4;30;30,3;29,7;30,3;30;29,7;29,2;29,7;30;29,9;30,1;29,9;30,2;29,5;30,1;29,9;29,5;30;30,2;29,9;30,3;30,3;30,6;30,3;30,5;30,9;30,5;30,5;30,6;31,1;30,7;30,6;30,9;31,4;31,7;32,1;32,6;32,6;32,6;33;33,6;34;33,9;32,5;29,4;27,1;25,6;25,3;26,4;29,1;31,6;33,2;33,6;33,5;33,7;33,2;33,2;32,8;32,6;32,1;31,6;31,4;31;30,8;31;31,1;30,8;30,2;30,2;29,1;29,3;29,9;29,4;29,4;28,9;29;29,7;29,4;29,1;29,3;29,1;29,1;29,4;29,1;29,2;28,8;28,4;29,7;29,3;28,7;29,1;29;29,1;28,9;29,5;29,1;29,3;29,4;29,7;29,9;29,9;30,2;29,7;29,2;29,7;30,7;30,7;30,6;30,7;30,7;30,8;31,2;31,4;31,4;31,8;31,8;32,2;32,2;32,6;33;33,3;34,1;34,2;34;34,4;34,4;34,1;33,6;32,9;31,5;30;28;26,7;26,5;26,6;29,1;31,1;33;33;33,2;33,3;32,7;32,7;32,1;32,6;32,5;32;32,5;32,1;31,7;31,7;32,2;31,6;31,8;31,7;31,3;31,7;31,8;31,2;31,4;31,4;31,7;30,9;31,4;31,3;31,1;30,9;31,1;30,5;30,7;31,1;30,8;30,9;30,9;30,8;30,6;30,8;30,4;30,7;30,7;30,5;30,6;30,7;30,7;30,7;30,6;30,9;30,5;30,5;30,8;30,8;30,6;30,6;30,7;30,9;30,8;31;30,9;31,1;30,7;31;30,9;30,9;30,7;30,7;30,8;30,6;30,1;30,2;30,3;30,2;29,9;29,4;28,6;28,5;28,1;27,1;26,3;26,1;25,6;25,4;25,1;23,6;22,2;21,1;20,5;20,5;20,5;20,5;20,4;20,2;20;19,9;20,4;20;20,2;20,6;20,2;20,2;20,4;20,1;20;20,4;20,7;20,7;20,4;20,1;20,1;20,4;20,4;20,6;20,2;20,2;20,4;20,1;19,9;20,1;19,8;20;20,4;20,1;20,8;20;20,4;20;20,6;20,1;20,7;19,9;19,6;19,8;20,1;20,1;20,2;20,1;19,9;19,9;20;19,9;20,2;20,4;20,2;20,4;19,8;19,8;20,1;20;20,6;19,3;20,2;20,4;19,8;19,8;20,1;19,4;20;20,6;20;19;19;20,4;19,3;20;20,1;19,6;19,9;20,2;20,1;20,4;19,6;19,9;20,6;20,5;19,9;19,9;19,8;20;20;19,6;19,9;19,9;20,1;20,2;19,9;20,1;20,2;19,9;19,9;20,6;20,2;19,6;20,5;20,1;19,8;19,9;20,1;19,8;19,4;19,8;19,8;20,1;20;19,5;19,9;19,3;20,2;20,1;19,9;19,9;19,5;19,3;19,9;20;20;19,6;19,5;20,1;20;19,6;19,9;19,5;19,8;20,1;20;20,2;20,1;19,8;19,8;19,9;19,9;19,6;20;20;19,9;19,5;19,5;19,8;20,1;19,8;20;19,9;19,8;19,6;20;20,2;19,9;19,5;19,4;19,5;19,6;19,9;20,1;20;19,5;19,9;20;20;19,8;19,4;20;20,421,4;20,8;20,9;20,4;20,9;20,8;20,4;21,2;21,6;21,1;20,7;20,7;21,2;20,9;20,8;20,9;21,2;21,1;20,8;20,8;21,1;21,4;21,1;20,9;21,1;21,5;21,1;20,9;21,5;20,8;21,2;20,7;21,4;21,1;20,8;21,2;20,9;21,6;21,4;20,9;20,9;21,4;21,2;20,9;21,1;21,2;20,9;20,8;20,8;21,1;21,1;21,1;20,7;20,8;20,9;21,1;20,7;21,1;20,8;21,1;20,7;21,6;21,2;20,9;21,2;21,4;21,2;20,9;21,4;21,4;21,1;21,5;21,5;21,5;21,9;21,5;21,5;21,8;21,8;21,5;21,6;21,8;21,6;21,4;21,4;21,4;21,4;21,6;21,9;21,6;21,4;21,6;21,9;21,9;21,8;21,8;21,6;22,1;22;21,4;21,6;21,4;22;21,8;22,2;21,9;21,2;20,8;20,9;21,4;20,9;21,6;20,9;21,5;20,7;20,9;21,2;20,9;20,8;20,8;21,2;20,7;20,7;20,6;20,6;20,5;20,9;20,1;20,5;20,5;20,1;20,5;19,9;20,1;19,9;20,4;20,2;20,1;20,1;20,1;19,8;20,1;20,2;20,5;20,2;20,5;20,6;20,5;20,5;20,1;20,1;20,4;20,2;19,6;19,8;20,1;20,6;20,6;20,5;20,4;20,1;20,4;20,6;20,6;20,2;20;19,9;19,8;20;20,4;20,4;20,2;20,4;20,2;20,2;20,5;20,7;20,6;20,2;20;20,1;20;20,4;20,5;20,4;20,2;20,5;20,2;20,2;19,8;20,1;20,7;20,6;20,4;20,7;22,1;24,6;25,5;26;26;25,3;25,5;27,1;28,7;29,7;30,1;30,7;31,1;31;30,5;31,2;31;31,1;30,5;31,2;30,8;30,9;31,1;31;30,7;30,9;30,9;30,6;30,9;30,9;30,6;30,3;30,5;30,4;30,3;30,5;30,3;30,2;30,4;30,5;29,9;30,3;30,3;30,2;30;30,1;30;30,1;29,9;29,9;29,5;29,9;30,2;30,1;29,7;29,7;30,2;29,9;30,1;30,1;30,3;30,1;30;30,1;30;30,2;30,7;30,2;30,4;30,6;30,4;30,4;30,6;30,9;31,1;31,2;31,2;31,2;31,7;32,2;32,4;32,5;33,1;33,7;33,8;33,7;33,8;32,4;29,3;26,5;25,6;26;26,7;28,9;31,4;33,1;33,9;34,2;33,7;33;32,6;32,7;32,5;31,8;31,7;31,6;31,3;30,8;31;30,9;30,4;30,5;30,2;29,2;29,2;29,7;29,9;29,9;29,9;28,9;29,7;29,1;29;29,4;29,4;28,9;29,5;29,2;29,2;28,9;28,9;28,7;29,2;29,3;28,6;28,9;29,3;29,3;29,2;29;29,2;29,7;29,5;29,1;29,3;29,2;30;29,9;29,7;30,4;30,4;30,5;30,6;30,9;31,2;31,4;31,5;31,7;31,8;32;32,4;32,4;32,9;33,1;33,4;34;34,1;34,2;34,3;34,4;34;33,4;33,1;31,5;29,5;27,8;26,6;26,5;26,5;29;31,3;32,8;33,3;33,4;33,2;32,4;33;32,7;32,6;32,1;32;32,2;31,8;31,7;31,8;31,8;31,4;31,4;31,5;31,3;31,3;31,4;31,1;31,1;31,2;31,5;30,6;31;31,6;31,1;30,6;31,1;30,3;30,7;31,2;31;31;30,5;30,4;30,8;30,9;30,6;30,8;30,4;30,7;30,4;30,7;30,7;30,6;30,9;30,7;30,5;30,6;30,7;31;30,9;30,2;30,6;30,8;30,8;30,9;30,9;31,1;30,6;30,9;30,8;30,8;30,9;30,6;30,6;30,5;30,4;30,4;30,5;30,6;30;29,2;28,9;28;27,4;26,6;26,4;26;25,7;25,2;24,7;23,4;22,5;21,6;20,6;20,2;20,5;20,5;20;20,2;20,5;19,8;20;20,1;20,6;20,1;20,1;20,5;20,6;20;19,6;20;20;20,1;20,1;20;20,1;20,2;19,8;19,8;19,9;20;20,1;19,9;19,9;19,9;20,1;20;19,8;20,1;20,5;19,9;20,1;20,1;20,2;20;20,5;19,9;20,2;20;20,2;20;20,2;19,6;19,9;20,2;20,1;20,2;20,2;19,9;20,1;20;19,3;20,1;20;20,2;20,2;19,9;19,5;20,2;19,6;19,6;20;19,8;19,8;19,3;19,5;20;19,5;20,6;19,9;19,9;18,9;19,6;19,8;19,9;20,1;20,5;20,4;20;20,1;20;19,5;20;19,9;20;20;19,9;19,8;20,2;20,6;20;19,9;20,1;20,1;19,5;19,8;20,2;20,1;20;20,4;20,4;19,8;19,8;19,5;19,6;19,6;20;19,9;19,9;19,8;20,4;20;19,4;19,9;19,5;20,2;19,4;19,6;19,8;19,6;20;19,8;19,5;19,5;19,6;20;20,1;20,1;20,4;20,2;20,1;20,1;19,9;19,8;20,2;20,1;19,4;19,9;19,5;19,8;20,1;19,9;19,8;19,9;19,8;20;19,8;20;19,9;20;19,9;20;20,1;20,1;20,1;20;20;19,9;20,1;20,1;19,9;19,9;19,8;20,5;20;20,4;20,2;19,8;2020,9;21,1;21,1;21,4;20,6;20,9;20,6;21,5;21,2;20,8;20,5;20,6;21,1;21,2;20,9;20,9;21,1;21,2;21,1;20,9;21,1;21,4;21,2;20,8;20,8;21,6;21,6;21,1;21,5;21,1;21,9;20,9;21,4;21,4;21,1;21,6;21,1;21,4;21,4;21,8;21,5;20,9;21,1;21,2;21,1;21,1;21,6;21,9;21,4;21,2;21,1;21,1;21,2;21,2;21,5;21,4;21,1;20,9;21,2;20,9;21,4;21,8;21,4;21,4;21,4;21,2;21,5;21,1;20,9;22;21,5;21,4;21,6;21,6;21,5;21,4;21,4;21,9;21,9;21,6;21,5;21,8;21,8;21,6;21,8;21,6;21,6;21,6;21,6;21,9;21,5;21,5;21,8;22,1;21,6;21,8;21,6;20,9;20,9;21,9;21,9;21,5;21,8;21,2;20,9;21,9;21,6;21,4;21,8;21,2;22,1;21,2;21,5;20,7;20,6;21,1;20,7;21,1;20,6;20,6;20,8;20,4;20,4;20,7;20,6;20,6;20,9;20;20,5;20,2;20,2;20,4;20;20,1;20,1;20,5;20,5;20,2;19,8;20,1;19,8;20,1;20,4;20,5;20;20;20,2;19,9;20,2;20,6;20,6;20,5;20,2;20,2;19,9;20,4;20,7;20,4;20;20,1;20,2;20,5;20,1;20,1;20,1;20,2;20,4;20,5;20,1;20,4;20,2;20,1;20,2;20,1;20;20,5;20,4;20;20,1;20,2;20,2;20;20,1;20,4;20;19,6;20,1;20,1;19,9;20,1;20,5;20,7;20,4;20,1;20,8;22,6;25;25,6;26,1;26;25,6;25,7;27,1;28,6;29,9;30,2;30,4;30,8;31;30,9;31;31;31,4;31;31;30,9;30,6;31,2;31,1;30,9;30,9;30,8;30,6;30,9;30,6;30,5;30,5;30,4;30,2;30,3;30,4;30,2;30,3;30,2;30,2;30,3;30,3;30;29,9;29,7;30,3;30;30,4;29,3;29,7;29,5;30;30,1;29,7;29,7;29,9;30;29,9;30,2;29,9;30;30,1;30,4;30,1;30,2;30,4;30,6;30,3;30,3;30,2;30,2;30,5;30,5;31;31;31,1;31,3;31,2;31,5;31,8;32,1;32,8;33,1;33,5;33,9;33,7;33,7;32,5;30;26,8;25,6;25,5;26,3;28,8;31,5;33;33,8;34,1;33,8;33,4;33,4;32,9;32,1;32;31,3;31,3;31;30,6;30,9;30,8;30,5;30,1;30,4;29,9;29,5;29,4;29,7;29,3;29,3;29,1;29,4;28,9;28,6;29,1;29,4;28,9;29,3;28,7;29,1;28,7;28,6;29;28,7;28,6;29;29,1;29;28,7;29,2;29,3;29,3;29,1;29,4;29,2;29,2;29,2;29,7;29,4;30;30,3;30,7;30,4;30,4;30,7;30,9;31;31,1;31,1;31,6;31,7;31,6;32,1;33,2;33,7;33,9;34,2;34,3;34,3;34,7;34,6;34,2;33,9;33,3;31,8;29,5;27,6;26,4;26,2;26,5;28,8;31,2;32,9;33,3;33,4;33,2;32,9;33,1;32,5;32,7;32;32,4;31,7;31,6;31,5;31,8;31,4;31,6;31,4;31,3;31,6;30,8;31,5;30,8;31,3;31;31,1;31;30,7;31,7;31;30,4;31,3;30,6;31;31,1;30,9;30,8;30,5;30,3;30,6;30,8;30,6;30,9;30,5;30,6;30,7;30,7;30,8;30,5;30,9;30,9;30,7;30,9;30,7;30,8;30,9;30,5;30,9;30,7;30,9;30,9;30,9;31;30,6;30,7;31;30,7;30,7;30,6;30,6;30,2;30,1;30;29,4;29,5;29,3;29,4;28,9;28,7;27,8;27,1;26,3;25,7;25,7;25,3;24,8;23,3;22;20,9;20,4;20,4;20,5;20,5;20,1;20,5;20,5;20,1;19,9;19,9;19,9;19,5;19,9;19,8;19,5;20,2;20,7;20,2;20,1;20,7;20,4;20;19,6;19,8;20,2;19,9;20;20,1;20,1;20,2;19,9;20;20,2;20;19,9;20,2;20,4;19,9;20,2;20,1;19,9;20,2;20,2;20,2;20,2;20,1;20;20,5;20,4;19,6;20;20,5;20,5;20,2;20,2;19,5;19,8;20,1;20,5;20,2;19,9;20,4;20,6;19,9;19,4;19,9;20,1;20;20;19,8;19,8;20;18,7;19,8;20,4;20;19,2;19,6;19,9;19,9;20,8;20,5;20,5;19,9;19,5;19,5;19,8;20;19,4;19,4;19,9;20,1;20,1;20;19,9;20,1;20,2;20,1;19,9;20,1;20;19,9;20;19,8;19,9;20,1;20;20,1;19,9;20,1;19,5;19,9;20;20;19,9;19,8;19,9;20;20;20,1;19,4;20,2;19,9;19,8;19,9;19,6;20,2;20,7;19,6;19,8;19,9;20;20,1;20;20;19,8;19,6;19,8;19,6;20,2;20,2;20,4;19,8;19,8;19,9;20,1;20;19,9;19,9;20,2;19,9;20;19,8;19,8;19,8;20,1;20,4;20;20;20,1;20,1;20,1;19,9;20;19,9;19,8;19,4;20,2;19,9;19,9;20,6;20,5;19,8;20,1;19,4;19,920,6;20,7;21,1;20,6;20,4;20,9;20,7;21,1;21,5;21,2;20,7;20,6;21,1;21,5;21,2;21,1;21,1;21,1;21,1;21,1;21,2;20,9;21,4;20,6;20,9;21,5;21,4;21,4;21,6;21,1;21,5;20,9;21,2;21,2;21,1;21,8;21,2;21,4;21,2;21,2;21,4;21,4;21,2;21,5;21,5;21,2;21,2;21,5;21,9;21,6;21,2;21,4;21,4;21,8;21,2;21,4;21,1;21,4;21,5;20,7;21,4;21,6;21,5;21,6;20,9;21,2;21,5;21,4;21,2;22;21,6;21,5;21,6;21,8;21,6;21,8;21,5;21,5;21,5;21,6;21,9;21,9;21,8;22;21,9;21,9;21,6;21,6;21,9;21,6;21,8;21,9;21,9;21,8;21,9;21,9;21,6;21,6;22;21,8;21,9;21,9;22,1;22,2;22,5;21,9;21,2;21,5;21,8;21,2;21,8;21,5;21,2;20,9;21,1;20,9;20,5;21,4;20,8;20,6;21,2;20,1;20,6;20,6;20,6;20,5;20,6;20,2;20,5;20,4;20,2;20,5;20,1;20,4;20,6;20,4;20,1;20,5;20;20,2;19,6;20,1;20,5;20,7;20,4;20,1;20,4;20,5;20,4;20,2;20,8;20,4;20;20,2;20,1;20,4;20,6;20,5;20,4;20,5;20,1;20,2;20,5;20;20,2;20;20,1;20,1;20,2;20,5;20,4;20,4;20,2;20,2;20,2;20;20,2;20,1;20;20,6;20,7;20,4;20,2;20,4;20,2;20;20;20,4;20,5;20,1;20,2;20,5;20,4;20,1;20,5;22,5;24,6;25,2;25,8;26;25,7;25,8;27,2;28,5;29,5;29,9;30;30,6;30,7;30,9;30,9;31;31,3;31;30,8;31;30,6;31,5;31;30,8;30,8;30,7;30,7;30,7;30,4;30,4;30,6;30,5;29,9;30,5;30,5;30,2;30,4;30,1;30;30,5;30,4;30;30,3;29,9;30,3;29,9;30,3;29,5;29,3;29,4;30;30;30;30;29,9;29,9;29,9;30,2;30,2;29,9;29,7;30,5;30,2;30,4;30,1;30,3;30;30;30,3;30,5;30,6;30,7;30,8;30,9;31,4;31,5;31,5;32,1;32,2;32,5;32,6;33,1;33,1;33,4;33,6;33,5;32;29,4;27,3;26;25,6;26,4;28,8;31,5;33,1;33,8;33,8;33,7;33,9;33,2;32,6;32,5;32,2;32,1;31,4;31,4;30,9;31;30,7;30,5;30,7;30,3;29,9;29,9;29,9;29,1;29,3;28,7;29,4;29,5;29,3;29,3;29,3;29,3;29;29,1;28,7;29,5;28,7;28,7;29,3;29,1;29,2;29;28,7;29,3;29,5;29,1;29,2;30,1;29,5;29,2;29,4;29,3;30,1;30,1;30;30,2;30,4;30,7;30,8;30,6;30,4;30,9;31,4;31,3;31,4;31,6;31,7;32,1;32,8;33,1;33,4;33,8;34,4;35;34,7;34,7;34,9;34,4;33,8;32,9;31,2;29,4;27,8;27,1;26,3;26,5;28,6;31,2;32,8;33,2;33,3;33,6;33,1;33;32,8;32,7;32,4;32,4;32,2;31,2;31,4;31,7;31,4;31,7;31,5;31,3;31,4;30,7;31,5;30,8;31,1;31,4;31,4;30,9;31,2;31,3;30,8;30,6;31,6;30,9;31,2;31;30,6;30,2;30,7;30,5;30,8;30,7;30,4;30,8;30,5;30,6;31,1;31;30,9;30,4;30,5;31;30,9;30,7;30,6;30,9;30,8;30,6;31;30,7;31,2;31,2;31,1;31,1;30,9;30,7;31,1;30,8;30,5;30,5;30,5;30,3;30,1;30,1;30;29,7;29,7;29,3;28,7;28,4;27,8;26,7;25,7;25,4;25,6;25,6;24,8;23,5;21,8;20,5;20,1;20;20,2;20,7;20,7;20;19,5;19,8;20,2;20,2;20,2;19,9;19,8;20;20,2;20,1;20;20,4;20,2;20,4;20,1;19,9;19,9;20,6;20,2;20,2;20,1;20;20,6;20;20;20,4;20,4;20,1;20,1;20;20,2;20,1;20,2;20,4;20,4;20,2;20;20,2;19,9;20,4;20;20,7;20,4;20;20,2;20,1;20,4;20,5;20,5;19,6;20;20;20;20,6;20,5;20,1;20,5;20,1;20,1;19,8;19,6;20,1;19,8;20,4;19,6;20,2;19,8;20,2;19,4;19,5;19,4;20,6;20;19,6;20;20,1;19,9;20,5;20,2;20,2;20,5;20,5;20,5;20,1;19,9;20,1;19,8;19,8;19,9;20;20;19,8;19,8;20,2;20,1;20,5;20,1;19,8;20,1;20,2;19,9;19,9;19,9;20;19,9;20;20;19,9;20;20;19,8;20;19,6;19,8;20;20,7;19,9;19,3;20,5;20,1;19,9;19,9;20,2;20,2;20,1;20,5;20,2;20,1;20,2;19,9;19,6;20,2;20,4;20,2;20;19,9;19;20,1;20,5;20,7;19,6;20,1;20;19,9;19,6;20,1;20;19,9;19,4;20;20,2;20;20,1;20,2;20,1;20;19,9;19,9;20;19,8;19,5;19,6;19,9;20,1;20,1;19,8;20,2;20,1;19,9;20,420,9;20,8;21,4;21,5;21,2;21,6;21,5;21,2;21,5;21,4;21,2;21,1;21,4;21,4;21,1;21,2;21,1;20,9;21,1;20,9;20,8;20,6;21,5;21,1;21,4;21,5;21,8;21,5;21,6;21,6;21,2;21,6;21,4;21,2;21,1;21,4;20,7;21,2;21,5;21,5;21,5;21,6;21,6;21,4;20,9;20,9;20,9;21,5;21,6;21,2;21,4;21,5;20,8;21,8;21,1;21,2;21,4;21,5;21,5;21,1;21,1;21,5;21,1;21,4;21,2;21,4;21,4;21,2;21,4;21,2;21,4;21,5;21,6;21,8;21,5;21,9;22,1;22,1;22,1;22;21,6;21,4;21,8;21,9;21,2;21,5;21,8;21,8;21,8;21,8;21,8;22,2;21,8;21,9;22;21,8;22,1;22;22,5;22;21,6;21,9;21,4;22,1;22,1;21,6;21,8;22,2;21,8;21,8;21,1;21,6;21,1;21,5;21,1;21,2;20,7;21,4;20,8;20,7;21,2;20,7;20,7;20,7;20,8;20,6;20,6;20,1;20,5;20,9;20;20,4;20,2;20,4;20,6;20,6;20;20,5;20,1;20,4;20,1;20,4;20,5;20,5;20,5;20,8;20,7;20,6;20,5;20,4;20,5;20,1;20,7;20,8;20,8;20,6;20,6;20,8;20,6;20,2;20,5;20,9;20,9;20,2;19,8;20,1;20;19,9;20;20,2;20,6;20,9;20,5;20,1;20,4;20,2;19,9;20;20,4;20,5;20,2;20,1;20,5;20,5;20,6;20,2;20,2;20,4;20,2;20,1;20,4;20,4;20,4;20,6;20,9;22,5;24,5;25,3;25,6;25,6;25,7;26,2;27,6;28,7;29,5;30,1;30,3;31;30,7;30,6;31;31,2;31,4;31,1;31;31,3;31,2;31,1;31;30,7;31;30,9;30,8;30,6;30,7;30,5;30,8;30,7;30,3;30,4;30,7;30,5;30,6;30,3;30,3;30,5;30,3;30,1;30,5;30,2;29,7;29,5;30,1;30;29,4;30;29,7;30,4;30,1;30;29,9;30,3;29,9;29,9;30,3;30,3;29,9;30;30,4;30,1;30,1;30,1;30,2;30,2;30,7;30,7;30,5;30,7;31,1;31,3;31,2;31,3;31,5;31,7;31,8;32,2;32,5;33;33,7;33,8;33,6;33,9;32,6;29,4;26,6;25,7;25,6;26,2;28,8;31,7;33,6;34,1;34,1;34;33,8;33,4;32,9;32,5;32,2;32,1;31,5;31,3;30,9;31,1;30,7;30,4;30,8;30,3;30,3;30,2;30,6;30,6;29,9;29,9;29,9;30,2;29,5;29,5;29,3;30,1;29;29,9;29,2;29,3;29,7;29,4;29,2;29,5;29,5;29,9;29,3;30;29,4;30,2;30;29,9;30;30,2;30,1;29,9;30,1;30,3;30,4;30,7;30,7;30,7;31;30,6;30,7;31,2;31,3;31,3;31,8;32,1;32,4;32,8;32,9;33,3;33,8;33,9;34,3;34,9;35,1;35,1;35,1;34,5;33,7;33;31,2;29,4;27,5;26,6;26,4;26,5;28,4;31,1;33,4;33,5;33,5;32,8;33,2;33,2;32,6;33,2;32,8;32;32,2;31,8;31,4;32,1;31,6;31,6;31,5;31,2;31,4;31;31,3;31,4;31,3;31,4;31,5;31,1;31,1;31;30,7;30,9;31,4;30,8;30,7;30,7;30,7;30,1;31,1;30,8;31,1;30,9;30,5;30,8;30,2;30,8;30,8;31,2;30,8;30,6;30,5;31;30,8;31;31,2;31;30,8;30,5;30,7;30,8;31,2;31;31,2;31;31,1;31;31,2;30,6;30,7;30,9;30,6;30,3;30,2;30,1;30,1;30,1;29,7;29,3;28,9;28,6;27,6;27,1;26,1;25,7;26;25,3;24,6;23,5;22,1;21,4;20,9;20,7;20,2;20,1;20,1;20;20,6;20,6;20;20,2;20,1;19,9;19,8;19,8;20,2;20,2;20;20;20,2;20,4;20,4;20,7;20,8;20,8;20,5;19,9;20;19,9;19,9;19,8;20;20,2;20,1;19,9;19,9;20,1;20,5;20,2;20,2;20,5;20,1;20;20,1;20,2;19,6;20,4;20,2;20,1;19,8;20,2;19,8;19,9;20,2;20,4;20,4;20;20,1;19,9;19,6;20,4;20,2;19,8;20;20,1;19,8;20,2;19,5;20,4;20,1;20,2;19,9;19,8;19,8;20,2;19,8;20,5;20,2;20,2;19,6;20;20,2;20,1;20,4;19,5;19,8;20,2;20,1;20,1;20,1;20,1;20;19,9;20,1;20,1;20,1;19,9;20,1;20,4;20,5;20,2;20,1;20,2;20;19,6;20,4;20,1;19,9;20,1;19,9;19,9;19,6;20;19,9;20;19,9;20,2;19,9;20;19,6;20;20,4;20,5;19,9;19,8;19,9;19,6;20,4;19,9;19,5;19,8;20,5;20,1;20,1;20,8;20,9;20,2;19,9;20,1;20,2;20,1;19,9;20,1;20,4;20,4;20,1;20,5;20,1;20,4;19,8;20;20;19,9;20,5;20;19,8;19,6;20,1;20,4;20,5;20,4;20,4;20,2;20,1;20,2;20,1;20,2;20,2;20;20,1;20,6;20,4;20;19,8;19,9;20,1;19,920,8;20,5;21,2;21,1;21,6;21,4;21,4;21,1;21,1;21,1;20,7;20,9;21,5;21,2;20,9;21,1;21,1;21,2;21,1;20,7;20,8;20,7;21,4;21,4;21,5;21,4;21,8;21,2;21,5;21,5;21,6;21,4;21,4;21,4;21,4;21,6;21,6;21,9;22;21,6;21,6;21,6;21,2;21,2;21,6;21,8;21,4;21,1;20,9;21,2;21,8;21,4;21,4;21,8;21,1;21,4;21,5;21,8;21,1;21,6;21,4;21,6;21,5;21,6;21,9;21,6;21,6;20,9;21,1;21,1;21,4;21,6;21,8;22,1;21,8;21,5;21,9;21,8;21,9;22;21,5;21,6;21,8;22;21,9;22;21,8;21,6;21,6;21,5;22;22,1;22;21,6;22;21,5;21,8;21,2;21,1;21,9;22,3;21,8;20,9;21,8;21,6;21,8;21,8;21,8;21,6;21,5;20,7;21,4;20,7;21,2;20,7;21,1;20,8;20,9;20,5;20,9;20,8;20,9;20,7;20,6;20,6;20,7;20,7;20,2;20,6;20,9;19,9;20,4;20,4;20,2;20,2;20,5;20,5;20,7;20,5;20,5;20,2;20,1;20,6;20,8;20,4;20,4;20,4;20,8;20,8;20,8;20,5;20,4;20,8;20,8;20,4;19,9;19,8;20;20,2;20,6;20,6;20,1;20,2;20,5;20,5;20,4;20,4;20,4;20,1;19,9;20;20,4;20,5;20,4;20,4;20,5;20,7;20,6;20,4;20,4;20,2;20,5;20,7;20,9;20,6;20,5;20,1;20,2;20,4;20,2;20,2;20,5;20,6;20,5;20,9;22,3;24,6;25,6;26;25,8;25,8;26,1;27,4;28,7;29,5;30,1;30,5;30,9;31;30,5;31,3;31,2;31,7;31,3;31,1;31,3;31,3;31;31,1;30,9;31,3;31,2;31,1;30,7;30,9;30,5;30,9;30,7;30,9;30,8;30,7;30,9;30,3;30,3;30,5;30,4;30,4;30,5;30,1;30,1;30,2;30;29,7;30,1;30,3;30;29,9;30,3;29,7;30,3;29,7;30;30;30,3;30,2;30,1;30,2;30,1;30,5;30,7;30,4;30,3;30,5;30,5;30,7;30,5;30,4;30,6;31,3;31,2;31,5;31,6;31,8;32;32,8;32,9;33;33,1;33,4;34,1;34,4;33,9;32,5;29,7;27,2;25,7;25,2;25,8;28,9;32,4;33,7;34,5;34,5;33,9;33,6;33,6;33,2;32,7;32,4;32;31,8;31,7;30,9;31,3;31,1;31,2;30,8;30,8;30,3;30,4;30,3;30,1;30,5;29,5;29,5;29,7;29,7;30,2;29,5;29,4;30,1;30,2;29,7;29,5;30;29,5;30,1;30,1;29,7;29,9;29,7;29,5;29,2;29,4;29,5;30,2;29,7;29,9;30,3;30,4;30,5;30,4;30,5;30,7;30,6;30,8;30,6;30,8;31,1;31,3;31,2;31,2;31,6;32,4;32,4;32,8;33,5;33,7;34,1;34,2;34,7;35,4;35,3;35,2;35,3;34,6;34;33,3;31,8;29,3;27,2;26,1;26,1;26,4;28,7;30,9;33,3;34;33,6;33,3;33,6;33,4;33,3;32,7;32,8;32,2;32,7;32,8;32;32;32;31,5;31,2;31,6;31,4;31,4;31,4;31,5;31,3;31,1;31,3;31,6;30,7;31,2;30,8;30,9;30,7;31,2;30,7;30,7;30,9;30,7;30,9;31,1;30,4;30,7;30,4;30,9;30,4;30,6;30,8;31,1;31;30,8;30,7;31,4;31;31,5;31,2;31;31;30,9;30,7;31;31,1;30,8;30,9;30,8;31,1;31,1;31;30,8;30,8;30,8;30,5;30,4;30,6;30,5;30,1;29,9;30,1;29,3;28,8;28,6;27,5;26,8;26,8;26,2;25,6;25,4;25;23,5;22;20,9;20,7;20,6;20;20;20,5;20,4;20;20;20;20,2;20,4;20;19,6;20;20;20,2;20,6;20,1;20,1;20,2;20,4;20,5;20,4;20,5;20,4;20,1;20,2;19,8;19,8;20;20,1;20,1;20,2;19,6;19,6;20,4;20,4;20,4;20,4;20,2;19,8;20,1;20,2;20;19,6;19,8;20,1;19,9;19,5;20,2;19,6;20,4;20;20,2;20;20,5;20,1;20,1;20,4;20,2;19,9;20,1;19,8;20,4;20,1;20,5;20,4;20,2;20,6;19,8;20,1;20,4;19,5;19,3;20,7;19,9;19,6;20;20,4;19,9;19,9;20;20;20;19,9;20,2;19,2;20,2;20,2;19,5;19,9;19,9;19,6;20;20,5;20,5;19,9;20,1;20,1;20,2;20,4;20;19,6;20;20,5;20,4;20,2;20,4;20,2;20,1;19,6;19,9;20,4;20,2;20,2;20,4;20,6;20,2;20,1;20,5;19,6;20,5;20,6;20,6;20,1;19,8;20,1;20;20;19,9;20,2;20,1;20;20,8;20,9;20,5;20,4;20,1;20,4;20,6;20,7;20,6;20,1;20;20,5;20,5;20,2;20,2;19,9;20,7;20,4;19,9;20,5;20,4;20,5;20;20,1;20,2;20,2;20,2;20;19,8;19,9;20,1;19,9;20,1;20;19,5;19,9;20,1;19,8;20,1;19,8;19,3;19,8;20,120,9;21,1;21,4;21,2;20,9;20,9;20,7;20,8;20,8;21,1;20,5;21,2;21,4;20,9;20,9;20,9;21,1;21,4;21,2;20,7;20,8;20,8;21,2;20,6;21,2;21,1;21,1;21,4;21,1;21,5;21,2;20,8;21,2;20,8;21,1;21,5;21,6;21,6;21,4;21,5;21,4;21,2;21,4;21,2;21,2;21,6;21,2;20,7;21,1;20,6;21,1;21,8;21,5;22,1;21,4;21,1;21,2;21,8;21,2;21,4;21,5;21,8;21,9;21,5;21,2;21,5;22;21,2;21,5;21,5;21,8;22;22;22,1;22,1;21,9;22,2;22,3;22;22,2;22,1;21,8;22,1;22,2;22,1;22;22,3;22,3;22,1;22,2;22;22,5;22,5;22,2;22,2;21,9;22,1;22,1;21,6;22,3;22,1;22;21,4;22,3;21,4;21,6;21,8;21,8;21,9;21,6;21,4;21,5;20,8;21,2;21,1;21,4;20,9;21,2;20,9;20,9;21,2;20,9;20,8;20,7;20,9;20,9;20,8;20,5;20,8;20,7;20,4;20,6;20,6;20,4;20,4;20,4;20,4;20,6;20,5;20,6;20,5;20,6;20,4;20,5;20,4;20,4;20,4;20,7;20,6;20,4;20,2;20;20;20,1;20,1;20,5;20,5;20,5;20,4;20,4;20,4;20,1;20,1;20,2;20,1;20,4;20,6;20,4;20,4;20,8;20,8;20,4;20,2;20,1;19,8;20,1;20,4;20,8;20,7;20,2;20,4;20,5;20,6;20,1;20;20,6;20,4;20,2;20,6;20,6;20,4;20,5;20,4;20,2;20,8;22,5;24,6;25,6;26;25,8;25,6;25,8;26,8;28,6;29,7;30,2;30,4;30,8;31,1;30,6;31,5;31,3;31,7;31,3;31,4;31,3;31,4;31,3;31,4;30,9;31;31,1;31,1;30,8;31,1;30,6;30,8;31;31;31;30,5;30,9;30,6;30,5;30,5;30,2;30,6;30,5;30,2;30;30,5;30,1;30,3;30,3;30,4;29,9;30;30,2;30,1;30,1;29,5;30,1;30;30,3;30,2;29,4;30,3;30;30,5;30,5;30,6;30,6;30,5;30,6;30,9;30,6;30,7;31;31,5;31,4;31,5;31,7;32;32,2;32,2;32,9;33,2;33,6;34,1;34,3;34,4;34,3;32,8;29,9;27,1;25,6;25,3;26,4;29,4;32,7;34,3;34,9;34,5;34,5;34,4;33,8;33;32,9;32,7;32;31,8;31,6;31,5;31,1;31,3;31,1;30,9;29,7;30,9;30,3;30,5;30,4;30,3;30,2;30,1;29,7;29,9;30,2;30,2;29,7;29,9;30,2;29,9;30;30,1;29,7;30,1;29,7;29,4;29;30,1;29,7;30;30,2;30,4;30,6;30,2;30,2;30,5;30,7;30,3;30,5;30,5;30,5;30,5;30,9;31,1;31,3;31,2;31,3;31,5;32,1;32,4;32,4;32,5;32,7;32,9;33,8;34,2;34,4;35;35,5;35,4;35,5;35,6;35;34,3;33,5;31,6;29,3;28;26,5;26,3;26,6;28,9;31,5;33,4;33,9;33,7;33,9;33,9;33;33,3;32,8;32,6;32,7;32,6;32,5;31,8;31,7;31,7;31,6;32;31,6;31,2;31,5;31,4;31,3;31,1;31,2;31,3;31,3;30,8;31;30,8;30,8;30,8;31,2;31;30,7;30,7;30,9;30,8;31;30,5;30,7;30,4;30,9;30,6;30,6;30,7;31;31,3;31;30,9;31,3;30,9;31,4;30,7;31,3;31;31,1;31;31,1;31,3;30,9;30,8;31;31,1;31,1;30,8;30,8;31;30,8;30,5;30,6;30,5;30,1;30,1;29,9;29,7;29,1;28,9;28,1;27,5;26,6;26,1;25,7;25,8;25,3;24,6;23,4;21,9;21,4;20,7;19,9;19,6;20;20,4;20,4;20,2;20,2;20,4;20,5;20,5;20,4;20,5;20,2;20,4;20,5;20,4;20,6;20,8;20,4;20,4;20;19,9;20,1;20,1;19,8;20;20,5;20,7;20,5;20,4;20,2;20,1;20;20,2;20,5;20,4;20,1;20,4;20,4;20,4;20,6;20,1;20,2;19,4;19,9;20,2;20,7;20,2;20;20,2;20,7;20,2;20,6;20,2;20,2;20,4;20,2;20,2;20,7;20,4;20,7;20,4;20,2;20,4;20,5;20,5;19,9;20,6;20,1;20,5;20,4;20,1;20,5;21,1;20,2;20;19,9;20,5;20,1;20,6;19,9;20;20,7;20,4;20,4;20,5;20,7;20,5;20,4;20,1;19,9;20;20,2;20,2;20;20,2;20,5;20,1;20,6;20,8;20,4;20,1;20,2;20,4;20,5;20,2;20,2;20,2;20,1;19,8;19,6;20,1;20;20,4;20,4;20,6;19,9;19,9;20,2;20;20,5;20;20,1;19,9;19,2;19,3;19,9;20,1;20,1;20,1;20;20,2;20,1;20,2;20,2;20,1;20;20;19,8;19,6;19,5;19;19,9;19,8;20;20,5;19,6;19,5;20,1;19,9;19,4;20;19,8;20,6;20,2;19,3;19,5;20,1;20;19,6;19,6;20;19,9;19,6;20;20,1;19,9;19,8;20,1;20,2;20,1;20,2;19,8;19,2;19,821,5;20,7;20,9;20,8;21,5;20,8;20,8;21,5;21,2;21,1;20,6;20,9;21,2;21,2;21,2;21,2;21,2;21,5;21,5;20,7;20,8;20,9;21,5;20,6;21,6;22;21,6;21,8;21,1;20,9;21,6;20,7;21,2;21,2;20,9;20,9;21,2;21,4;21,4;21,2;21,5;21,6;21,6;21,5;21,4;21,1;21,1;21,9;21,4;21,1;21,4;21,9;21,4;21,8;21,4;21,2;21,2;21,4;21,4;21,4;21,4;21,2;21,9;21,4;20,6;21,4;21,8;21,5;21,8;21,9;21,6;21,8;21,9;21,9;22,1;21,9;21,5;21,8;21,6;21,5;21,9;22,2;22,1;21,6;21,6;21,8;21,5;21,8;21,5;21,5;21,5;22;21,9;21,2;22;22;22,2;22;21,1;22,3;22;21,6;21,9;22,1;21,6;21,1;21,9;21,4;21,8;21,6;21,4;21,2;20,7;20,8;21,2;20,9;20,6;21,2;20,8;20,9;21,4;20,7;20,6;21,1;21,4;20,9;20,7;20,4;20,7;20,6;20,7;20,7;20,8;20,7;20,4;20,4;20,1;20,5;20,5;20,6;20,6;20,7;20,9;20,8;20,7;20,9;21,1;20,9;20,9;20,9;20,8;20,7;20,6;20,5;20,6;20,6;20,4;20,4;20,6;20,8;20,8;20,5;20,5;20,7;20,5;20,1;20,2;20,7;20,7;20,8;20,7;20,6;20,8;20,7;20,6;20,8;20,6;20,8;21,5;21,2;20,6;20,5;20,6;20,7;21,1;20,9;20,6;20,7;20,6;20,4;20,2;20,6;20,7;20,6;20,7;22,6;24,7;26;26,1;26,1;26,2;26,3;27,3;28,9;29,9;30,3;30,5;31;31,2;31,2;31,6;31,4;32,2;31,5;31,4;31,5;32;31,7;31,8;31,3;30,7;31,1;31;31;31,4;30,8;31;30,9;30,6;30,7;30,5;30,9;30,8;30,7;30,6;30,5;30,7;30,5;30,6;30,2;30,6;30,1;30,2;30,2;30,5;29,7;30,2;30,1;30,5;30,1;30,3;30,2;29,7;30,2;30,3;29,9;30,2;30,4;30,5;30,1;30,3;30,6;30,6;30,7;31;30,8;30,5;30,5;30,9;31,3;31,4;31,3;32;32,2;32,2;32,8;33,3;33,7;34;34,4;34,6;34,5;32,9;30;27,4;25,7;25,6;26,5;28,9;32;34,1;35,1;35,2;34,9;34,5;33,6;33,1;32,8;32,5;32,1;31,6;31,8;31,3;31,3;31,2;30,9;30,6;30,8;30,8;30,1;30,6;30,5;30,6;30,4;29,5;30,2;30,3;30,4;29,5;29,4;29,9;29,7;29,7;30,4;29,2;30,2;29,9;30;29,5;29,7;30,3;29,9;30;30,4;30;30;30;30;30,3;30,7;30,6;30,4;30,4;30,6;30,7;30,9;31,2;31,3;31,1;31,3;31,7;32,1;32,1;32,5;32,7;33;33,6;33,8;34,1;34,4;35;35,7;35,8;35,9;35,7;34,9;33,8;32,9;31,7;29,9;27,8;26,5;26,1;26,6;28,8;31,5;33,5;33,8;34;33,7;33,8;33,6;33,4;32,8;32,8;32,6;32,4;32,2;32,5;32,2;31,8;32;32;31,6;31,2;31,8;31,3;31;31,2;31,3;31,5;31,1;30,8;31,1;31,2;31;31,3;31,1;30,8;30,8;30,8;30,8;31;30,7;30,9;30,9;30,6;31;30,7;31,1;30,7;31,1;31,4;31,1;31,1;31,1;31,6;31,4;31,1;31,5;31,5;31,3;31,3;31,4;31,5;31,4;31;31;31,2;31,3;31,2;31,1;31,2;31,1;31;30,9;30,9;30,6;30,2;29,9;30,1;29,9;29,2;29;28,2;27,1;26,7;26,5;26,2;25,7;25,1;23,3;22,1;21,6;20,8;20,6;20,6;20,5;20,6;20,4;20,5;20,6;20,7;20,8;20,6;20,5;20,5;20,6;20,6;20,5;20,4;20,7;20,8;21,1;21,2;20,7;20,4;20,6;20,8;20,5;20,1;20,2;20,7;20,6;20,7;20,6;20,5;20,1;20,4;20,7;20,8;20,1;20,4;20,4;20,6;20,7;20,4;20,5;19,6;20,4;20,6;20,9;20,6;19,8;20,5;20,6;20,5;20,4;20,2;20,1;20,1;20,1;19,5;20,5;20,8;20,7;20,5;20;19,8;20,4;20,1;19,5;20,9;19,9;20,2;20,2;19,6;20;20,1;20,5;19,9;20,4;19,9;19,4;20,7;19,5;20,1;20,6;20,1;19,5;20,2;20,2;19,9;19,8;19,4;20;20,6;20;20,2;20,5;19,9;19,6;19,9;20;20,2;20,1;19,8;20;20;20,2;20,2;20;20;20;20,1;19,6;19,9;19,6;19,9;20,2;20;19,8;20,2;20,1;20,4;20,7;20,1;19,6;19,8;19,4;19,5;19,5;19,6;19,5;19,9;20;19,9;19,6;19,6;19,4;19,2;19,8;20,2;19,8;19,8;19,9;20,1;20,1;20,2;20,2;20,2;19,8;19,3;20,4;20,2;19,8;19,8;20,1;20,5;20,1;19,6;19,6;20,2;20,1;20;20,1;20,1;19,8;19,9;20,2;20,5;20,4;20;20,1;20,4;20,5;19,8;20,2;19,4;20,220,5;20,9;21,2;20,7;21,4;21,4;21,2;21,6;21,2;21,1;20,8;20,8;21,2;21,4;21,1;21,1;21,2;21,6;21,5;20,9;20,9;20,9;21,1;20,9;21,6;21,6;21,6;21,4;20,9;20,8;21,2;21,4;21,6;21,5;20,8;20,8;21,2;21,8;21,8;21,1;21,2;21,2;20,8;21,4;21,4;21,2;20,9;21,2;21,5;21,5;21,1;21,6;20,7;21,5;21,8;21,5;21,2;21,2;21,2;21,5;21,5;21,1;21,8;21,6;20,9;21,6;21,4;21,1;21,5;21,8;21,8;21,6;21,8;22;22,2;21,6;21,2;21,4;21,4;21,6;22;22,3;22,3;21,9;21,6;22;22;21,8;21,9;21,8;22,6;21,8;21,9;21,8;21,8;21,9;21,8;22,1;22;21,6;22,1;22,1;21,9;21,9;21,9;21,8;21,9;21,4;21,5;20,8;20,8;21,2;20,9;20,6;21,5;20,9;20,5;21,2;20,8;20,9;21,1;20,6;20,6;20,8;20,7;20,8;20,4;20,4;20,4;20;20,4;20,5;20,7;20,7;20,5;20,4;20,2;20,2;20,4;20,2;20;20,1;20,1;20,4;20,2;20,4;20,5;20,5;20,4;20,5;20,4;20;20,1;20,4;20,2;20,5;20,5;20,6;20,5;20,5;20,5;20,5;20,4;20,5;20,5;20,5;20,4;20,4;20,4;20,4;20,4;20,4;20,1;20;20,2;20,5;20,5;20,5;20,4;20,2;20;20,2;20,4;20,5;20,6;20,4;20,2;20,1;19,8;19,9;20,2;20,4;20,2;20,2;20,6;22,2;24,5;25,6;25,7;26;26;26,1;27,4;28,9;29,9;30,3;30,2;30,7;31,1;31,1;31,6;31,2;32,1;31,6;31,5;31,6;32;31,8;31,8;31,3;31;31,4;31,2;31;31,1;30,8;31;30,6;30,7;30,8;30,7;30,7;30,8;30,6;30,8;30,5;30,5;30,7;30,6;30,3;30,6;30;30,2;29,9;30,5;30,1;30,6;30,5;30,2;30,1;29,9;30,2;29,9;29,7;30,6;29,7;30,4;30,4;30,3;31;30,3;30,6;30,9;30,8;30,8;30,9;31,2;31,1;31,1;31,8;31,8;32,1;32,6;32,4;32,5;33,1;33,8;34,3;34,2;34,3;34,6;34,7;33,1;30,1;27,9;26,1;25,7;26,7;29,5;32,8;34,6;35,9;35,7;35,2;35;34,5;33,9;33,5;32,9;32,7;32,5;32,1;31,7;31,8;31,2;31,3;31,4;31;31,2;30,8;30,8;30,9;30,5;30,5;30,5;30,4;30,4;30,6;30,2;30,3;30,1;30,4;30,2;29,9;29,5;29,9;29,5;30,1;30,2;30,5;30,9;30,1;30,1;30,3;30,4;30,8;30,7;30,9;30,4;31;31;30,7;30,8;31;31;31,4;31,4;31,5;31,6;31,8;31,7;32,4;32,5;32,7;32,7;32,8;33,5;33,9;34,6;35,1;35,5;36,1;36;36,2;36,1;35,4;34,7;33,8;32,2;30,3;28,4;27,5;26,7;27,3;29,1;32,1;33,9;34,2;34,1;34,3;34,3;33,9;33,5;33,6;33,3;32,7;32,4;32,2;32,6;32,6;32;32,2;32,4;31,6;31,7;31,7;31,7;31,4;31,8;31,6;31,7;31,5;30,8;31,2;31,5;31,3;31,3;31,1;30,6;30,7;31,1;31;31,2;30,7;31,1;30,6;31;30,9;30,7;31,1;31,2;31,1;31,5;31,1;31;31,3;31,8;31,3;31,4;31,2;31,6;31,2;31,2;31,6;31,6;31,4;31,2;31,1;31;31,2;31,1;31,1;31;31;30,7;30,4;30,5;30,4;30,3;30,3;30,1;29,4;28,6;28,2;27,6;27,1;26,6;25,4;24,8;25,1;24,6;23,4;22,3;21,5;20,8;20,4;20,4;20,4;20,1;20,4;20,2;19,9;19,8;20;20,2;20;20;20,4;20,8;20,4;20;19,9;20,1;19,9;19,9;20,2;20,1;20,1;20,4;20;19,9;20,4;20,7;20,5;20,2;20,1;20,1;19,8;20,1;20,8;20,6;19,8;20;19,9;20;20,4;20;20,1;19,8;20;20,2;20,4;20,1;19,8;20,4;20,2;20,1;20,2;20,1;19,9;20;20,5;20,1;20;20,6;20,4;20,2;19,9;19,6;20,6;20,2;19,6;20,1;19,4;20;20,7;20,1;20,1;20,2;20,2;19,3;20,1;20,1;19,8;20;20,1;20,5;20,1;19,5;20,1;20,1;20,1;19,9;19,9;20;20,1;20,1;19,9;20,1;20,2;20;20,2;20,1;20;20,1;20,1;20,1;19,8;19,6;20,1;20,4;20;20,2;20,5;20,7;19,8;20;19,5;19,6;19,9;20,2;20,1;20;20;20;20,1;19,9;19,5;19,9;20,5;19,8;19,3;19,8;19,9;19,3;20;20,6;20,1;20,2;20,4;20;19,8;19,8;20,1;20,5;20,6;20,2;20,2;20,2;20,1;19,9;19,9;20;20,2;20,4;19,8;19,9;20,4;20,1;19,8;20,5;19,5;20;20,1;20,1;20;20,1;20;20;20,1;19,6;19,6;19,8;20;20,4;20,6;19,8;19,8;19,8;19,621,8;20,7;21,6;21,4;21,4;21,4;21,1;21,4;21,2;21,4;21,1;20,9;21,2;21,1;20,9;21,1;21,2;21,4;21,1;20,8;21,1;21,1;21,1;20,7;21,4;21,1;21,2;21,5;21,5;20,6;20,7;20,7;21,2;20,9;20,9;21,5;21,2;21,2;21,1;20,9;21,2;21,4;20,9;21,1;21,2;21,5;21,4;21,2;21,6;21,4;20,6;21,5;20,8;21,8;21,8;21,2;21,4;21,2;21,4;21,2;21,4;21,5;21,6;21,4;21,1;21,6;21,4;20,7;21,2;21,5;21,6;21,4;21,5;21,8;21,8;21,5;21,5;22;22,2;22;22,1;22,2;22;21,8;21,8;21,6;21,8;22,1;22;21,6;21,8;21,8;22;21,5;21,8;21,9;22,2;22;21,9;21,5;22;21,9;21,2;22,1;22;21,2;21,5;21,1;21,4;21,2;21,4;21,5;21,1;21,1;21,4;20,9;20,6;21,5;20,8;20,7;20,7;20,4;20,6;20,6;20,5;20,7;20,7;20,7;20,5;20,5;20,5;20,5;20,7;20,7;20,4;20,1;20,2;20,4;20,4;20,2;20,1;20,2;20,4;20,4;20,2;20,1;20,4;20,4;20;19,9;20,6;20,7;20,2;20,2;20,6;20,6;20,2;20,2;20,5;20,4;20,6;20,5;19,9;20,2;20,4;20,5;20,5;20,5;20,2;20,2;20,5;20,6;20,4;20,4;20,4;20,1;20,4;20,6;20,4;20;19,9;19,8;20,1;20,4;20,4;20,1;20,5;20,6;20,1;20,1;20,6;20,5;20,4;20,2;20,7;22,6;24,6;25,4;25,6;25,7;25,5;26;27,3;28,6;29,5;30,1;30,1;30,8;31;30,7;31,3;31,3;32,1;31,8;31,5;31,4;31,5;31,6;32;31,3;31,3;31,2;31;31;30,8;30,8;31;30,7;30,7;30,8;30,8;30,5;30,4;30,6;30,3;30,2;30,3;30,1;30,2;30,3;30,3;29,7;30,3;30,3;29,9;30;30;30;29,9;30,1;29,2;30;29,9;29,9;30,3;29,5;30,1;30,4;30,3;30,6;30,8;30,5;30,6;30,5;30,9;30,6;30,9;31;31,4;31,2;31,3;31,3;31,7;32,7;32,7;32,8;33;33,3;33,9;34,1;34,6;34,6;33,1;29,9;27,4;25,8;25,4;26,2;29;32,2;34,5;35,5;35,5;35,2;34,5;33,9;33,6;33,1;33,1;32,7;32,1;31,8;31,5;31,7;31,4;31,5;31,2;30,7;31;30,5;31;30,4;29,9;30;30,2;30,6;30;29,9;30,2;30,1;30,5;30,6;29,3;29,7;29,5;30;29,9;29,9;29,7;30,2;29,7;29,7;30,1;29,7;30;30,7;30,3;30,2;30,4;30,4;30,7;30,7;30,9;31,1;31,4;31,2;31,3;31,2;31,4;31,6;32,1;32,1;32,4;32,7;32,9;33,3;33,8;34,4;34,6;35;35,5;36,2;36,2;35,9;36,1;35,7;34,5;33,5;31,7;29,4;27,7;27,2;26,4;26,6;28,9;31,1;33,1;33,9;34,3;34,4;33,6;33,8;33,6;33,1;33;32,9;32,6;32,4;32,1;32,2;31,6;32;32,5;31,6;31,7;31,6;32,1;31,2;31,5;31,2;31,7;31,3;30,8;31;31,2;31;31,3;31,1;30,7;30,7;31,4;31,1;31,3;30,9;31;30,3;30,8;30,5;31,1;31,1;31,1;31,2;31,2;31,2;31,1;31,3;31,2;31,2;31,2;31,3;31,1;31,5;31,4;31,5;31,5;31,4;31,3;31,4;31,3;31,2;31;30,9;30,9;31,1;30,6;30,4;30,4;30,2;30,1;30;29,9;29,3;29,2;28,7;27,7;27,2;26,4;26;26;25,3;24,3;23,5;22,5;21,2;20,8;20,7;20,4;20,1;20,4;20,1;20;20;19,9;20,4;20,4;20,4;20,6;20,4;20,7;20,7;20,2;20,2;20,6;20,7;20,7;20,7;20,1;20;20,2;20,4;20,5;20,4;20,1;20,4;20,5;20,1;20,1;20,2;20,1;20,7;21,2;20,2;19,8;20;20,1;20,2;20,1;20,1;20;20,1;20,4;20,2;20;20;20;20,2;19,8;20,2;20;20;20,2;20,6;20,4;19,8;20,1;19,9;20,6;19,9;20,2;20,2;20;20,1;19,9;20;20,2;20,6;20;19,8;20;20;20,7;20,1;20;19,8;19,8;20;19,9;20;20,1;20,5;20;19,4;19,8;19,9;19,8;20;20,4;20;20,2;20,2;20,1;20,4;20,1;20,1;20,1;20,4;20,5;20,4;19,9;20;20;20,4;20,6;20,2;20,2;19,9;19,9;19,5;19,5;19,6;20,2;20,1;19,5;19,8;19,8;19,9;19,9;19,4;19,8;19,6;19,5;19,6;19,8;20;19,8;19,2;19,6;19,8;19,9;20,1;19,6;19,5;19,9;19,8;19,9;19,8;19,5;19,6;19,4;19,6;20,1;20,7;20;20;19,8;19,8;19,9;19,8;19,8;20,1;20,6;19,2;19,5;19,9;19,9;19,9;20,2;20,2;20,1;20;20;19,6;19,9;20,6;20;20,6;19,8;19,3;19,2;19,821,5;21,1;21,1;21,6;20,9;20,7;20,8;20,9;21,1;21,4;20,9;21,1;21,4;21,1;21,2;21,4;21,1;21,2;21,2;20,9;21,5;21,4;21,4;21,1;21,5;21,5;21,8;21,2;21,1;21,4;21,4;21,6;21,6;21,6;21,2;21,5;21,6;21,6;21,5;21,4;21,8;22;21,6;21,8;22;22,1;21,6;21,5;21,9;21,6;21,5;22;21,2;21,5;21,5;21,2;21,8;21,5;21,2;21,5;21,4;21,5;21,8;21,4;21,1;21,2;21,5;21,2;21,4;21,4;21,8;21,6;21,6;21,9;21,9;21,8;21,5;21,2;21,5;21,8;21,9;21,8;21,8;21,5;21,4;21,1;21,2;21,5;21,6;21,8;21,8;22,1;21,9;21,4;21,4;21,4;21,1;21,5;21,2;21,8;21,4;22;21,1;21,5;21,5;21,5;20,7;21,4;21,8;21,2;20,7;21,5;20,6;20,9;21,1;20,9;20,9;20,9;20,4;20,6;20,4;20,2;20,4;20,7;20,8;20,6;20,6;20,7;20,4;20,5;20,5;20,7;20,6;20,6;20,5;20,2;20,2;20,2;20,5;20,4;20,5;20,4;20,4;20,2;20,1;20,4;20,7;20,5;20,4;20,2;20,5;20,5;20,5;20,2;20,2;20,7;20,8;20,7;20,2;19,9;19,6;20,1;20,4;20,5;20,6;20,4;20,2;20,1;20;20,5;20,6;20,1;20;20,1;20,5;20,1;20;20,6;20,6;20,5;20,5;20,4;20,5;20,6;20,6;20,7;20,9;20,6;20;20,2;20,7;20,5;20,1;20;20,8;22,7;24,7;25,7;25,6;25,6;25,5;26;27,4;28,7;29,4;30;30,4;31,1;31,3;31,1;31,4;31,6;32,2;31,8;31,4;31,7;31,7;31,8;31,8;31,5;31,3;31,1;30,9;31,2;31;31;31,1;31;31;31;30,7;30,8;30,5;30,6;30,5;30,5;30,6;30,3;30,5;30,2;30,5;30;30,3;30,4;29,9;29,5;30;30,1;30,1;30,5;30,2;30,1;29,5;30;30,1;29,5;30,3;30,4;30,2;30,1;30,5;30,6;30,7;30,9;31,2;31,1;30,9;31;30,9;31,4;31,5;32,1;32,2;32,4;32,7;33,3;33,8;34,2;34,3;34,6;35,3;35,1;33,6;30,3;27,1;25,5;25,4;26,4;29,2;32,5;34,7;35,6;35,6;35,3;35;34,4;33,9;33,7;33,3;32,6;32,4;32,7;32,1;31,5;31,2;31,1;31,1;31;31,2;30,6;30,7;30,5;29,7;30,8;30,1;30,2;30,7;29,9;30,3;29,7;29,9;30,4;29,3;30,1;30;30,1;30,2;29,9;29,9;29,7;30,3;30,2;30,6;30,4;30,4;30,4;30;30,2;30,7;30,5;30,7;30,9;30,9;30,7;30,8;31,3;31,6;31,3;31,4;31,7;32;32,2;32,7;32,8;33;33,2;33,7;34,2;34,7;35,4;35,9;36,7;36,8;36,7;36,4;35,4;34,6;33,6;32,1;29,5;27,4;26,6;26,2;26,6;28,6;32;33,5;34,3;34,6;34,2;34;33,5;33,6;33,5;33,4;33,2;33,1;32,6;32,2;32,6;31,7;32,1;32,4;31,8;31,3;31,8;31,7;31,1;31,4;31,5;31,5;31,5;31;31;30,7;31;31,5;31,2;31;31;31,3;31,4;31;31;31,2;30,9;30,8;30,8;31,2;31,3;31,1;31,2;31,3;31,4;31,4;31,1;31,3;31,3;31,3;31,6;31,2;31,7;31,4;31,2;31,3;31,8;31,8;32;31,6;31,2;31,2;31,2;31,1;31,2;30,9;30,9;30,8;30,2;30,1;30;29,9;29,4;29,1;28,5;27,7;26,8;26,3;25,8;25,4;25,3;24,6;23,3;22,5;21,8;20,8;20,5;20,6;20,6;20,2;20;20,2;20;20;20,5;20,7;20,1;20,1;20,2;19,9;20,4;20,6;20,5;20,5;20,5;20,4;20,4;20;19,9;20;20,1;20,4;20,5;20,5;20,2;20,2;19,9;20,1;20,2;20;20,2;20,6;20;19,9;20,2;20,4;20,5;20,4;20,2;19,9;20;20,5;20,6;20;19,8;19,8;20;19,8;20,1;19,8;20;19,9;20,1;20,1;20;20,4;19,9;20,6;19,9;20,2;20;20;20,2;20,1;19,8;20,1;20,4;19,6;19,5;19,6;19,6;20;20;20,4;19;19,3;19,5;19,8;20;19,6;19,6;20,5;20,1;19,2;20;19,9;19,8;20,2;19,4;19,9;19,9;19,8;19,8;20;19,6;19,8;19,9;20,2;19,9;19,5;20;19,8;20,1;20,2;19,8;19,8;20;20;19,9;19,6;20;20,1;20,2;19,8;19,5;20,1;20,6;20;20;20,1;19,5;20;20,6;19,8;20,4;19,8;20,5;20,4;20,7;20,6;20,7;20,1;19,6;19,9;20,2;20,5;20,6;20,2;20,2;20,4;20,6;20,4;19,6;19,5;20,5;19,6;20,4;19,9;20,2;20,5;20,5;20,2;19,5;19,6;19,8;20;19,9;20,1;20,1;20;20,1;20,1;19,8;19,6;20,1;19,9;19,8;19,9;20;20,1;19,821,4;21,1;20,8;21,2;20,9;21,2;20,7;20,8;21,1;21,4;20,9;20,9;21,2;21,1;21,2;21,5;21,2;21,2;20,8;21,1;20,9;21,8;20,9;21,4;21,5;21,6;21,9;21,1;21,1;21,1;21,9;21,2;21,2;21,1;21,1;20,8;20,8;21,4;21,5;20,9;20,9;21,4;21,4;20,7;20,8;21,9;21,2;21,2;21,6;21,4;21,4;22;21,1;21,5;21,8;21,4;21,8;21,4;21,4;21,6;21,4;21,2;22,1;22;21,8;21,5;21,8;21,8;21,9;21,8;21,8;21,8;22;22,1;22;22,1;21,8;21,8;22;21,8;21,9;22,3;21,9;22;21,9;21,6;21,8;21,5;22;22,5;21,9;22,1;22,1;21,6;21,5;21,9;21,9;22,1;21,9;21,8;21,5;21,9;21,6;22,1;22;22;21,2;21,8;21,9;21,4;20,8;21,4;20,8;21,1;21,2;21,1;20,7;20,9;20,4;20,7;20,7;20,5;20,4;20,4;20,8;20,8;20,6;20,6;20,2;20,2;20,4;20,2;20,1;20,2;19,9;20;20,4;20,2;20,2;20,1;19,6;19,8;20,2;20,4;20,5;20,5;20,5;20,1;20;20,4;20,5;20,4;20,2;20,4;20;19,9;20,4;20;20;20,2;20;20,2;20,4;20,6;20,7;20;19,5;20;20,1;20,4;20,2;19,8;20,1;20,2;20,6;20,7;20,6;20,2;20;19,9;19,9;19,8;20;20,5;20,4;20,1;20,1;20;19,8;19,9;20;20,2;20,2;20,1;20,7;22,3;24,4;25,2;25,3;25,6;25,4;25,5;27,1;28,6;29,4;29,9;30,2;31;31,2;31,1;31,5;31,5;32;31,6;31,7;32,1;31,7;31,8;31,5;31,1;31,2;31,1;30,9;31,1;31,3;30,7;31,1;31,1;31;30,8;30,9;30,6;30,5;30,2;30,8;30,5;30,7;30,3;30,9;30,4;30,2;30;30;30,3;30,1;30,1;30,2;30,1;30;30,7;30,1;29,5;30;30,2;30,3;30,3;30,4;30,4;30,4;30,4;30,2;30,4;30,9;30,8;30,8;30,7;30,8;31,2;31,4;31,2;31,7;32,2;32;32,5;33,1;33,5;33,7;34,1;34,6;35,1;35,6;35,7;33,9;30,5;27,3;25,6;25,4;26,3;29,5;32,9;35,1;36,3;36,1;35,6;35,1;34,3;33,9;34,1;33,4;32,8;32,8;32,5;32,1;32;31,3;31,4;31,3;31;31,5;30,8;30,7;30,7;30,6;30,4;30,2;30,7;30,3;30,4;29,7;30,4;30;30,4;29,9;30,2;30,2;29,5;30,1;30;30;29,4;30,6;30,8;30;29,9;30,2;30,3;30,6;30,5;30,7;30,8;30,9;30,8;30,7;31,1;30,9;31,2;31,7;31,7;32;32,1;32;32,5;33,2;33,1;33,1;33,7;34,4;34,6;35,1;35,7;36,1;36,5;36,7;36,7;36,4;35,6;34,7;34,1;32,2;29,7;27,4;26,5;25,8;26,5;29,2;32,6;34;34,4;34,2;34,3;33,9;33,8;33,6;33,6;33,5;33,3;32,8;33,1;32,6;32,5;32,1;32,5;32,6;32;31,3;31,6;31,6;31,2;31,7;31,8;31,3;31,3;31;31,3;31;31;31,2;31,2;31,2;31;31;31;30,7;30,9;31,1;31,1;30,9;31,1;30,8;31,3;31,4;31,1;31,6;31,1;31,3;31;31,6;31,2;31,4;31,5;31,2;31,2;31,3;31,1;31,6;31,8;31,8;31,6;31,5;31,3;31,2;30,9;31,2;31,1;30,8;30,7;30,6;30,1;30,1;30,1;29,5;29,3;28,9;28,4;27,3;26,5;26,1;25,3;24,8;25,1;24,5;23,1;22,2;21,4;20,7;20,6;20,2;19,8;20;19,9;20,1;20,4;20,2;20,2;20,2;20,1;20,4;20,4;20;20;19,9;20;20;19,9;20,2;20,1;19,8;20,2;20,2;19,9;20;19,9;20,1;20,2;20,1;20;20,1;20;19,6;19,5;20,1;20;20,2;20,2;20,2;20,1;20;19,9;19,9;20,4;20,8;20,7;20;20,1;20,1;20;20,4;20,6;19,6;20,1;19,5;19,8;20,1;20,5;20,5;20,6;20;20;20,1;20,4;20;20,7;20,5;20,1;20,4;20,5;19,6;20,2;20;20,2;20;20,1;20,9;20,2;20,4;20,7;20,2;20;20;20,2;19,5;20,7;19,9;19,9;20,2;20;19,6;19,5;19,8;20,4;20,6;20,5;20,5;20,2;20,5;20,4;20,4;20,5;20,5;20,5;20,2;20,4;20,2;19,8;19,9;20,2;20;20,4;19,5;19,9;20;20,1;20,1;19,9;20,2;20,4;19,8;20,1;19,9;19,9;20,2;20,6;19,8;20,7;20,2;20;19,8;20,4;20,7;20,6;20,2;20,1;19,9;20,2;20,6;20,4;20,4;20,1;20,1;20,4;20,1;20,2;19,8;19,8;19,5;19,9;20,4;20;20;20,2;19,6;19,5;19,8;19,5;19,8;20;20,1;20,1;20,1;20;19,8;19,8;19,6;19,5;20;19,9;19,9;20;20,6;19,820,9;20,6;20,8;21,2;20,8;21,1;20,5;20,7;21,1;21,5;21,4;21,2;21,2;21,1;21,1;21,1;21,4;21,5;20,6;21,4;20,9;21,8;21,1;21,1;21,1;22;21,2;20,6;21,5;21,5;21,2;21,5;21,5;21,5;20,9;21,1;21,1;21,2;21,4;21,5;21,5;21,5;21,8;21,2;20,7;21,4;21,1;21,1;20,8;21,1;21,4;21,5;20,9;21,6;21,6;21,5;21,4;21,4;21,5;21,5;21,4;21,1;22,1;21,8;21,6;21,5;21,6;21,6;21,5;21,8;21,6;21,8;21,9;22,1;22,3;22;21,5;21,2;21,5;21,6;21,4;21,6;21,8;22,1;21,5;21,9;21,8;21,6;21,6;21,9;22,3;21,9;21,5;21,6;21,5;21,9;22;21,6;21,5;21,9;21,6;21,6;21,5;21,9;21,6;21,2;21,9;21,5;21,8;21,1;21,5;21,1;21,2;21,1;21,1;20,8;20,7;20,8;20,9;20,7;21,2;20,5;20,8;20,2;20,7;20,9;20,8;20,9;20,7;20,7;20,9;20,6;19,9;20,1;20,4;20,4;20,7;20,8;20,6;20,5;20,5;20,2;20,4;20,6;20,4;20,6;20,6;20,6;20,7;20,6;20,5;20,4;20,5;20,5;20,4;20,4;20,4;20,4;20,6;20,9;20,8;20,5;20,6;20,8;20,5;20,2;20,8;20,9;20,5;20,2;20,2;20;20,4;20,6;20,4;20,6;20,7;20,4;19,8;20,2;20,8;20,7;20,7;21,1;20,8;20,4;20,2;20,4;20,2;20,2;20,5;20,7;20,6;20,5;20,9;22,5;24;25,4;25,8;25,7;25,6;25,7;27,1;28,6;29,7;30,1;30,4;30,9;31,1;31,1;31,4;31,4;31,8;31,5;31,6;32;31,8;32;31,6;31,3;31,6;31,2;31,3;31,2;31,2;30,9;31,3;31,3;30,9;31,2;31,1;30,6;30,6;30,5;30,8;30,3;30,4;30,7;31;30,4;30;29,9;30,3;30,1;30;29,4;30,2;30,2;30,3;30,5;30;29,7;30,2;30,2;30,1;29,7;30,3;30,6;29,9;30,1;30,4;30,8;30,3;30,4;30,6;31,1;30,8;30,7;31,7;31,2;31,5;32,1;32,1;32,5;32,9;33,3;33,4;34;35;35,2;35,5;35,7;34,2;30,6;26,8;25,3;25;26,1;29,3;32,9;35;36,2;36,1;35,7;35,6;35,3;34,3;33,9;33,3;32,7;32,6;31,7;31,6;31,8;32;31,5;31,3;31,1;31,2;30,8;30,3;30,6;30,7;30,6;30,1;30,5;30,2;30,5;30,2;29,7;30,2;30,5;30,1;30;29,7;29,7;30,2;30,3;29,5;30;30;30,1;29,7;30,4;30,5;30,5;30,6;30,9;31;30,5;30,9;30,6;30,7;31;31,1;30,9;31,3;31,6;31,6;32;32,2;32,7;32,8;32,9;33,3;33,7;34,5;34,9;35,1;35,5;36,3;37;37;36,7;36,5;35,6;34,7;33,7;32,1;29,9;27,9;26,5;26,3;26,3;28,9;32,2;33,8;34,6;34,6;34,2;34,5;33,6;33,6;33,5;33,5;32,9;33;32,6;32,8;32,4;32,5;32,1;32,5;32;31,5;31,8;31,7;31,1;31,5;31,3;31,7;31;30,9;31,4;31,3;31,2;31;31,5;31;31,1;31,4;30,6;31,1;31;31;31,3;31;31,6;31;31,4;31,3;31,2;32;31,3;31,5;31,6;31,4;31,3;31,5;31,6;31,3;31,4;31,6;31,5;31,8;31,7;31,7;31,5;31,4;31,4;31,3;31,2;31,3;31,2;30,8;30,8;30,9;30,4;30,1;30,3;30;29,5;29,2;28,5;27,8;27,2;26,3;25,5;25,3;25,4;25;23,8;22,7;21,5;20,8;20,5;20,5;20,7;20,9;21,1;20,8;20,2;20,1;20,4;20,5;20,5;20,5;20,4;20,2;19,9;19,8;20,2;20,5;20,5;20,5;20,5;20,4;20,4;20,1;20,2;20,4;20,7;20,7;20,6;20,8;20,5;20,2;20,4;20,4;20,7;20,4;20;20,1;20,1;20,2;20,2;20,4;20,4;20,4;20,5;20,7;20,7;20,4;20,5;20,5;20,4;20,4;20,2;20;20,4;19,9;19,6;20,2;20,1;20;20,5;20,2;20,5;20;20,1;20;20,6;20,5;20;20,2;20,2;20;20,1;20,4;20;20,1;20,5;20,8;20,2;20,5;20,4;20,4;20,6;19,6;20;19,5;19,6;20,1;19,9;20,2;20,4;20,4;19,8;19,8;20,1;20,5;20,6;20;19,8;19,6;19,8;20,5;20,6;20,1;20;20,1;20;19,9;19,8;20,1;20;20,1;20,5;19,8;19,8;19,9;19,8;20;20;20;20,1;20;19,9;19,9;19,5;19,8;19,6;19,5;20,4;20,5;19,9;20,1;20,2;20,4;19,8;19,4;19,9;20;20,1;20,4;20,2;19,8;19,4;19,9;20,4;20,1;20;20,6;20,1;20;19,9;20,7;20;20,1;20,4;19,9;19,6;20;19,8;19,5;20,1;20,2;20,1;20,2;19,8;19,4;19,8;19,9;19,6;19,6;20;19,4;19,8;19,8;19,521,4;21,1;21,1;21,2;21,2;20,7;20,8;21,2;21,4;21,5;21,4;21,5;21,5;21,1;20,8;20,8;21,6;21,6;20,9;21,1;20,9;21,2;21,1;21,2;20,6;20,5;20,9;21,8;20,7;20,6;20,6;21,2;21,2;21,1;20,8;21,1;21,4;21,5;21,6;21,2;20,9;21,2;21,6;21,5;21,2;21,5;20,8;21,1;20,4;21,4;21,2;21,1;21,2;21,8;21,1;21,1;20,9;21,4;21,2;21,5;21,1;20,8;21,6;21,4;21,4;21,5;21,6;21,4;21,1;21,5;22;21,8;21,4;21,8;22;21,8;21,4;21,5;21,8;21,8;21,5;21,4;21,4;21,6;21,8;21,8;21,5;21,8;21,4;22;21,1;21,6;21,9;22;22;22,1;21,5;21,8;21,4;22,1;21,9;21,5;21,1;21,6;21,4;21,1;22,1;21,8;21,4;21,1;21,2;20,8;21,1;20,9;21,2;20,7;20,7;21,1;20,8;20,5;20,9;20,7;20,7;20,5;20,6;20,7;20,6;20,8;20,6;20,6;20,7;20,7;20,5;20,6;20,9;20,7;20,7;20,7;20,5;20,5;20,4;20,4;20,5;20,7;20,5;20,4;20,1;20,1;20,7;20,4;20;20;20,1;19,9;20;20,5;20,6;20,4;20,1;20,2;20,4;20,2;20,2;20,5;20,5;20,1;20,2;20,2;20,2;20,4;20,6;20,8;20,2;20,2;20,5;20,4;20;20,4;20,2;20,4;20,4;20,1;20,5;20,5;20,4;20,4;20,2;20,4;20,5;20,6;20,1;20,2;20,6;20,5;20,7;22,3;24,4;25,5;25,7;25,7;25,6;26;27,4;28,8;29,9;30,1;30,6;30,8;31,1;31,1;31,5;31,8;32,1;31,7;31,4;32;32,1;32,5;31,6;31,7;31,7;32;31,5;31,8;31,5;31,2;31,4;31,4;31,1;31,3;31,1;31;30,9;30,5;30,8;30,5;30,7;30,5;31;30,4;30,3;30,3;30,5;30,3;30,3;30,3;30,1;30,6;30,6;30,5;30,8;30,3;30,2;30,4;30,4;30,2;31;30,5;31,1;30,6;31,3;30,9;31;31,1;31,6;31,7;32,1;32;32;31,6;31,8;32,1;32,8;33;33,4;33,7;34,1;34,5;35,1;35,3;35,9;36,2;34,2;30,6;27,3;25,7;25,3;26,6;30,1;33,7;35,9;36,5;36,2;36,1;35,5;35,3;34,4;34;34;33,6;33,3;32,9;32,5;32,6;31,8;31,6;31,4;31,4;31,3;31,5;30,9;31,4;31,2;30,2;30,6;30,5;30,7;30,9;30,2;30,3;30,7;30,6;30,4;30,6;30,2;30,3;30,3;30,3;30,5;30,3;30,1;30,8;30,6;30,9;30,7;30,7;30,6;30,9;30,9;30,9;31,4;31,3;31;31,2;31,4;31,8;31,8;32,2;32,6;32,9;32,9;33;33,2;33,3;33,6;34,2;34,6;35,2;36;36,3;36,9;37,8;37,9;37,8;36,8;35,7;35;33,8;32,4;30,2;28,1;26,8;26,4;26,6;29,3;32,1;34,4;34,6;35;34,9;34,2;34,2;34,2;33,9;33,7;33,6;33,3;33,1;33,1;32,8;32,6;33;32,1;32;32,1;32,4;31,8;31,7;31,8;31,4;31,6;31,7;31,2;31,7;31,6;31,2;31,7;31,7;31,5;31,3;31,4;31,1;31,6;31,3;31,5;31,4;31,5;32,1;31,4;31,6;31,3;31,7;32,1;31,7;31,6;31,8;31,4;31,8;32,1;32,4;32,1;31,7;31,8;32;31,8;31,8;32;31,8;31,5;31,5;31,4;31,3;31,5;31,3;30,8;30,9;30,9;30,3;29,9;29,9;30,1;29,7;29,2;28,6;27,8;26,6;26,2;25,8;25,5;25,6;25;23,5;22,1;21,5;20,8;20,4;20,8;20,9;20,5;20;19,9;20,1;20,2;20,4;20,5;20,5;20,2;20,2;20,4;19,9;20,1;20,7;20,5;20,1;20,5;20,6;20,2;20,1;20,1;19,9;19,9;19,9;20,2;20,2;19,8;19,8;20;20,1;20,1;20,5;20,7;20;20,2;20,2;19,9;20,2;20,6;20,2;19,9;20,4;20,7;20,5;20,4;20,1;20,5;20,1;20,1;20,1;20,1;20,1;20,4;19,8;20,2;20;20;19,9;20,5;20,1;19,9;20,2;19,5;20,5;20,5;20,1;20;20,2;20;19,9;20,4;20,5;19,6;19,8;20,6;20,1;20,2;20,1;19,9;20,7;20,1;20,4;20,2;20,7;19,9;20,2;19,8;20,4;20,2;19,6;20,4;20,4;20,2;20,5;20,6;20,7;20,9;20,4;19,9;19,6;19,6;19,9;20;20,4;20,1;19,9;20;19,8;20,1;20,6;20;20,5;19,6;19,8;19,5;19,9;20,2;20,4;20,4;20;19,9;19,2;19,4;19,8;19,3;20;20,4;20;19,8;19,9;19,9;19,6;19,6;20;19,9;20,1;20,2;20,4;20,2;19,8;20;20,1;19,6;20,1;20,4;19,6;19,6;19,3;20,4;19,9;20,4;20,2;20;20;19,8;19,4;19,6;20;20;19,8;20;20;19,6;19,8;20;20,2;19,9;20,4;19,5;20;20;19,521,2;21,4;21,2;20,9;21,4;21,1;21,1;21,5;21,5;21,4;21,2;21,2;21,6;21,6;21,1;21,1;21,5;21,8;21,2;21,6;21,1;21,1;21,1;21,2;21,8;21,6;21,4;21,4;21,8;21,8;21,4;21,1;21,5;21,9;21,9;21,8;21,6;21,5;21,8;21,6;21,8;21,9;22;21,8;21,6;21,9;21,5;21,4;20,7;22;21,6;21,2;21,4;21,8;21,4;21,5;21,1;21,6;21,5;21,5;21,2;21,2;21,4;21,4;21,6;21,8;21,8;21,8;21,5;21,1;21,1;21,4;21,4;21,6;22;22;21,8;21,5;21,8;21,9;21,5;21,2;21,4;21,6;21,4;21,1;21,1;21,6;21,1;21,2;21,2;21,9;22,2;21,8;21,5;21,6;21,5;21,8;21,2;21,8;21,9;21,9;21,1;21,4;21,4;20,9;21,4;21,5;20,8;20,8;20,5;21,1;21,1;20,7;20,8;20,6;20,4;21,4;20,2;20,5;20,6;20,6;20,7;20,6;20,6;20,5;20,2;20,4;20,2;20,4;20,5;20,5;20,5;20,4;20,7;20,7;20,4;20,6;20,6;20,5;20,4;20,1;20,2;20,5;20,2;20,4;20,4;20,5;20,4;20,1;20,1;20,5;20,5;20,4;20,4;20,4;20,6;20,4;20,2;20,5;20,4;20,2;20,4;20,2;20,1;20,1;20,1;20,1;20;20,5;20,8;20,8;20,7;20,6;20,4;20,5;20,6;20,7;20,7;20,7;20,7;20,4;20,6;20,4;20,5;20,4;20,4;20,2;20,2;20,4;20,2;20,4;20,5;20,4;20,7;22,3;24,3;25,2;25,5;25,7;25,6;25,6;27,3;28,9;29,9;30;30,2;30,7;31,2;31,1;31,5;31,8;32,1;32,1;31,7;31,8;32,1;32,1;31,8;31,5;31,2;31,7;31,4;32;31,7;31,3;31,4;31,3;31,2;31;31;31,3;31;30,9;30,8;31;30,7;30,2;30,5;30,1;30,4;30,1;30,3;30,4;30,2;30,5;30,3;30,1;30,3;30,7;30,1;30,8;30,3;30,5;30,7;30,4;30,5;30,5;30,5;30,5;30,6;30,8;31;31,2;32;31,6;31,7;32;32;32,2;32,5;33,1;33,2;33,2;33,5;33,9;34;35;35,7;36;36,2;36;34,2;30,4;26,8;25,5;25,3;26,6;29,7;33,2;35,7;36,9;36,8;36,4;35,9;35,3;34,4;34,2;33,8;33,5;33,1;32,9;32,2;32,5;32;32,4;32;31,8;31,6;30,9;30,8;31,3;31;30,8;30,9;31;30,8;30,6;30;30,4;30,4;30,5;30,5;30,5;30,7;30,3;30,2;30,5;30,6;30,7;30,6;30,8;30,7;30,7;30,7;30,9;30,6;30,8;31,2;31;31;31,3;31,4;31,7;31,6;31,7;32,2;32,2;32,4;32,7;33;33,3;33,5;33,7;34,3;34,7;35;35,4;36,2;36,7;37,5;38,1;38,3;38,2;37;35,8;35,1;34;32;29,9;28,1;26,5;26;26,8;29,3;32,9;34,6;35,2;35,3;34,7;34,6;34,2;33,9;34,2;33,4;33,4;33,4;33,7;32,6;32,9;32,7;33,2;32,7;32,4;32,4;32;32;32,2;32;31,6;31,8;31,4;31,4;31,5;31,6;31,2;31,7;31,4;31,4;31,2;31,4;31,4;31,6;31,5;31,5;31,4;31,1;31,5;31,5;31,8;31,6;32;32;31,8;31,5;32;31,6;32;32,1;32,1;32;31,8;32,1;32,1;32,1;32;31,7;31,6;31,5;31,6;31,5;31,2;31,3;31,3;30,8;30,7;30,6;30,5;30,2;30,1;30,1;29,5;29,2;28,8;28,1;27,2;26,6;26,1;25,5;25,3;24,4;23,4;22,2;21,1;20,7;20,5;20,1;19,9;20,4;20,2;19,9;20,2;20,2;20,1;20;20,1;20,2;20,1;20,1;20,5;20,6;20,4;20;20,1;20,2;20,1;20;20;20;20,1;20;20,6;20,9;20,5;20,2;20,5;20,5;20;19,9;20,1;20,2;20,1;20,1;20,4;20,2;20,1;20,2;20;20,1;20,4;20,5;20,2;20,1;20,2;20,5;20;20,4;20,5;20,1;19,9;20;19,9;20,1;20,1;20,6;19,8;19,8;20;19,6;20,1;19;20,1;20,2;19,9;20,1;20,2;19,4;19,9;19,8;20,5;19,4;19,9;20,1;19,6;20,2;20;20;19,4;19,9;19,6;19,8;19,4;19,3;19,3;20,1;20;20;19,3;19,4;19,6;19,9;20;19,8;19,9;20,2;19,6;19,4;20,1;20,1;20;20,2;20,1;19,9;20;19,9;19,9;20,2;20,4;19,9;20,5;19,6;19,5;19,5;20,2;20,7;20,1;20;20,1;20;20;19,8;20,5;19,9;20,1;20,2;20,2;20;20,1;20;20,2;20,2;20,4;20,7;20,7;20,2;20;20,4;20,5;20,4;19,9;19,9;19,9;20,1;20,2;20,6;20,1;21,1;19,8;19,8;20,6;20,5;20;20,4;19,8;19,8;20,1;20,1;19,9;20,1;20,2;20;19,8;19,8;20,1;19,8;20,4;19,6;19,9;20,4;19,521,2;21,2;21,2;21,2;20,8;21,2;21,2;21,5;21,4;21,1;20,9;20,8;20,9;21,1;21,4;21,1;21,1;21,2;20,9;21,1;20,9;21,2;20,6;20,7;21,4;21,1;21,4;21,9;21,6;21,5;22;21,5;21,6;21,5;20,9;20,9;20,9;21,2;21,6;21,4;21,4;21,2;20,9;20,8;21,4;21,4;21,4;21,4;20,8;20,9;21,5;21,4;21,5;21,8;21,6;21,8;21,5;21,9;21,4;22;21,4;21,9;22;21,6;21,5;21,9;22;22;22;22;21,8;21,6;21,9;21,9;21,9;22;21,9;21,9;22,3;22,2;22,5;22,1;22,1;21,8;22,5;22,1;21,8;21,9;21,8;21,9;21,5;21,8;22,1;21,4;22;22,1;22;21,8;22,1;22,1;21,5;22,2;21,2;21,5;21,6;20,9;21,4;20,9;21,4;21,1;20,8;20,9;21,2;21,1;20,7;20,9;20,6;20,9;20,1;20,7;20,6;20,5;20,5;20,6;20,4;20,2;20,4;20,2;20,4;20,2;20,2;20,4;20,1;20,1;20;20,1;20,2;20,1;20,4;20,1;20,1;20,1;20,1;19,9;20,1;20,2;20,4;20,4;20,1;20;20,1;20,4;20,2;20,2;20,1;20,1;19,9;19,8;20;20,5;20,6;20,1;20,1;19,9;20;20,2;20,2;20,1;20,4;20,5;20,2;20,1;19,9;19,8;19,9;19,9;20,2;20,5;20,4;20,1;20,4;20;20,1;20,6;20,4;20,1;20,1;20,2;20;19,9;20,1;20,2;20,2;20,1;20,6;22,1;23,8;25,2;25,4;25,6;25,7;25,6;27,2;28,9;29,5;30;30,2;30,8;31;31;31,4;31,6;32;31,8;31,8;31,8;32;32;31,8;31,7;31,3;31,3;32,1;32;31,5;31,3;31,4;31,4;31,2;31,2;31,2;31,2;31;30,5;30,6;31,1;30,9;30,5;30,8;30,4;30,5;30,5;30,4;30,5;30,6;30,7;30,7;29,7;30,4;30,7;30,7;30,5;30,1;30,7;31,1;30,7;30,9;30,7;30,8;30,8;31;31,3;31,1;31,3;31,8;31,6;32;31,8;32,6;32,6;32,4;32,6;33,2;33,8;33,7;34,1;34,9;35,4;35,7;36;36,6;36,5;34,9;31;27,2;25,4;25,3;26,5;30,1;33,7;36;37,4;37,2;36,6;35,9;35,4;35,6;35;34,3;33,8;33,2;33,1;32,5;32,5;32,6;32,4;31,6;31,5;31,6;31,7;30,9;31,1;30,4;31;31;30,9;30,8;30,1;30,8;30,9;30,8;30,5;30,2;30,3;30,4;30,5;30,7;30,4;30,5;30,6;30,7;30,3;30,7;30,3;30,5;31;31,3;31;31,1;31,1;31;31,1;31,4;32;31,7;31,8;32,1;32,1;32,2;32,6;33,2;33,4;33,4;33,8;34,3;35;35,5;36,2;36,9;37,2;37,2;37,9;38,3;38,3;37,5;36;35,2;34;32,4;30,1;27,9;26,4;25,8;26,4;29,2;32,9;35;35,6;35,6;35,4;35,1;35;34,6;34,1;33,6;33,2;33,6;33,3;33;33,2;32,9;32,7;32,7;32,7;32,6;32,2;32,7;31,7;32,1;31,6;32,5;31,6;31,6;31,5;31,7;31,3;32,2;31,7;31;31,2;31,5;31,4;31,7;31,4;31,6;31,5;31;31,1;31,7;31,6;31,8;32;31,8;31,8;31,6;31,8;31,8;32,1;31,8;31,7;32;32,2;32,2;31,8;32;32;31,6;31,5;31,4;31,6;31,5;31,1;31,1;31,1;30,8;30,6;30,5;30,4;30;30;30,1;29,5;29,2;28,6;27,5;26,7;26,2;25,4;25,3;24,8;24;23,3;22,1;20,9;20,5;20,2;20;19,9;20;20,4;19,9;19,5;20;20,4;20,2;19,9;19,8;19,8;20;20;20;20,1;20,2;20,1;20,2;20,2;19,8;20;20,4;20,1;19,9;20;20,1;20,4;20,5;20;19,8;20;19,6;19,8;20,2;20,1;20;19,9;20,2;20,4;20,2;19,9;19,4;19,8;20,1;19,9;19,8;20;20,4;20;20,4;20,1;19,8;19,9;20,1;20,1;20,2;20,2;20,5;20,2;20;20,1;20,4;20;19,8;20,2;20;20;20,4;20,5;19,4;20;20;20,4;20;20,2;20,2;20;20,6;20,1;20,8;20,2;20,4;19,9;20,6;20,4;19,6;20,5;20,4;20,4;20;19,8;20,1;20,4;20,2;20,6;20,4;20,2;20,4;20,2;20;20,4;20,8;20,6;20,2;20,2;20,2;20,2;20,2;20,5;20;19,9;20,2;20,2;20,5;19,5;19,9;20,4;20,7;19,9;19,6;20,6;20,5;20,6;19,9;20,5;20,1;20,4;20,1;19,5;20,2;20,1;19,9;19,8;19,8;19,9;19,9;20;20,2;20,2;20;20,1;20,2;20,2;19,8;19,6;19,8;19,8;18,8;19,6;19,6;20,1;19,6;20,1;20,4;19,9;20,2;19,5;19,3;19,9;20;19,9;20;20;20;19,6;19,6;19,8;19,6;19,8;19,9;19,5;20,2;2021,6;21,6;21,1;21,2;21,1;21,2;21,2;21,5;21,4;21,4;21,2;20,9;21,1;20,9;21,1;21,1;21,1;21,4;20,9;21,1;20,5;21,9;20,9;20,9;20,8;21,4;21,5;21,4;21,1;21,8;21,8;21,6;21,2;21,1;21,1;21,1;21,4;21,4;21,1;20,9;21,6;21,6;21,5;20,8;21,4;21,4;20,9;21,4;21,5;20,9;21,8;21,5;21,5;21,5;21,2;21,2;21,5;21,6;21,2;21,6;21,6;21,6;21,8;21,6;21,6;21,5;21,6;21,8;22;22;21,8;21,8;21,6;21,6;21,5;21,5;21,5;21,8;21,4;21,6;21,9;21,5;21,6;21,2;21,2;21,8;21,4;21,6;21,4;21,4;21,6;22,1;22,2;21,4;21,8;22,3;22,2;21,8;21,8;21,8;21,5;22;20,7;21,5;21,8;21,1;21,1;21,1;21,5;20,8;20,9;20,6;20,5;21,4;20,6;20,9;20,5;20,8;20,6;20,7;20,7;20,7;20,5;20,7;20,6;20,2;20,7;20,8;20,9;20,8;20,6;20,4;20,6;20,6;20,9;20,7;20,6;20,6;20,2;20,4;20,4;20,7;21,2;20,9;20,6;20,7;20,6;20,1;20,4;20,6;20,7;20,7;20,4;20,4;20,1;20,2;20,5;20,6;20,4;20,4;20,7;20,7;20,6;20,7;20,5;20,4;20,2;20,5;20,7;20,6;20,7;20,8;20,7;20,9;20,9;20,9;20,7;20,7;20,7;20,9;20,7;20,6;20,9;20,9;20,6;20,5;20,2;20,4;20,2;20,4;20,6;20,5;20,1;20,1;20,7;22,2;24;25,5;25,6;25,6;25,8;26,1;27,5;28,9;29,7;30,1;30,5;30,9;31;31,2;31,3;31,6;31,8;31,8;32;32;32,1;32,4;32,4;31,8;31,6;31,5;31,8;31,7;31,7;31,3;31,3;31,6;31,2;31,3;31,3;30,6;30,7;30,7;31;31,1;31,2;30,6;30,6;30,5;30,4;30,6;31;30,4;30,2;30,4;30,4;30,2;30,7;30,6;30,9;30,9;30,6;30,6;30,6;30,5;30,2;30,5;30,5;30,8;30,9;31,2;31;31,1;31,3;31,6;31,6;31,5;32,2;32,4;32,5;32,6;33,1;33,8;33,9;34,1;34,6;35,3;35,9;36,8;37,2;36,7;34,9;30,6;26,8;25,2;24,8;26,4;30,1;34;36,4;37,5;37,1;36,6;36,1;35,9;35,7;35;33,9;33,4;33,3;32,7;32,5;32,7;32,5;32,2;31,7;31,6;32;31,1;31,4;31,2;31,3;31,3;30,2;31;30,9;31;30,9;30,4;30,1;30,9;30,1;30,3;30,6;31;30,4;30,7;30,8;30,5;30,5;30,2;30,4;31,1;31,3;31,1;30,6;30,8;31;30,9;30,9;31,3;31,5;31,4;31,5;31,7;31,8;32,2;32,5;32,7;32,9;33,3;33,6;33,8;34,2;34,9;35,3;35,7;36,4;37,2;37,9;38,4;38,8;38,6;37,7;36,1;34,5;33,8;32;29,4;27,6;26,4;26;26,3;29,1;32,5;34,7;35,6;35,5;35,3;34,9;34,2;35,3;33,7;33,7;34,1;33,6;33,6;33,2;33,1;33,3;32,8;32,9;32,4;32,7;32,4;32,8;32,1;32,5;31,6;32,2;32;31,7;31,8;32,1;31,6;32;31,6;31,5;31,5;31,5;31,3;31,6;31,3;31,7;31,7;31,4;31,7;31,6;31,6;32,2;32,2;31,8;32;32,1;32,1;32,2;32,4;31,8;32,1;32,1;32,5;32,4;31,8;32;32,2;32,2;32,1;31,8;32;31,5;31,2;31,3;31,3;31,1;30,8;30,8;30,5;30,2;30,2;30,3;30;29,5;29;27,9;27,2;26,3;26,2;26,1;25,8;25,1;23,8;22,6;21,5;20,8;20,4;20,2;20,6;20,8;20,9;20,5;20;20,5;20,5;20,6;20,7;20,1;19,9;20,2;20,6;20,4;20,6;20,7;20,2;20,5;20,7;20,4;20,7;20,7;20,5;20,7;20,7;20,7;20,5;20,6;20,6;20,4;20,5;20,6;20,8;20,8;20,6;20,5;20,2;20,4;20,6;20,7;20,7;20,4;20,5;20,7;20,6;20,4;20,2;20,7;20,5;20,4;19,9;20,4;20,5;20,4;20,1;20,2;20,4;20;20,5;20,1;20,1;20,8;20;20;20,4;20;20,1;20;20,5;19,5;19,9;19,8;20,2;20,2;20,2;20,1;20,1;20,5;20,1;20,1;20,4;19,5;19,8;19,6;19,8;19,6;20;20;19,8;19,8;19,6;19,8;19,6;20;19,9;20;20,1;20,1;19,8;19,6;19,9;19,9;19,8;20;20,2;20;19,6;20;20,1;19,6;19,6;20,1;20;20;19,5;20;20,5;20,4;20;19,8;20,2;20,1;20,6;19,8;20,2;20,2;20,2;19,9;19,8;20,1;19,9;20;20;20,1;20,2;20,4;21,1;20,8;20,1;20,1;20;20,1;20,1;20;19,9;20,1;19,6;20,4;19,8;20,4;19,6;19,5;20,6;19,8;19,8;19,9;19,6;18,9;19,8;20,2;19,8;20;19,9;20;19,9;19,9;20;19,9;19,6;19,9;19,4;20;20,221,4;21,6;21,2;21,1;20,9;21,1;21,2;21,5;21,4;21,6;21,8;21,2;21,2;21,1;21,1;21,1;20,8;21,2;22,3;21,4;20,9;21,6;21,1;20,9;21,4;21,5;22;21,5;21,2;21,5;21,5;21,4;20,9;21,1;21,4;21,5;20,9;20,9;21,5;21,4;21,6;21,6;21,4;21,4;21,4;21,8;20,9;20,8;21,8;21,4;21,8;21,2;21,2;21,4;21,2;21,2;21,6;21,8;21,8;21,4;21,9;21,8;21,8;21,6;21,8;21,6;21,4;21,4;21,6;22;22;21,6;21,9;22,2;22,2;22,1;22,1;22;22;21,9;21,6;21,4;21,8;21,9;22,1;21,8;21,5;22,1;21,4;21,5;21,9;22;22,2;21,8;21,5;21,6;21,5;21,5;21,5;21,4;21,5;21,5;20,9;21,4;21,8;21,1;21,1;21,6;21,2;20,6;20,9;20,6;20,2;20,8;20,5;20,8;20,2;20,6;20,6;20,4;20,4;20,5;20,6;20,5;20,8;20,8;20,6;20,7;20,6;20,4;20,4;20,4;20;20;20,4;20,6;20,4;20,5;20,5;20,2;20,4;20,4;20,4;20,5;20,5;20,1;20,4;20,5;20,7;20,8;20,5;20,5;20,4;19,9;20;20,2;20,5;20,2;20,2;20,1;20,2;20,6;20,6;20,7;20,5;20,2;20;19,9;20;20,1;20,7;20,7;20,2;20;19,3;19,6;20,5;20,1;20,1;20,5;20,5;20,5;20,6;20,6;20,6;20,6;20,4;20,1;20,2;20,4;20,5;20,5;20,2;20,2;20,8;22,3;24,4;25,5;25,7;25,8;25,7;26,1;27,3;28,8;29,7;30,1;30,5;31,1;31,3;31,3;31,7;32,1;32,4;32,1;32,5;32,1;32,4;32,9;32,7;32,1;32;31,7;31,7;31,8;32,4;31,5;31,7;32;31,7;31,4;31,5;30,9;31,5;31,4;31,7;31,3;31,3;31,1;30,9;30,9;30,8;30,9;30,9;30,9;30,4;30,7;30,7;30,9;30,8;30,7;31,2;30,9;30,8;31;30,7;31,2;31;31,3;31,5;31,6;31,1;31,5;31,7;31,4;31,8;31,7;32,2;32,4;32,5;32,5;33,1;33,3;33,9;34;34,3;34,7;35,3;35,7;36,3;36,7;37,4;37,4;35,4;31,2;27,5;25,8;25,4;26,5;30,4;34,4;36,9;38,1;38;37,6;37;36,5;36;35,4;34,7;34,2;33,9;33,7;33,1;33,4;33;32,5;32,2;32,2;32,2;32,6;31,7;32,5;31,6;31,4;31,2;31,1;31,7;31,2;30,7;31,3;30,9;31,3;31,1;30,9;30,7;31,3;31;31,6;30,9;30,5;31,5;31,1;31,5;31,5;31,1;31,1;31,4;31,3;31,7;32,4;32,1;31,7;32;32,5;32,5;32,4;32,6;32,8;33,1;33,3;33,4;33,4;34;34,7;35,3;35,5;35,9;36,4;37;37,8;38,9;39,4;39,4;39;38;36,7;35,8;34,6;33;30,3;27,8;26,3;25,7;26,8;30,1;33,5;35,5;36,1;36,3;35,5;35,4;35,1;34,6;35,6;34,4;33,8;34,3;33,7;33,8;33,9;33,5;33,1;33,2;33,2;33,2;32,7;32,9;33;32,5;32,7;33;32,1;32,2;32,8;32,1;32;32,2;32;31,8;32,1;32,4;32,1;31,7;32;32;32,4;32;32,4;32,1;32,6;32,7;32,6;32,1;32,5;32,4;32,4;32,7;32,7;32,6;32,8;32,8;32,7;32,5;32,5;32,5;32,4;32,6;32,4;32,1;32;31,6;31,4;31,4;31,4;31,1;30,7;30,6;30,5;30,4;30,4;30,2;29,5;29,2;28,7;27,9;27,2;26,3;26;25,5;25,1;24,5;23,4;22;20,9;20,2;20,2;20,2;20,1;20;19,9;20,2;20,4;20,4;20,4;20,4;20,6;20,4;20,1;20,1;20,1;20,1;20,2;20;20,1;20,2;20,1;20,4;20,5;20,1;20,2;20;20,1;20,2;19,8;20,1;20,2;20,2;20,5;20,4;20,4;20,2;20;20;20,2;20,2;20;19,9;19,9;19,9;19,9;20,2;20,2;19,9;20;20,4;20,2;19,9;20,1;20,6;20;19,9;19,8;20,1;20,2;20,1;20,2;20;20,1;20,4;20,1;20,1;20,2;19,9;19,9;20,1;20,2;19,4;19,9;20;20,6;20,2;20,4;20,4;19,8;20,5;20,6;20,8;20,9;19,8;20,1;19,5;19,9;20;19,6;19,9;20;19,6;19,6;20;19,3;19,8;20,2;19,8;19,9;20;20;20;20,2;20,2;20,2;20;20,1;20,2;20;19,8;19,6;19,8;19,8;20,2;20;19,9;19,8;19,8;20,6;20,1;20,2;19,8;19,4;20;20,1;19,6;20,1;19,9;19,9;19,9;19,9;19,9;19,8;20,2;19,6;19,8;20,2;20;19,6;19,6;20;20,5;20,5;20,1;20;20;19,8;20;20,2;19,9;19,5;19,9;20,2;19,9;20;19,6;20;19,9;19,8;19,3;19,9;19,9;20;20,5;20,5;20,4;20,1;19,9;19,9;19,8;19,9;20,1;19,3;19,8;19,820,9;21,5;21,4;21,4;20,8;20,9;21,2;21,5;21,5;21,4;21,4;21,2;21,1;20,9;21,1;21,5;21,4;21,2;21,5;21,1;20,8;21,9;21,1;20,9;21,6;21,5;21,9;21,1;21,1;21,4;21,9;21,8;21,5;21,4;21,1;21,1;20,9;21,1;21,9;21,2;21,4;21,5;21,5;20,9;21,1;21,9;20,9;21,2;21,8;21,2;21,2;21,4;21,4;21,8;21,5;21,4;21,8;21,8;21,9;21,5;21,4;21,8;22;22;22,2;22,3;22;21,6;21,8;21,8;21,5;21,6;21,8;21,9;22,2;21,8;21,2;21,8;22,1;21,8;22,2;22,2;22,1;21,5;21,6;21,1;21,5;21,9;21,8;20,9;21,4;22;21,2;21,4;21,8;21,8;21,4;21,8;21,6;21,2;21,6;21,2;21,1;21,6;21,6;21,5;21,2;21,2;20,9;20,7;20,9;20,8;20,8;20,9;20,7;20,8;20,5;20,8;20,7;20,4;20,8;20,7;20,9;20,5;20,2;20,5;20,6;20,5;20,6;20,6;20,8;20,8;20,5;20,5;20,5;20,6;20,4;20,1;20,2;20,4;20,2;20,5;20,6;20,4;20,6;20,6;20,6;20,5;20,4;20,5;20,8;20,6;20,5;20,5;20,5;20,5;20,2;20,4;20,2;20,4;20,5;20,6;20,5;20,5;20,4;20;20,1;20,2;20;20,2;20,6;20,4;19,9;20,1;20,5;20,6;20,5;20,4;20,2;20,4;20,5;20,5;20,6;20,9;20,6;20,4;20,4;20,4;20,2;20,2;20,2;20,2;20,2;20,2;20,6;22,3;24,5;25,4;25,7;25,7;25,5;25,6;26,7;28,6;29,7;30;30,5;31;31,1;30,9;31,6;31,7;32,4;32;32,2;32;32;32,2;32,1;32;31,7;31,7;31,5;31,5;32,1;31,5;31,6;32;31,6;31,1;31,6;31,2;31,3;31;31,5;31;31,4;30,8;30,9;31,1;30,9;31;30,9;30,6;30,3;30,7;30,6;30,6;30,7;31;30,8;31,1;30,7;31,1;31;30,7;30,6;31;30,8;31;31,4;31,4;31,1;31,7;31,6;31,7;32,1;32,1;32,6;32,6;32,9;33,3;33,5;33,9;34,1;34,6;35,4;36;36,4;36,8;37,4;37,2;35,4;30,9;27,1;25,5;25;26,3;30,2;34,3;37;37,9;37,8;37,5;37;36,3;35,9;35,4;34,6;34,3;33,9;33,5;32,7;32,7;32,5;32,6;32,5;31,8;32,2;32,1;31,4;31,5;31,1;31,3;31,1;30,9;31,4;30,8;30,7;30,8;30,9;30,7;30,9;30,2;30,9;30,8;30,6;31,4;30,8;30,7;31;30,7;31;31,2;31,4;31,4;30,9;31,6;31,6;31,4;31,3;31,3;31,4;32;32,1;32,5;32,5;32,5;32,7;33,2;33,4;33,6;34;34,4;35,1;35,6;36;36,6;37,2;38;38,7;39,5;39,8;39;38,2;36,6;35,5;34,3;32,5;30;27,6;26,4;26;26,6;30,2;33,4;35,2;36,1;35,7;36,2;35,4;35;35;34,1;34,3;34,1;34;33,6;33,5;33,6;33,1;33,4;33,3;33,2;32,8;32,4;33,2;32,4;32,6;32,6;33;32,6;32,1;32,5;32,1;32,5;31,8;32;31,8;32,4;32,6;32;32,1;31,7;31,6;32,1;32,1;32,2;32,5;32,9;32,6;32,4;32,1;32,2;32,2;32,4;32,5;32,4;32,7;32,8;32,7;32,5;32,4;32,6;32,5;32,2;32,4;32,1;31,7;31,8;31,7;31,4;31,5;31,5;31;30,6;30,5;30,4;30,2;30,3;30,3;29,9;29,1;28,4;27,7;26,8;26,2;25,6;25,3;25,2;24,4;22,9;22,1;21,5;20,7;20,5;20,4;20;20,1;20,5;20,2;20,2;20,2;20,4;20,5;20,1;19,6;19,6;20;20,1;20,1;19,8;19,6;20,1;20,5;20,5;20,4;20,2;20,1;19,9;19,9;20,4;20,4;20,1;20,4;20,2;19,9;20,1;20,2;20,2;20,2;20;20,1;20,1;19,8;19,9;20,1;20,1;20,2;20,1;20,4;20,6;20,2;20,4;20;20;20,2;20,6;20,2;19,8;20;20,1;20,2;20,5;20,5;20,2;20,1;20,2;20;20,4;20,1;20,2;19,8;19,9;20,4;20,5;19,4;19,8;20;20,6;20,4;20,4;20,6;20;21,1;20,2;20,9;20,2;19,8;20,4;20,1;19,5;20;20,1;20,5;19,8;20,1;20,1;20,5;20,2;19,9;20,4;19,9;19,9;20,7;20,5;20,2;20,6;20,2;20,2;20;20;20,2;20,1;20;20,4;20,5;20,2;20;19,5;19,9;19,9;19,9;20;19,9;20,1;19,6;19,3;19,8;20,4;19,9;20;19,8;20,1;19,8;19,6;20;20,1;20,1;19,5;20,4;20,4;20,4;20,1;20;20,1;20,4;20;19,6;19,9;19,9;19,9;19,6;20,1;19,6;20;20,2;19,8;20;20,1;19,9;20,1;20,5;19,9;19,6;19,6;19,8;20,1;20,6;20,4;20,1;19,9;19,8;19,9;19,8;20,1;20,2;19,6;19,8;19,820,9;21,1;21,2;21,4;21,2;21,5;21,4;21,5;21,4;21,5;21,4;21,2;21,5;21,5;21,5;21,8;20,8;21,4;21,6;21,2;22;21,5;21,4;20,9;21,5;21,6;21,2;21,1;20,9;21,6;21,5;21,1;21,1;21,2;21,4;21,8;21,9;21,4;21,8;21,4;21,2;21,6;21,9;21,1;21,1;22;20,7;21,9;21,5;21,2;21,5;21,8;21,2;22,1;21,5;21,6;21,4;21,6;21,6;21,9;21,5;21,6;22,2;22,2;21,9;21,9;21,9;21,9;22;21,9;21,5;21,4;21,5;21,8;22;22;21,5;21,8;22;21,8;21,9;22,1;21,8;21,9;22;21,4;22,1;21,5;21,9;21,2;21,5;22,2;21,8;21,2;21,4;21,6;21,5;21,5;21,1;21,5;21,5;21,4;20,8;21,5;21,5;21,4;20,9;21,1;20,8;21,1;20,8;20,8;20,8;20,8;20,9;20,6;20,2;20,9;20,8;20,7;20,6;20,5;20,4;20,5;20,4;20,4;20,5;20,5;20,7;20,8;20,4;20,5;20,7;20,5;20,4;20,6;20,7;20,5;20,2;20,5;20,6;20,6;20,7;20,6;20;19,9;20,4;20,1;19,9;20,4;20,7;20,4;20,4;20,5;20,4;20,5;20,5;20,4;20,5;20,6;20,5;20,2;20,4;20,4;20,5;20,5;19,9;20,4;20,1;20,1;20,2;20;20,2;20,4;20,2;20,4;20,5;20,4;20,1;20,5;20,6;20,4;20,5;20,8;20,6;20,4;20,2;20,6;20,7;20,5;20,5;20,6;20,4;20,2;20,7;22,2;24,3;25,3;25,7;25,7;25,3;25,5;27,1;28,7;29,9;30,3;30,5;30,8;30,9;30,9;31,5;32;32,2;32,2;32,4;32,4;32,2;32,4;32,1;32,2;32,1;32,2;32,2;32,1;32,2;31,8;31,7;31,7;31,6;31,6;31,7;31,7;31,5;31,4;31,5;31,3;31,4;30,9;31,1;31,3;30,6;31,2;31;31;31,1;30,7;30,7;30,7;31;31,3;31,3;31,7;31;31,2;31;31;31,6;30,6;30,9;31,7;31,4;31,5;31,7;31,7;32,1;32,4;32,6;32,9;33,3;33,1;32,9;33,6;34;34,2;34,2;35;35,4;36,3;36,7;37,4;38,2;37,9;35,7;31,5;27,6;25,3;25;26,7;30,7;35;37,9;38,9;38,6;38,1;37,7;36,9;36,5;35,9;35;34,4;34,1;33,7;33,2;33;32,8;32,7;32,7;32,4;32,4;31,7;31,7;32,1;31,6;31,7;31,5;31,5;30,9;31,2;31,6;31,1;31,3;30,7;31;31,1;31;30,5;31,6;31,2;31,2;30,9;31;31,1;31,5;31,6;31,7;31,4;31,3;31,5;31,8;31,7;32,4;32,1;32,5;32,5;32;32,6;32,7;32,8;33;33,5;33,9;34,2;34,3;34,4;35,3;36;36,5;37,1;37,6;38,5;39,2;40;40;39,6;38,3;36,6;35,6;34,3;32,8;30,1;27,9;26,5;26,4;26,8;30;33,2;35,6;36,4;35,9;36,4;35,4;35,1;35,4;34,6;34,5;34,6;34,1;34,1;33,7;33,1;33,6;33,5;33,6;33,8;33,3;33,1;33,4;32,7;32,8;32,9;33,3;32,8;32,4;32,4;32,4;32,7;32,4;32,1;32;32,7;32,8;32,4;32,5;32,1;32,1;32,6;32,5;32,4;32,2;32,8;32,6;32,2;32,5;32,5;32,7;32,7;32,7;32,8;32,7;32,7;32,8;32,7;32,5;32,5;32,4;32,4;32,4;32,4;32,2;32,1;31,7;31,5;31,5;31,4;31;30,8;30,8;30,6;30,1;30,2;30,4;30,1;29,5;28,8;28;27,2;26,3;25,7;25,5;25;24,4;23,4;22,5;21,2;20,5;20,2;20,5;20,5;20,7;20,7;20,2;20;20,4;20,5;20,4;20,1;20,4;20,4;20;19,9;20,4;20,6;20,4;19,9;19,8;19,8;20,1;20,5;20;19,9;20;20,1;20,2;20,4;20,1;19,9;19,8;20;20,4;20,5;20,2;20,4;20,5;20,1;19,9;20;20,1;20;20;20;20,4;20,9;20,5;20,2;20,4;20,2;20,1;20,1;20,1;20;20,1;20,1;19,9;20,2;20,4;20,1;20;20,1;20;20,1;20;20;20;20,1;20,4;20,7;20;20;20;20,6;20,2;20,4;20,6;20;20,5;19,8;20,9;19,6;20,1;20;20,6;20,1;19,6;19,5;20;19,5;19,3;20;19,9;19,6;19,6;19,6;20;19,8;20,2;20;20;20,5;20,4;19,5;19,8;20;19,6;19,8;20;19,9;19,6;19,8;19,9;19,9;20,2;19,9;19,8;19,6;20,2;20;19,8;19,5;19,6;20,5;20,1;19,8;19,8;20;20;19,6;20,2;20,2;20;20,1;20,2;20,4;20,1;19,9;20,5;20,6;20,1;20;20,2;20,4;20,2;20;20,4;20,2;20,2;19,9;19,9;19,9;20,2;20,4;19,9;20,1;20,2;19,8;19,9;20,6;20,2;20;20,4;20,2;19,6;19,4;19,6;19,9;19,9;20;19,6;19,9;19,8;19,821,2;20,7;21,2;21,2;21,1;21,1;20,8;20,9;21,4;21,1;20,7;20,6;20,9;21,4;21,1;20,9;21,2;20,9;21,2;20,6;20,7;20,7;20,7;20,7;20,9;20,9;21,4;21,4;20,8;20,8;21,2;21,4;21,1;20,8;20,8;20,9;21,5;21,6;21,5;21,1;20,8;21,4;21,6;21,4;21,2;21,5;20,7;21,4;20,9;21,1;21,5;21,8;21,1;22;21,6;21,5;21,6;21,9;21,6;21,4;21,4;21,8;22;22;21,5;21,5;21,8;22;22,1;22,2;22,3;22,2;21,9;21,9;22,1;22,3;22;21,9;22,1;21,9;22,5;22,5;21,4;22,2;21,6;22;21,9;21,6;21,4;21,4;21,8;22,2;21,9;21,9;21,4;21,4;21,4;21,2;21,6;21,5;21,5;21,2;20,8;20,9;21,2;21,2;21,1;21,5;20,9;20,9;20,9;20,7;20,7;20,6;20,9;20,6;20,4;20,5;20,6;20,9;20,9;20,7;20,5;20,7;20,7;20,6;20,5;20,6;20,6;20,6;20,6;20,8;20,7;20,4;20,2;20;20;20,1;20,4;20,5;20,5;20,1;20,1;20,4;20,1;20,1;20,4;20,4;20,1;20,2;20,2;20,4;20;20;20,5;20,5;20,4;20,2;20;19,9;20,2;20,5;20,5;20,4;20,4;20,8;20,6;20,1;20,2;20,2;20,4;20,5;20,5;20,4;20,2;20;20,2;20,5;20,4;20,5;20,7;20,2;20,1;20,4;20,5;20,4;20,2;20,4;20,5;20,5;20,4;20,6;20,7;20,4;20,7;22,5;24;24,8;25,5;25,7;25,4;25,6;27,1;28,7;29,7;30,2;30,4;30,7;31;31,2;31,6;32,2;32,6;32,5;32,2;32,1;32,4;32,6;32,5;32,2;32;31,8;32;32,5;32,1;31,8;32;31,7;31,8;31,8;31,6;31,5;31,8;31,3;31,5;31,5;31,5;31,1;31,1;30,8;31,2;31;31,1;31,1;31,1;30,9;30,8;30,9;31,1;31,2;31,4;31,5;31,2;30,9;31,2;31,4;31,3;31,4;32;31,3;31,2;31,5;31,5;31,6;32,6;32,2;32,9;33;33,1;33;33,4;33,9;34,2;34,9;34,9;35,5;35,9;36,4;36,8;37,6;38,5;38,2;35,6;31,4;27,3;25,2;25,2;26,6;30,6;35,1;38,1;39,1;38,7;38;37,8;37,1;36,4;35,8;35,2;34,5;34,1;34;33,7;33,3;32,9;32,7;33;32,5;32;31,7;31,7;31,8;31,8;31,6;31,4;31,6;31,6;31,4;31,5;31,2;31,2;31,2;31,3;31,4;31,3;31,2;30,9;31;31,2;31,1;31,2;31,3;31,4;31,4;31,4;31,5;31,6;31,5;31,6;32;32,1;32;32,2;32,7;32,7;32,8;32,7;33;33,2;33,3;33,7;33,9;34,4;35,2;35,5;36;36,5;37,2;38,4;39,1;40;40,6;40,4;39,5;38,5;36,9;36;34,5;32,8;30,3;28,1;26,7;26,2;26,6;29,4;33,2;35,9;36,7;36,2;35,5;35,7;35,8;35,7;35;35;34,7;34,4;33,8;34,2;33,7;33,7;33,7;33,6;33,3;32,8;32,8;33,2;32,8;33,2;33,3;33,6;33;32,9;32,5;32,8;32,6;32,5;32,5;32,7;32,6;32,4;33;32,9;32,8;32,7;32,7;32,6;32,6;32,4;32,9;32,6;32,6;32,5;32,4;32,9;32,8;32,8;32,8;32,6;32,8;32,7;32,9;32,7;32,4;32,5;32,7;32,6;32,5;32,4;32,2;32;31,4;31,3;31,2;30,9;30,8;30,8;30,5;30,1;30,1;30,1;30,1;29,7;28,7;27,7;27,3;26,4;25,8;25,6;25,4;24,6;23,1;22,2;21,2;20,6;20,7;20,6;20,4;20,2;20,1;20,4;20,4;20,4;20,5;20,7;20,2;20,1;20,1;20,5;20,1;19,9;20,1;20,1;20;20,1;20,2;20;20,5;20,5;20,1;20,2;20,4;20;20,2;20,2;20,1;20,1;20,4;20,4;20,6;20,7;20,2;20;20;20,5;20,6;20;19,8;19,9;20,2;20,1;20,2;20,2;19,9;20,1;20,1;20,2;20,4;20,6;20,2;20;19,9;20;20,1;20;20,2;20;20;19,8;20;19,6;20;20,5;19,8;20,6;20,9;19,9;20,4;20;20,9;20,1;20,7;20,4;20,4;19,9;20,2;21,2;20,2;20,2;20;19,8;20,1;19,5;19,9;20,6;20,2;19,8;19,5;20,1;20,1;19,6;20,1;21,1;20,4;20;19,8;20;20,1;20;20;20,4;20,2;20;19,6;20,1;20,9;20,7;19,9;19,9;20;20;19,8;19,8;19,9;20,5;19,9;19,9;19,4;20;19,6;20;19,5;19,6;19,9;20;19,9;20,1;19,9;20,4;20,2;19,5;19,6;19,9;19,6;19,4;19,3;19,4;19,9;20,2;20,4;20;19,4;19,9;20;19,8;19,5;19,6;19,2;19,4;19,6;20;19,9;19,9;19,8;19,8;19,4;20,4;20,2;19,8;20,1;19,9;19,5;19,8;19,9;19,8;20;19,4;20;20;19,821,2;20,7;21,6;21,5;21,4;21,5;21,5;21,6;22;21,8;20,9;21,1;21,2;21,4;21,5;21,2;22;21,8;21,8;21,2;21,4;21,5;21,2;21,8;21,8;21,5;21,4;20,9;21,2;21,2;21,2;21,8;21,6;21,2;21,4;21,4;21,4;21,4;21,8;21,4;20,9;21,4;21,9;21,8;21,4;21,5;21,4;21,5;21,1;20,9;21,2;21,5;21,5;21,8;21,6;21,4;21,5;21,8;22;21,6;21,6;21,9;21,6;21,2;21,4;21,6;21,6;21,6;21,6;21,5;21,8;21,9;21,8;22,1;22,3;21,8;21,6;21,4;21,5;21,9;21,2;22;21,2;21,4;21,4;21,2;20,6;21,1;21,4;21,2;21,5;21,9;21,5;21,5;21,4;21,1;21,1;21,1;21,2;21,2;21,1;21,2;20,8;20,8;21,1;21,2;21,1;21,6;21,2;20,7;20,7;20,5;20,7;20,7;20,8;20,8;20,4;20,4;20,2;20,4;20,5;20,7;20,5;20,6;21,1;20,9;20,4;20,6;20,8;20,9;20,8;20,6;20,4;20,2;20,2;20,4;20,5;20,9;20,8;20,4;20,6;20,2;20;20,1;20,6;20,8;20,5;20,4;20,2;20,1;20,5;20,6;20,2;20,2;20,7;20,5;20,5;20,6;20;20,4;20,9;20,7;20,6;20,8;20,4;20,1;20,1;20,2;20,2;20,2;20,7;20,7;20,5;20,7;20,5;20,5;20,8;20,9;20,6;20,4;20,5;20,4;20,2;20,4;20,4;20,5;20,2;20,1;20,4;20,4;20,2;20,6;20,7;20,6;20,9;22,6;24,4;25,1;25,4;25,7;25,6;25,8;27,1;28,8;29,7;30,4;30,8;30,9;31,1;31,3;31,7;32;32,2;32,6;32,5;32,2;32,5;32,2;32,1;31,8;32;32;31,7;32,1;32,1;31,7;32,4;32,1;31,7;31,6;31,8;31,6;32,1;31,4;31,4;31,5;31,5;31,3;31,3;31,2;31,2;31,2;31,3;31,4;31,1;30,9;31;31,4;31,2;31,2;31,3;31,4;31,2;31,5;31,5;31,1;32;30,6;31,3;31,1;31,5;32,2;32,1;32,2;32,1;32,9;32,5;32,7;33,3;33,4;33,4;33,3;33,9;34,7;35,1;35,2;35,4;36,3;37,5;37,8;38,3;38,4;35,9;31,1;27,2;25,4;25,4;26,7;31;35,5;38,1;39,1;39;38,5;37,8;37,1;36,3;35,8;35,2;34,4;33,7;33,6;33,8;33,6;33,4;32,5;32,4;32,4;32,6;32,4;31,7;32,2;31,6;31,3;31,1;31,7;31,6;31,5;31,1;31;31,1;31,4;31,2;31,4;31,3;31,3;31,3;30,8;31,3;31,3;31,3;31,7;31,7;31,7;31,6;31,6;31,6;31,7;31,8;31,7;32,4;32,6;32,2;32;32,9;33,2;32,8;32,9;33,1;33,6;33,8;34;34,9;35,4;36;36,2;36,7;37,7;38,8;39,2;40,2;40,9;40,5;39,9;38,6;37,1;35,8;34,4;32,8;29,4;27,7;26,4;25,7;26,4;29,5;33,1;35,6;36,6;36,1;36,4;36;35,3;35,4;35,2;34,9;35;34,5;34,5;34;34,2;34,1;33,8;33,5;33,1;33,2;33,6;33,8;33,1;33,4;33,4;33,4;32,9;32,6;32,8;32,4;32,8;32,4;32,9;32,7;32,6;32,5;32,7;32,7;32,8;32,6;32,6;32,7;32,7;32,7;32,8;32,7;32,8;32,9;33;33;33,1;32,9;32,7;32,9;33;32,7;32,9;32,9;32,6;32,6;32,8;32,7;32,4;32,2;32,4;32,1;31,5;31,4;31,4;31,1;30,9;30,6;30,5;30,5;30,2;29,9;29,7;29,5;28,6;27,6;27,3;26,5;26;25,8;25,6;24,4;22,9;22;20,9;20,2;19,9;20,1;20,7;20,6;20,5;20,6;20,5;20,2;20,1;20,1;20,2;20;20,1;20,1;20,2;20,4;20,9;20,5;20,1;20,4;20,7;20,5;20,5;20,4;20;20,2;20,6;20,5;20,4;20,2;20,5;20,6;20,5;20,5;20,8;20,5;20,2;20,5;20,7;20,4;20,1;20,2;20;20;20;20,5;20,8;20,4;20;20,4;20,8;20,8;20,4;20,6;20,4;19,9;19,9;20,1;20,1;20,1;20,1;20;19,8;19,8;20,4;19,8;20;20,6;19,4;20,4;20,2;19,6;20,1;19,8;20,6;19,6;20;19,8;19,6;19,9;20,2;20,7;20,4;19,8;19,6;20,2;20,1;20;20,1;20,2;19,3;19,6;19,9;20;19,9;20,4;19,9;20,1;19,4;19,8;19,4;20;20,2;20,2;20,2;20;19,8;19,6;19,8;19,9;20;20,1;19,9;19,9;19,9;20;19,9;19,5;19,9;20,1;20,1;20;19,4;19,8;19,6;19,8;20;20;19,8;19,9;20,1;19,8;19,6;20,4;20,1;20,2;19,6;20,2;20,4;20,2;20,4;20,4;20,9;20,9;20,6;20,7;20,5;20,2;20,1;20,2;20,4;20,2;19,4;19,5;20,2;20,6;20,1;20,7;20,2;19,8;19,9;19,9;20;20;20,2;19,9;20;20,1;19,6;20;20,2;19,9;20,4;20,2;2020,8;21,2;21,2;21,4;21,1;20,9;20,8;20,9;21,1;21,1;21,4;20,7;20,8;21,2;21,4;21,8;21,6;21,9;21,5;21,1;20,8;20,9;20,9;21,8;21,6;21,2;21,1;21,2;21,1;21,6;21,5;20,9;21,2;21,5;20,9;20,6;20,9;20,9;21,5;21,4;21,4;21,5;22;21,6;21,4;21,8;21,9;21,9;21,4;21,2;21,5;21,2;21,5;21,9;21,9;21,6;21,9;21,6;21,9;21,8;21,8;21,5;21,6;22;22;22;22;21,8;21,8;21,9;22,2;22;21,8;21,5;22,1;21,8;22,1;22,2;22,3;22,3;22;22;21,4;22,1;21,2;22;21,4;21,9;22;21,4;21,2;21,6;21,4;21,6;21,4;21,8;20,9;20,9;20,9;20,9;20,8;21,9;20,6;21,4;21,4;21,1;20,7;21,9;21,5;20,8;20,5;20,6;20,4;20,5;20,4;20,6;20,5;20,2;20,4;20,2;20,1;20,2;20,2;19,9;19,9;20;20,4;20,2;20,4;20,9;20,8;20,5;20,5;20,4;20,5;20,5;20,6;20,6;20,2;20;20,1;20,1;20,6;20,8;20;20;20,2;20,2;20,1;20,1;20,2;20,1;20,1;19,9;19,9;20,5;20,4;19,9;20,2;20,2;20;20;20,1;20,1;20,1;20,5;20,5;20,4;20,4;20,1;20,1;20,1;19,9;20;20,4;20,4;20,5;20,6;20,2;20,2;20,4;20,1;20,2;20,5;20,4;20,2;20,2;20,2;20,2;20,1;20,1;20,4;20,4;20,4;20,7;22,3;24,5;25,5;25,4;25,4;25,4;25,7;26,8;28,7;30,1;30,7;30,8;30,9;31,1;31,3;31,4;31,8;32,1;32,6;32,6;32,4;32,5;32,4;32,1;31,6;31,8;32,1;31,7;31,7;32,4;31,5;31,8;32;32,1;31,7;31,8;31,5;32;31,4;31,7;31,5;31,6;31;31,7;31,4;31,2;31,1;31,5;31,4;31,7;31,2;31,6;31,7;31,2;31,3;31,1;31,5;32;31,4;31,4;31,3;32;31;32;31,6;32,1;32,1;32,4;32,2;32,4;32,7;32,9;33;33,4;33,5;33,5;33,5;34;34,3;35,2;35,9;36;36,4;37,2;37,8;38,5;38,4;36,1;31,5;27,3;25;25,3;26,7;30,8;35,8;38,9;39,3;38,8;38,4;38,1;37,5;36,7;36,2;35,3;34,6;33,9;33,6;34;33,8;33,2;33,2;32,8;32,4;32,6;33;31,6;32,1;31,7;31,8;31,5;31,6;31,3;31,8;31,8;31,2;31,3;31,5;31,2;31,3;31,5;31;31,7;31,2;31,1;30,9;31,4;31,7;31,7;31,8;32;32;31,6;32;32;31,7;32,1;32,4;32,2;32,6;32,7;32,6;32,6;33,2;34;34,1;34,2;34,4;34,6;35,2;35,9;36,4;37,1;38,2;38,9;39,5;40,4;41,3;41,2;40,3;38,5;37,1;36;34,5;32,2;30;28;26,5;25,8;26,7;29,7;33,7;36,4;36,9;36,4;36,4;36,5;36,2;35,8;35,4;35,1;34,9;35;34,6;34,1;34,2;33,7;34,1;33,8;33,5;33,2;33,7;34,1;33,2;33,4;33,5;33,6;33,2;32,8;32,9;32,6;33,2;32,9;33,1;32,8;32,8;32,8;32,7;32,5;32,8;32,5;32,8;33,2;32,9;32,7;32,8;33,2;33,2;33,1;32,8;33;33;32,9;32,7;33,1;33,1;32,7;32,8;32,9;32,6;32,5;32,4;32,5;32,4;32,1;32,4;32,1;31,7;31,4;31,2;31,1;30,8;30,6;30,5;30,4;30,2;29,9;29,5;29,3;28,6;27,6;27,2;26,4;25,6;25,5;25,5;24,3;23;22;20,8;20,1;19,9;20;20,2;20,2;20,7;20,5;19,6;19,9;20,1;19,9;19,9;19,9;20,1;19,9;19,8;20;20;20,2;20,2;19,9;19,9;19,5;19,8;20,1;20,5;20,2;20,2;19,9;20,1;20,5;20,4;19,8;19,3;19,6;20,1;20,1;19,9;19,9;19,9;19,9;20,1;20,5;20,5;20,1;19,8;19,8;19,9;20;20,4;20,1;20;19,9;19,8;20,2;20,1;20;19,6;19,9;20;20,1;19,8;19,9;19,8;20,2;20,4;20,5;20,1;20;19,9;20,4;20,2;19,9;20;20,1;20,2;20;20,1;19,9;20,1;20,1;20,2;20,5;20,4;20,1;20;20,5;20,4;20,2;20,8;20;19,9;19,5;19,6;20,5;20,1;20,2;19,9;20,4;20,1;20;20,1;20,4;20,4;20,1;19,9;20,1;20,4;20;19,6;20,1;19,9;20;20,4;20,2;20,5;20,4;20;19,6;20;19,9;19,8;19,9;20,1;19,6;19,9;20,1;20,4;20;20;20;20,4;20,2;20;20;19,9;20,1;20,2;20,4;20,6;20,1;19,9;19,9;20,2;20,4;19,9;19,9;20,4;20;19,5;19,3;19,4;19,9;19,8;20,1;19,4;18,8;20,2;19,9;19,3;19,2;20,1;20,5;19,9;19,8;19,9;19,8;19,4;19,2;19,5;20,1;19,9;19,6;19,9;19,9;19,821,1;21,9;21,2;20,9;21,2;21,2;20,9;20,9;21,4;21,2;20,8;20,7;21,2;21,8;21,2;20,8;21,1;21,4;21,5;21,9;20,8;21,5;20,8;20,9;21,5;21,4;21,1;21,2;21,2;21,2;21,6;21,6;21,2;21,5;21,4;20,7;20,9;21,1;21,6;21,1;21,2;21,6;21,6;21,2;21,6;21,6;21,4;21,8;21,2;21,1;21,6;21,6;21,8;22;21,6;21,5;21,5;21,1;21,5;21,5;21,6;21,9;21,8;21,8;21,6;21,2;21,5;22;22;21,9;22,1;22;21,5;21,6;21,6;21,6;21,8;21,9;21,9;21,6;21,5;22,1;20,9;21,2;21,9;21,6;20,9;22;21,8;21,4;21,2;21,4;21,5;21,1;21,4;21,6;20,8;20,9;20,7;20,9;21,1;21,4;20,7;21,4;20,9;20,7;20,7;21,1;21,2;21,2;20,8;20,7;20,5;20,6;20,5;20,5;20,4;20,6;20,7;20,7;20,5;20,4;20,6;20,8;20,6;20,5;20,7;20,7;20,6;20,9;21,4;20,8;20,6;20,7;20,5;20,1;20,5;20,6;20,4;20,8;21,1;20,8;20,6;20,7;20,7;20,5;20,8;20,8;20,4;20,5;20,5;20,5;20,6;20,6;20,8;21,2;21,1;20,6;20,1;20,2;20,4;20,2;20,1;20,5;20,7;20,2;20,2;20,5;20,7;20,5;20,8;20,7;20,2;20,2;20,4;20,7;20,7;20,7;20,2;20,6;20,7;20,4;20,2;20,2;20,4;20,4;20,6;20,8;20,5;20,4;20,2;20,2;20,5;20,2;20,6;22,5;24,5;25,4;25,5;25,4;25,3;25,7;27,1;28,8;30,2;30,3;30,2;30,5;30,7;31,2;31,2;31,5;32;32,1;32,4;32,1;31,8;32;32,1;31,8;31,5;31,8;31,4;31,3;32;31,5;31,8;31,7;31,7;31,7;31,4;31,4;31,4;31,2;31,5;31,3;31,3;31,2;31,1;31,1;31,4;31,2;31,4;31,1;31,3;30,3;31,2;31;31,2;31,4;31,1;31;31,3;31;31,2;31,4;31,1;31,4;31,7;31,3;31,2;31,5;31,7;32,4;32,7;32,5;32,5;32,7;33,1;32,8;33,2;33,4;33,6;34,2;34,6;35,7;36;36,1;37;37,7;38,3;38,3;36;31;26,6;24,8;24,8;26,5;30,8;35,7;38,9;40;39,3;38;37,2;36,9;36,1;35,4;34,9;34,2;33,8;33,5;33,2;33,4;32,9;33;32,6;31,8;32,1;32,2;32,1;31,5;32,1;31,3;31,5;31,7;31,8;31,6;31,2;31,2;30,9;31,1;31,5;31,1;31,3;31,5;30,9;31,4;30,9;31;30,8;31,5;31,8;31,5;31,7;31,7;31,6;31,3;31,5;31,5;32,1;32;32,4;32,5;32,6;32,7;32,8;33,1;33,5;33,9;33,8;34;34,9;35,6;35,8;36,2;37,1;38,1;39;39,5;40,5;41,4;41,3;40;38,2;36,8;35,9;34,5;32,6;29,9;27,5;26,2;25,7;26,2;30;33,7;36,4;36,4;36,5;36,5;35,7;35,3;35,4;35,1;34,9;34,7;34,6;34,5;34,1;33,3;33,6;33,9;34;33,3;33,2;33,4;33,2;33,2;33,5;33,2;33,1;33;32,6;33,2;33;32,6;33;32,8;33;33;32,9;32,7;32,7;32,8;32,9;32,9;32,7;32,8;32,5;32,6;33;33,2;33;32,6;32,9;32,9;32,8;32,8;33,1;32,9;32,8;32,8;32,8;32,5;32,4;32,2;32,6;32,5;32,1;32,4;32,1;31,7;31,5;31,3;31,1;30,7;30,5;30,4;30,3;30,1;30;30,1;29,5;28,7;27,7;26,7;26,1;25,4;25,4;25,2;24,6;23,6;22,5;20,9;20,5;20,5;20,5;20,2;20,2;20,7;20,4;20;20,5;20,7;20,4;20,5;20,1;20,4;20,1;19,6;20,2;20,7;20,8;20,6;20,1;20,4;20;20,4;20,6;20,4;20,7;20,7;20,1;20,4;20,6;20;20,2;20,6;20,2;20,4;20,4;19,9;19,5;19,8;20,7;20,7;20,4;20;19,9;20,4;20,2;20,2;20,4;20,4;20,4;20,2;20,4;20,5;20,4;20,4;20,7;20,6;20,4;20,1;20;19,9;20,1;20;20,1;20,4;20,5;19,9;20;20,1;20,4;20,4;20;20,4;20;20;19,9;20,5;20;20,1;20,1;20,2;20,4;20,1;20,2;19,8;20,1;19,9;19,9;20,1;19,8;18,7;19,9;19,8;20,1;20;19,8;19,5;19,5;19,6;20,1;20,2;20,5;19,6;19,3;19,4;20,1;20,1;20,1;20;20;20,1;20,1;20;20,2;20,4;20,2;20;19,4;19,8;19,5;19;19,6;19,8;19,6;19,9;20,1;20;19,9;20,2;20;20,4;20,4;20,5;20;20,1;20;20,4;20,1;19,8;19,6;19,8;19,8;19,9;19,9;20,2;20,2;19,8;20,1;20,4;20,2;20,2;20,2;20,1;19,6;20,1;20,5;19,5;20;19,6;19,8;20,8;20;19,3;19,6;19,8;20,1;20,1;20,4;20,2;19,9;20;20;19,8;20,1;20,121,5;21,5;21,5;21,4;21,4;21,4;21,2;21,4;21,8;21,8;21,4;21,4;21,6;21,6;21,2;21,4;21,6;21,2;21,9;21,5;21,5;21,8;21,4;21,6;22;22,3;22,2;21,9;21,5;21,1;21,5;21,9;22;21,8;21,4;21,1;21,2;21,5;22;21,1;21,1;21,5;21,9;21,2;21,5;21,5;20,9;21,6;21,4;21,8;21,8;21,9;22,1;22,2;21,9;21,8;21,9;21,6;21,4;21,8;21,9;21,5;21,9;21,9;21,4;21,6;22;21,9;21,8;21,9;21,9;21,9;22;22,1;22,2;22,1;22,2;21,8;21,8;21,6;21,8;22,2;21,6;21,6;21,1;21,6;21,4;21,5;21,6;21,1;21,5;21,4;21,6;20,8;20,8;20,9;20,6;21,2;20,7;20,8;21,2;20,7;20,9;21,1;20,9;20,4;20,7;20,6;20,9;20,8;20,8;20,4;20,5;20,7;20,6;20,5;20,2;20,4;20,5;20,4;20,2;20;20,4;20,7;20,5;20,4;20,4;20,4;20,1;20,2;20,7;20,4;20,1;20;19,8;20;20,2;20,2;20,4;20,4;20,2;20,5;20,5;20,1;20,4;20;20,1;20,5;20;19,9;20,1;19,9;20,2;20,4;20,2;20,4;20;20,4;19,6;19,5;20,1;20,1;20,1;20,2;20,5;20,4;20,1;20,1;20;20;20,5;20,2;20,1;20,1;20;20,2;20,4;20,5;20,1;20,2;20,4;20,4;20,2;20,4;20,5;20,6;20,5;20,7;20,5;20,4;20,6;20,6;20,6;20,4;20,8;22,7;24,3;25,2;25,5;25,5;25,4;25,7;27,1;28,7;29,7;29,9;29,9;30,3;30,6;30,8;30,9;31,5;32,2;32,1;32,2;32,2;32,1;32;31,7;32;31,6;31,5;31,4;31,6;31,8;31,6;32;31,5;31,7;31,5;31,7;31,7;31,6;31,1;31,5;31,5;31,8;31,2;31,5;31,3;31,5;31,3;31;31,5;31;31,2;31,1;31;31,4;31,3;30,9;31,5;31,2;31,3;31,7;31,2;31,5;31,8;32;31,8;31,3;32,2;32,5;32,2;32,8;32,6;32,8;32,9;33,1;33,6;33,7;33,9;34,1;34,3;34,7;35;35,8;36,3;37;37,4;38;38,2;36,1;31,3;26,8;25,1;24,8;26,1;30,2;35,2;38,8;39,5;39;38,5;37,9;37;36,1;35,7;35;34,3;34,1;34;33,6;33,4;33;32,9;32,6;32,5;32,2;32,1;31,6;31,3;31,4;31,3;31,5;32,4;31,2;31,5;31,2;31,5;31,6;31,6;31,3;31,7;31,3;31,5;31,5;31,7;31,2;31,5;31,4;31,3;31,8;32;31,5;32,1;32,1;31,8;32;32,2;32;32,2;32,4;32,6;32,9;33;33,3;33,4;33,7;33,8;33,9;34,3;35;35,5;35,9;36,5;37,4;38,1;38,8;39,6;40,9;41,7;41,5;40;38,3;37;36,1;34,7;32,7;30;27,9;26,4;25,4;26,3;29,9;33,8;35,8;36,4;36,4;36,5;36;35,7;35,1;35;35;34,9;35,1;34,4;33,8;34,4;34;34,3;33,6;34,2;33,5;34;33,5;33,2;33,7;33,6;33,5;33,6;33,2;33,2;33,2;32,8;32,9;33;32,9;33,1;32,8;32,6;32,8;32,9;32,9;32,8;32,7;32,8;32,6;32,8;33,1;33,1;33,1;33;33,2;33,1;32,9;32,9;32,9;33;32,8;32,5;32,5;32,5;32,4;32,2;32,6;32,5;32,2;32,4;32,1;31,7;31,5;31,4;31,1;30,6;30,4;30,3;30,1;30;29,9;29,7;29,3;28,7;27,6;26,7;25,8;25,5;25,1;25;24,4;23,3;22,2;21,1;20,6;20,5;20,2;20,2;20,2;20,2;19,9;20,1;20,4;20,4;20,5;20,2;20,2;19,9;20,1;20,1;19,9;20,1;20;20,2;20,4;19,8;20;20,2;19,8;19,9;19,9;20;20,1;20,5;20,6;20,4;19,8;19,3;20,1;20,4;20;20,1;19,9;19,9;20,1;20;20,1;20;19,9;20;20,2;20;19,5;20;20,1;20,2;20,6;20,4;20;19,8;19,9;19,9;20;20,2;20,4;20;19,9;19,6;20,1;20,4;20;20;20,2;20;20,4;20,1;19,6;20,4;20;20;19,8;20,1;20,2;19,9;19,9;20,4;20,2;20,2;20,1;19,8;19,9;19,9;20,1;20,4;20,4;19,6;19,3;20;20,1;20,5;20,4;20,6;19,8;19,6;20;20,2;20,5;20,5;20,1;19,9;20,1;20,2;19,9;20,4;20,1;19,9;20;19,8;19,6;19,6;19,5;19,3;19,5;20,1;20;20;19,9;19,3;20;20,1;19,9;19,9;20,1;20,1;20,4;20,2;20,5;20,8;20,4;20;20,5;19,8;20,1;20;20,2;20,2;20;20,5;20,2;20,1;20,4;20,4;20,2;20,7;20,9;20,5;20,7;20,1;20;20,6;20,2;20;20,5;19,8;20,9;20,5;19,9;19,9;20,6;20,1;20,2;20,4;20,4;20,5;20,2;20,2;20,1;20,2;20,6;20,421,1;20,9;21,1;21,4;21,4;21,4;21,6;21,6;21,6;21,6;20,9;21,1;21,2;21,2;21,4;21,1;20,9;21,9;21,2;21,6;21,1;22;21,4;21,6;21,5;21,4;21,6;21,5;21,4;21,8;21,8;21,5;21,8;21,6;21,2;21,4;21,2;21,1;22;21,4;21,5;21,5;22,1;21,2;21,5;21,8;21,2;21,6;21,6;22,1;22,1;22,1;21,6;22,5;22,1;22;21,8;22;22;22,1;22,2;22,1;21,9;21,9;22;22,1;22,2;22,2;22,1;22,1;22,3;21,9;22,1;22,3;22,1;22,2;22,1;21,5;21,9;22;21,8;22;21,4;22;21,1;21,2;21,4;21,9;21,6;21,6;21,5;21,4;21,8;21,4;20,6;20,9;21,2;21,2;21,1;20,9;21,2;20,5;21,1;20,9;21,1;20,5;20,7;20,9;20,9;20,7;20,5;20,2;20,7;21,1;20,9;20,7;20,7;21,1;20,6;20,5;20,4;20,6;20,7;20,7;20,5;20,4;20,6;20,7;20,5;20,6;20,7;20,5;20,5;20,6;20,6;20,5;20,7;20,6;20,6;20,2;20,1;20,4;20,4;20,4;20,5;20,4;20,1;20,1;20,1;20,4;20,2;20,2;20,5;20,6;20,1;19,9;20,4;20;19,9;20,2;20,2;20,5;20,1;20,4;20,8;20,6;20,1;20,7;20,4;20,1;20,7;20,6;20,4;20,5;20,5;20,6;20,6;20,4;20,1;20;20,2;20,6;20,6;20,4;20,2;20,5;20,4;20,5;20,2;20,4;20,5;20,6;20,5;20,2;20,7;22,6;24,3;25,1;25,4;25,3;25,3;25,6;26,7;28,2;29,2;29,7;30;30,3;30,5;30,6;30,6;31,1;31,7;31,7;32;31,8;31,8;31,6;31,3;31,3;31,2;31,3;31,3;31,4;31,3;30,8;31,2;31,4;31,4;31,4;31,5;31,2;31,2;31;31,1;31;31,3;30,7;31,2;30,8;31,1;30,7;30,9;30,5;30,9;30,5;31,1;31,1;31;30,3;31,1;31;31,2;31,1;31,8;30,8;31,4;31,2;31,2;31,1;31,6;31,5;31,5;32,1;32,1;32,4;32,5;32;32,4;32,7;33,1;33,4;33,8;34;34,3;35,1;35,3;35,7;36,5;36,8;37,4;37,6;35,6;31;27,1;25,1;24,5;26,1;30,4;34,7;38,1;39,2;38,7;37,7;37,1;36,3;35,5;35,3;35;34,3;33,8;33,5;32,9;32,6;32,9;32,6;32,1;32,4;32;31,8;31,6;31,3;31,7;31,3;31,1;31,5;31,3;31,3;31,3;31,1;31,1;31,3;30,8;31,1;31;30,7;31,1;31,2;31;30,9;31,8;31,1;31,4;31,4;31,1;31,3;31,4;31,6;31,8;32,1;31,7;32;32,2;32,4;32,2;32,2;32,4;32,9;33,2;33,6;34;34,4;34,6;34,7;35,5;36,5;37,1;37,8;38,9;39,9;40,7;41,2;41,1;39,5;37,6;36,3;35,6;34,2;32;29,7;27,4;26,1;25,5;26,2;30;33,3;35,5;36,1;36,2;35,5;35,2;35,7;35,4;35,3;34,5;34,7;34,4;34,7;34;33,8;33,6;33,4;33,6;33;33,2;33,4;33,4;33,6;33,3;32,7;33;32,8;32,9;33,2;33;32,9;32,6;32,5;32,8;33;32,7;32,9;32,9;32,7;32,7;32,6;32,7;32,8;32,6;32,4;32,7;32,6;32,6;32,6;32,8;33;32,6;32,7;32,5;32,2;32;32,2;32,4;32,4;32;31,6;32;32,2;32,1;32,2;31,8;31,4;31,1;31;30,8;30,7;30,6;30,1;30;30,1;29,7;29,2;29,2;28,8;27,9;27,1;26,1;25,5;25,3;25,3;24,4;23,1;22,2;20,8;20,5;20,4;20,2;20,7;20,4;20,1;19,9;20,1;20,5;20,6;20,4;20;20,1;20,5;20,6;20,2;20,4;20,7;20,8;20,5;20,2;20;20;20,1;20,1;20;19,9;20,4;20,5;20,5;20,4;20;20,4;20,1;19,9;20,5;20,8;20,5;20,1;20,6;20,8;20,5;20,1;20,1;20,1;20,4;20,4;20,5;20,1;19,8;19,9;20;20,4;20,1;19,5;20;20,4;20;20,1;20,5;20,5;20;19,8;19,9;20,4;20,5;20,4;20,1;20,1;20,2;20,4;20,2;19,6;20,5;20,2;20,1;19,8;19,9;20,8;20;20,7;20,6;19,9;20,5;20,2;19,9;20,1;20,6;20,4;20;20,8;19,9;20,1;20;20,8;20,8;20;20,7;20,7;20,1;20,7;20,2;20,1;20,2;20,2;20,2;20,4;20,6;20,2;20,2;20,1;20,2;20,4;20,1;20,2;20,4;20,2;20;20,4;20,4;20,4;20,6;20,1;19,4;20,5;20,1;20,1;20,1;19,6;20,1;20,7;20;20,6;20,5;20,4;20;20,6;19,8;20,5;20,5;20,4;20,6;20,2;20,5;20,2;19,8;19,9;20,2;19,9;19,8;19,8;19,9;20,5;19,9;20,1;20;19,8;20,1;20,6;20,2;20,5;20,5;19,8;19,9;20,5;19,8;19,9;20,1;20,2;20;20;19,9;19,6;19,9;19,9;19,920,9;21,2;20,8;20,9;21,1;21,1;20,9;20,8;20,9;21,1;21,2;21,1;21,8;21,5;21,1;21,1;20,9;21,1;21,2;21,2;20,9;20,9;21,4;21,2;21,4;21,5;21,4;21,2;21,4;21,5;21,5;21,1;21,2;21,4;21,1;21,5;21,5;21,1;21,6;21,2;21,6;21,9;22,1;21,4;21,6;21,9;21,1;21,5;21,6;21,6;21,8;22,3;21,4;22,1;22,1;22,1;22,1;22;21,6;21,4;21,8;22,1;22;21,9;22,1;22;21,9;22;22;22,1;22,5;22;22;21,9;22,3;22,2;22,2;21,2;21,9;22,2;21,9;21,9;21,9;21,8;21,6;20,8;21,5;21,9;21,5;21,5;21,4;21,4;21,5;21,4;20,9;20,8;21,2;20,9;21,2;21,4;21,5;20,8;20,9;20,7;20,6;20,7;20,7;20,9;20,7;20,8;20,5;20,6;20,7;20,7;20,8;20,7;20,5;20,7;20,7;20,8;20,6;20,5;20,5;20,7;20,8;20,7;20,8;21,1;21,4;20,9;20,5;20,7;20,7;20,6;20,6;20,7;20,7;20,7;20,5;20,7;20,5;20,2;20,7;20,6;20,7;20,7;20,6;20,4;20,4;20,7;20,6;20,7;20,5;20,4;20,6;20,9;20,7;20,5;20,1;20,2;20,1;20,1;20,5;20,6;20,7;20,5;20,4;20,5;20,4;20,4;20,5;20,5;20,5;20,5;20,5;20,5;20,5;20,6;20,6;20,6;20,4;20,5;20,6;20,6;20,5;20,7;20,5;20,5;20,5;20,6;20,5;20,5;20,5;20,4;20,8;22,8;24,8;25,2;25,4;25,6;25,4;25,7;27,2;28,5;29,3;29,7;30;30,5;30,8;30,7;30,8;31,3;31,8;31,7;31,7;32;31,7;31,8;31,4;31,2;31,2;31,4;31,3;31,2;31,2;31;30,8;31,2;31,4;31,4;31,2;31,4;31,1;31;31;31;30,9;30,9;31,4;30,5;30,6;31,1;30,6;30,9;30,7;30,9;30,7;31,1;31,1;31,2;30,7;31,3;30,8;30,7;31,1;30,6;31,5;31,5;31,6;31,5;31,5;31,7;31,8;31,7;32,1;31,7;32,7;32,5;32,7;32,8;33,1;33,3;33,7;34;34;34,5;34,7;35,5;36,2;37,1;37,6;37,5;35,6;31;26,6;24,6;24,5;26,3;30,5;35,3;38,5;39;38,2;37,7;37,1;36,4;35,7;34,6;34,5;34,1;33,6;33,5;33,2;33,2;33,1;32,5;32,4;32,2;32,1;31,8;31,5;31,8;31,6;31,3;30,9;31,4;31;31;30,6;31;30,8;31,2;30,9;30,8;31,5;31,2;31;31,4;31,1;31,1;31,3;31,2;31,5;31,4;31,1;31,3;31,3;31,6;31,7;31,8;31,7;32,1;32,2;32,4;32,5;32,5;32,2;32,8;33,3;33,3;33,5;33,9;34,1;35,1;35,8;36;36,8;37,7;38,4;39,3;40,5;41,2;40,9;39,1;37,5;36,3;35;34;32,2;29,3;27,2;26,2;26;26,4;29,5;33,7;35,3;35,8;35,7;35,5;35,5;35,1;35;35,4;34,2;34,1;34,3;33,3;33,7;33,5;33,3;33,9;33,6;33,7;33,2;33,3;33,3;33,1;32,8;32,9;33,1;33,2;32,6;32,9;32,9;32,8;33,1;32,8;32,6;32,8;32,4;32,6;32,7;32,6;32,5;32,2;32,7;32,7;32,4;32,2;32,7;32,6;32,7;32,6;32,8;32,8;32,6;32,5;32;31,8;32,5;32,2;32,2;32,1;31,6;31,5;32,2;32,6;32,2;32,2;31,8;31,3;31;31;30,9;30,8;30,6;30;30,1;30;29,7;29,5;29,4;29;28,1;27,2;26,2;25,5;25,6;25,6;24,4;23,3;22,3;20,9;20,7;20,4;20,6;20,7;20,2;20,4;20,5;20,4;20,6;21,1;20,9;20,9;20,6;20,1;20,1;20,2;20,4;20,9;20,9;20,6;20,4;20,2;20,9;20,7;20,4;20,2;20,6;20,7;20,1;20,4;20,6;20,6;20,6;20,4;20,1;20,9;20,9;20,4;20,2;20,4;20,6;20,4;20,6;20,8;20,6;20,7;20,8;21,4;21,2;20,8;20,5;20;20;20,1;20,1;20,5;20,6;20,4;20,4;20,2;19,9;20;20,4;20,4;20,1;20,5;20,5;19,9;20,4;20;20,6;20,1;20;20,4;20,4;20,1;20;20,1;20,8;20;20,2;20,6;19,5;20,4;20,4;20,1;20,1;20,4;20,1;20,2;20,5;20,6;20,1;20;20,4;20,2;20,2;20,2;20,7;19,8;20,6;20,6;20,2;20,2;20,2;20,4;20,2;20,5;20,4;20;19,6;19,6;19,9;20,4;20,5;20,1;20;20,1;20,1;20;19,9;20,1;20,2;20;20,2;20,2;20,4;20,1;19,9;20,1;20,4;19,9;20,4;20,2;20,5;20,4;20;19,8;20,5;20,4;19,9;20;19,6;20,1;20,1;19,9;19,9;20;20,4;20,7;20;19,3;19,9;20,1;20,4;20,1;20,4;19,8;20,2;19,8;19,5;20,2;20,6;20,4;19,5;19,6;20;19,9;20;19,6;19,8;19,8;19,6;19,6;19,6;19,621,5;21,5;21,1;21,1;20,9;21,2;21,4;20,9;20,9;20,8;21,1;21,2;21,4;21,2;20,6;20,2;21,4;21,4;21,1;21,1;21,1;20,8;21,1;20,8;21,2;20,9;21,4;21,4;20,9;21,1;21,1;20,9;21,1;21,2;21,1;21,2;21,5;20,9;21,4;20,9;21,5;21,9;21,8;21,5;21,2;21,5;21,2;21,4;21,5;21,8;21,6;21,9;21,8;22,1;22,1;21,9;21,8;21,9;21,8;21,5;22;22;21,6;21,4;21,4;21,4;21,6;22,1;22;21,6;21,6;21,9;22,1;22,1;21,8;21,4;21,8;21,6;22,1;22,6;22,1;21,6;21,5;21,8;21,6;21,6;21,5;21,5;21,1;21,5;21,4;21,6;21,5;20,8;20,9;21,2;21,2;20,9;21,2;21,4;21,4;21,1;20,7;20,9;20,6;20,8;20,8;20,8;20,7;20,9;20,6;20,2;20,4;20,4;20,6;20,8;20,8;20,7;20,2;20,4;20,5;20,5;20,2;20,2;20,5;20,4;20,5;20,6;20,4;20,7;20,8;20,8;20,8;20,7;20,7;20,5;20,8;20,8;20,5;20,6;20,5;20,2;20,4;20,5;20,6;20,4;20,5;20,5;20,7;20,9;20,6;20,4;20,4;20,1;20,5;20,8;20,7;20,6;20,5;20,5;20,1;20,4;20,6;20,9;20,7;20;20,2;20,4;20,2;20,2;20,5;20,5;20,6;20,5;20,2;20,2;20,2;20,6;20,6;20,6;20,5;20,4;20,4;20,6;20,6;20,6;20,2;20,2;20,5;20,5;20,6;20,6;20,5;20,5;20,8;22,7;24,7;25,3;25,5;25,7;25,6;26;27,3;28,6;29,3;29,3;29,5;30,2;30,7;30,9;31;31,3;31,7;31,8;32;32,2;32;31,6;31,5;31,5;31;31;31;31,3;31,1;31,1;31,1;31,1;31,1;31,1;31,2;31,2;30,9;30,9;31,4;30,8;31,1;30,8;30,7;31;31;30,9;30,7;30,7;30,7;30,7;30,5;31,3;31,6;30,9;31,3;31,4;31,1;31;31,4;31;31,3;31,7;31,8;31,4;31,2;31,5;32,1;31,8;32,1;32;32;32,4;32,6;33,1;33,1;33,3;33,5;33,8;34,3;34,5;35,2;35,6;36,6;37;37,9;37,8;35,1;30,7;26,7;25,1;24,8;26,3;30,6;35,1;38,2;38,7;38;37,6;36,9;35,8;35,3;34,7;34,3;33,9;33,7;33,4;32,9;32,6;32,6;32,2;31,8;31,4;31,8;31,8;32;31,5;30,8;31,5;31,2;31,2;31,1;31,5;31,2;31;31,1;31;31,2;30,9;31,2;31,1;31,2;31,1;31;30,9;31,8;31,2;31,3;31,3;31,2;31,5;31,3;31,2;31,5;31,7;32;31,6;31,7;32,2;32,4;32,1;32,6;32,8;33;33,3;33,6;34,1;34,7;35;35,1;35,8;36,8;37,2;38;39;40,3;41,3;41;38,7;37,2;35,7;34,6;34;32,1;29,9;27,6;26,2;25,3;26,1;29,2;33,3;35,2;36,1;36,2;35,3;35;35,5;34,7;34,5;34,5;34,1;34,2;34,3;33,6;34,1;33,8;33,3;34,3;33,2;33,2;33,3;33,7;33,1;33,7;33,2;32,7;33,1;33;33;32,4;32,6;32,8;32,9;32,5;32,1;31,8;32,1;32,7;32,8;32,6;32,7;32,7;32,5;32,1;32,2;32,4;32,8;32,9;32,6;32,5;32;31,8;32,2;32,2;32,6;32,5;31,6;31,7;31,7;31,5;31,5;32,2;32,6;32,1;32,1;32;31,5;31,2;31;30,9;30,6;30,4;30,2;30,1;29,9;29,7;29,7;29,4;28,8;27,9;27,1;26,3;26;25,5;25,3;24;23,3;22,1;20,9;20,5;20,4;20,5;20,4;20,1;20,4;20,4;20,6;20,8;20,5;20,6;20,6;20,2;20,2;20,7;20,7;20,2;20,4;20,4;20;19,8;19,9;20,4;20,7;20,5;20,2;20,4;20,6;20,5;20,2;20,5;20,1;20,2;20,5;19,9;20;20,1;20,4;20,1;20,2;20,5;20,2;20,4;20,1;19,9;20,1;20,6;20,6;20;20;20,1;20,4;20,7;20,7;20,2;20,4;20,4;20;20,1;19,9;20;20,5;20,5;19,9;19,9;20,2;20,4;20,1;20,2;20,1;20,5;19,9;20;19,9;20,2;20,1;20,2;20,1;20,4;19,9;20,1;20,4;20;20,2;20,2;19,9;19,6;20,2;20,4;20,4;20,6;19,8;19,9;19,8;20,4;19,9;20;19,6;20;20,4;20;20,5;20,5;20,2;20,1;20,1;20,4;20,4;20,2;19,8;19,4;19,6;20;20;20,1;20,4;19,9;19,5;19,8;20;20,1;20,1;20,2;20,2;20,2;20;20,1;20,1;20;20,2;20,1;19,6;20,1;20,4;20,2;20,1;19,6;19,8;20,1;20,1;20;19,8;19,5;20;20,2;20,1;19,8;19,9;19,8;19,5;19,8;19,6;19,3;19,5;19,6;19,4;19,9;19,5;20,1;19,4;20,4;19,4;20,2;19,6;19,5;19,9;19,4;19,2;19,8;19,9;20;19,8;19,2;19,3;19,8;19,621,2;21,2;21,4;21,5;21,2;20,8;20,8;20,9;21,8;22,3;21,6;21,2;21,5;21,6;22;21,5;20,8;20,9;21,5;21,4;21,1;21,9;22;21,5;21,8;21,9;21,6;21,4;21,4;21,4;21,5;21,6;21,6;21,4;21,2;21,1;21,6;20,9;21,8;21,2;21,9;21,6;21,6;21,2;20,9;21,4;21,6;21,5;21,5;21,8;21,4;21,8;21,5;21,8;21,9;21,6;21,5;21,5;21,6;21,4;21,5;21,6;21,5;21,6;21,5;21,5;21,6;21,5;21,1;21,4;21,4;21,6;21,2;21,6;21,6;21,6;21,1;20,9;21,6;21,8;21,5;21,8;20,9;21,2;21,2;21,8;21,5;21,6;21,2;21,5;21,4;21,2;21,4;20,7;20,7;20,9;21,1;20,6;20,9;20,6;20,8;20,9;20,6;20,9;20,9;20,7;20,5;20,6;20,7;20,6;20,5;20,2;20,4;20,5;20,6;20,8;20,7;20,5;20,6;20,7;20,6;20,4;20,5;20,5;20,2;20,5;20,8;20,5;20,5;20,9;20,7;20,2;20,5;20,2;20,4;20,5;20,2;20,1;20,5;20,2;20,4;20,5;20,4;20,9;20,5;20,6;20,5;20,2;20,4;20,4;20,5;20,8;20,1;20,1;20,5;20,5;20,1;20,2;20;20,4;20,7;20,5;21,1;20,6;20,2;20,2;20,1;20,4;20,4;20,2;20,2;20,4;20,7;20,5;20,4;20,2;20,4;20,4;20,2;20,6;20,6;20,5;20,2;20,6;20,4;20,1;20,1;20,2;20,2;20,5;20,5;20,5;20,4;20,5;20,9;22,7;24,4;25,1;25,4;25,5;25,6;25,8;27,1;28,5;29,2;29,3;29,4;30;30,4;30,7;30,8;31,3;31,6;31,6;31,5;31,8;32;31,4;31;31,2;30,9;30,7;30,8;31,1;31,1;31,1;31,3;31,2;31,3;30,9;31;31,2;31,1;30,6;30,6;31,1;31,1;30,3;31;30,6;30,8;30,8;30,5;30,7;31,2;31;31,3;31;30,9;30,9;30,5;30,9;31;31,1;31,3;31;31;30,8;31,2;31,2;31,3;31,8;32;31,6;32,2;31,5;32,1;32,6;32,7;33;33;33,2;33,5;33,7;34,1;34,2;34,5;35,5;36,4;36,7;37,2;37,2;35,3;30,8;26,4;24,8;24,6;26,4;30,6;35;38;38,8;38;37;36,4;35,7;35,3;35,1;34,5;33,9;33,3;33;32,7;32,2;32,6;32,5;31,8;32;31,7;31,8;31,4;31,2;30,7;31,4;30,6;31,3;31,3;31,2;30,8;31,4;30,4;30,9;30,7;31,1;30,7;31;30,6;30,8;31,2;31;30,7;31,2;30,9;31,1;30,9;31,4;30,9;31,3;31,4;31,4;31,4;31,8;31,5;31,4;31,5;31,8;32,4;32,7;32,9;33,1;33,3;33,8;34,1;34,5;35;35,7;36,5;37,4;38,3;39,1;40,1;41;39,9;38,4;37,1;35,7;34,6;33,7;31,6;29,4;26,7;25,7;25,8;26;29,1;32,8;34,7;35,1;35,5;35,2;34,9;34,7;34,3;33,7;33,7;34;32,9;33;33,2;33,5;33,3;33,4;33,3;32,7;32,8;33,1;32,8;32,9;32,6;33;32,9;32,5;32,2;32,5;32,7;32,4;32,4;32;32,1;31,8;32,2;31,8;32,2;31,8;32,1;32,4;32,2;32,4;32,2;31,8;32,1;32,6;32,1;32,2;32,1;32;31,8;31,8;32,2;32,4;31,7;31,3;31,5;31,6;31,5;31,5;31,7;31,8;31,7;32,1;31,7;31,1;31,1;30,9;30,5;30,4;30,4;30,2;30;30;29,5;29,4;29,1;28,7;27,7;26,7;26,3;25,7;25,1;25,1;24,4;22,9;22,1;21,1;20,7;20,6;20,2;20;20;20,5;20,5;20,8;20,7;20,5;20,7;20,4;20;20,4;20,5;20;19,8;20,4;20,6;20,2;20,4;20,2;20,2;20,2;20,2;20,2;20,5;20,9;20,8;20,5;20,1;19,9;19,9;19,9;20,4;20,2;20,1;20,5;20,2;20;20,2;20,2;20,1;20;20,2;20,5;20,7;20,4;19,9;20;20,1;20,1;20,2;20,2;20,1;20;20;20;19,8;20,1;20,5;20,1;19,9;20;20,1;20,2;20,1;19,9;19,6;20,1;20;20,1;19,8;19,9;19,9;19,9;20,1;19,9;20;19,5;20,2;19,6;20,1;20,5;19,6;20;19,8;19,8;20,4;20,1;20;19,5;19,4;19,2;20;19,8;19,9;19,6;19,5;20,1;19,4;19,2;19,9;20,1;20;20,1;20,1;20;19,9;19,6;20;20,1;19,8;19,9;19,8;19,6;19,6;19,9;20;20,2;20,2;20;20,1;20;20,2;20;19,8;20,1;19,4;19,8;20,1;20,1;20,4;20;19,8;19,8;19,8;20;20;20,5;20,1;19,6;19,8;20,1;20,2;20,1;20;20,1;20,2;20,5;20,5;19,9;19,8;19,6;19,5;20,1;19,9;19,9;20,5;20;19,5;19,8;20,1;19,5;20,1;20,1;20,1;19,9;19,5;19,8;20,1;20,1;20,2;20,2;19,8;19,620,9;21,1;21,2;21,1;21,2;21,4;20,9;20,8;21,2;21,6;20,9;20,9;21,4;21,4;21,6;21,4;21,2;21,8;20,8;20,9;21,5;21,1;20,8;21,1;20,9;21,1;21,4;21,2;21,2;21,2;21,1;21,5;21,6;21,2;21,1;21,4;21,8;21,2;21,9;21,4;21,8;21,6;21,9;21,2;21,4;21,5;21,9;22,1;21,8;21,8;21,9;21,6;21,9;22;21,9;21,8;22;21,8;21,6;21,6;21,8;22;22;21,8;21,9;22,2;21,9;21,8;22;22,3;22;22,1;22,1;22;22,1;21,9;21,8;21,8;22,1;22,1;21,9;21,9;20,9;21,4;21,1;21,9;21,4;21,6;21,4;21,8;21,5;21,2;21,5;20,8;21,1;21,1;20,8;20,8;20,9;20,8;20,9;20,6;20,6;20,9;20,8;20,5;20,5;20,4;20,4;20,1;20,5;20,6;20,5;20,5;20,4;20,4;20,2;20,6;20,6;20,4;20,5;20,5;20,5;20,6;20,7;20,2;20,1;20,4;20,4;20;20,4;20,6;20,5;20,2;20,5;20,6;20,6;20,5;20,1;20,2;20,2;20,1;19,9;20,1;20,1;19,9;19,9;19,9;19,8;20;20,6;20,5;20;19,8;20;20,2;20;20,1;19,6;19,6;20,1;19,8;20,1;20,5;20;20,1;20;20,5;20,1;20,2;20,2;19,8;20,2;20,4;20,1;20,1;20,2;20,1;20;20,1;20,4;20,4;20,2;20,5;20,5;20,2;20,4;20,4;20,2;20,5;20,4;20,2;20,1;20,1;20,7;22,6;24,4;24,8;25,1;25,5;25,7;25,8;27,2;28,6;29,4;29,9;29,7;30;30,4;30,7;31,1;31,3;31,7;31,7;31,8;31,7;31,7;31,6;31,3;31;31,1;30,8;31;31,5;31,5;31;31,2;31,2;31,1;31,1;31;31,2;31,2;30,9;31,3;30,8;30,9;30,7;30,9;30,7;31,2;30,7;31;30,5;30,6;30,8;30,8;30,1;30,5;31;31,1;31;30,9;30,7;31;30,8;30,9;30,8;31,6;31;31,5;31,3;31,1;31,5;31,6;32,1;32,2;31,8;32,5;32,8;32,8;32,9;33,2;33,6;34;34,5;35,1;35,3;35,7;36,6;37,6;37,4;35;30,6;26,7;25,1;24,8;26,3;30,4;35,3;38,4;38,9;38,1;37,1;36,4;36;35,5;34,9;34,2;33,7;33,2;32,7;32,8;32,6;32,6;32,6;32,1;31,5;31,3;31,6;31,5;31,8;31;30,9;31;31,7;31;30,9;31,4;30,8;30,5;31,1;30,5;30,5;30,7;30,9;30,8;30,5;30,8;30,7;30,7;30,6;30,7;31,1;31,1;31,1;31,1;30,8;31;31,3;31,4;31,7;32,2;31,6;31,8;32,1;32,2;32,4;32,8;33,1;33,3;33,4;33,7;34,2;34,6;35,5;36,5;37,1;37,9;38,8;39,5;41;40,6;38,8;37;35,7;34,7;33,5;31,6;29,2;27,8;26,3;25,7;26,2;28,9;33,2;35,2;34,3;35,3;35;34,5;34,5;34,3;33,9;34;34,2;33,8;33,5;33,4;32,6;32,7;33,8;33,4;33,4;33,3;32,6;32,6;32,4;32,5;32,5;32,7;32,5;32,5;32,4;32,5;32,2;32;31,6;32;32;32,1;31,5;32;31,8;31,8;31,6;32;32,1;31,7;31,8;31,8;32,2;32,1;32,1;31,8;32;31,7;31,8;31,7;31,5;31,6;31,2;31,3;31,2;31,1;31,3;31,7;31,8;32;31,8;31,4;31,1;31;30,7;30,2;30,3;30,2;29,7;29,7;29,5;29,1;29;28,9;28,5;27,6;26,7;26,1;25,5;25,3;25,1;24,3;22,9;22;20,7;20,6;20,2;20,2;19,8;20,1;20,2;20;20;20;20;20,1;20,1;20,1;20,5;20,1;19,6;19,8;20;20;20,5;20,7;20,4;20,1;20,2;19,9;19,6;19,9;20,4;20,2;19,8;19,5;19,9;19,9;20;20;20,2;20,2;19,6;19,8;20,4;20,1;20,1;20;19,9;19,9;20,4;20,4;19,9;19,8;19,6;20;19,9;19,6;20,5;20,6;19,9;19,8;20,1;20,2;20,1;19,8;19,5;20;20;19,9;20;20,2;20,2;20,1;20,4;20,1;20,4;19,9;19,9;19,9;19,9;20,1;20;20,2;19,3;20,4;19,5;20,1;20,1;19,8;20,2;20;19,8;19,9;20;20,1;19,5;19,8;19,9;20,2;19,8;20,9;20,7;20,7;20;20,5;20,5;20,4;20,4;20,5;20,2;20,1;20,5;19,8;19,9;19,5;20;20,4;19,9;20,4;20,6;20,5;20,5;20,4;20,5;20,4;20,4;20,2;20,4;20,6;20,1;19,4;19,8;20,1;19,9;20,4;20,4;20,6;20;19,6;19,9;19,9;20,4;20,2;20,4;20;19,9;20,1;19,8;19,8;20,5;20,5;20,2;20;20;19,8;19,8;19,8;19,3;20;20,1;19,6;19,6;20;19,2;19,9;19,8;19,6;19,8;20,2;20,4;19,9;19,9;19,9;19,9;20;19,5;19,3;19,5;19,4;19,520,9;21,1;20,8;21,1;20,8;20,4;20,8;21,1;21,5;21,1;21,2;20,6;21,8;20,8;20,6;21,1;20,7;21,2;21,4;21,1;21,1;21,2;21,2;21,1;21,1;21,4;21,6;21,5;21,6;21,5;20,9;21,1;21,1;21,2;21,4;21,4;21,6;20,9;21,5;20,9;21,2;21,5;21,6;21,2;21,1;21,4;21,5;21,5;21,5;21,6;21,9;21,9;21,9;22;21,9;21,5;21,4;21,8;22;21,6;21,6;22;22;21,8;21,5;21,5;21,6;21,8;22;21,8;21,6;21,4;21,8;21,8;21,6;22;21,9;22;21,4;22,2;21,9;21,8;21,2;21,4;20,8;21,6;21,2;21,2;21,5;21,4;21,6;21,2;21,5;20,7;21,2;21,4;20,7;20,9;21,4;20,9;20,9;20,4;20,5;20,9;20,9;20,7;20,9;21,1;20,7;20,6;20,7;20,8;20,5;20,5;20,7;20,8;20,7;20,8;21,1;20,5;20,2;20,2;20,4;20,7;21,1;20,9;20,5;20,6;20,6;20,8;20,8;20,5;20,4;20,5;20,4;20,4;20,4;20,2;20,6;20,7;20,6;20,7;20,5;20,4;20,4;20,5;20,1;20,5;20,7;20,6;20,4;20,4;20;19,9;20,1;20,6;20,8;20,5;20;20,5;20,6;20,2;20,2;20,5;20,4;20,4;20;20,4;20,5;20,4;20,4;20,1;20,1;20,4;20,2;20,1;20,6;20,5;20,5;20,2;20,6;20,6;20,2;20,6;20,4;20,4;20,4;20,4;20,5;20,2;20,2;20,4;20,4;20,1;20,8;22,7;24,4;24,7;25,1;25,5;25,8;26;27,2;28,6;29,3;29,5;29,5;30;30,3;30,5;30,8;30,9;31,5;31,6;31,8;31,6;31,7;31,7;31,4;31,1;31;30,9;31;31,1;31,1;30,9;31;31;31,1;30,7;30,7;31,1;30,5;30,7;31,3;30,8;30,8;30,9;30,9;30,7;30,7;30,5;30,6;30,4;30,8;30,5;30,7;30,9;30,5;30,7;30,6;30,9;31,2;30;31;30,9;31,2;30,5;31,1;30,9;31,1;31,5;31,6;31,3;31,5;31,5;32,1;31,7;32,2;32,4;32,5;33;33,5;33,7;33,8;34,3;35,1;35,4;35,7;36,3;37,4;37,1;35,3;30,5;26,1;25;25,2;26,3;30,4;34,7;37,9;38,9;38,3;37,2;36,6;35,9;35,1;34,6;34,2;33,6;33,1;32,8;32,4;32,6;32,6;32,1;31,8;31,4;31,2;31,3;31,6;30,8;30,9;31,1;30,8;30,8;30,6;30,6;30,7;30,4;30,7;30,8;30,3;30,7;30,9;30,8;30,7;30,6;30,4;30,4;31,1;31;30,8;30,9;31;31,1;30,7;30,9;31,6;31,3;31,8;31,5;31,3;31,3;31,7;32;32,1;32,1;32,5;32,7;32,9;33,1;33,6;34,4;35,2;35,3;35,9;37;37,8;38,7;39,9;41,2;40,3;38,5;37,4;35,7;34,3;33,5;31,4;28,7;27,6;26,2;25,1;26;28,5;33,5;34,9;34,9;35,2;35;34,4;34,2;34,2;33,4;33,9;33,3;34,1;34;33,5;33,4;33,1;33,6;33;32,7;32,7;32,5;32,5;32;32,7;31,6;32,6;32;31,5;31,5;31,8;32,2;32;32,4;31,8;31,7;31,8;32;31,4;31,7;31,6;31,6;31,8;32;31,8;31,8;31,7;32,1;32;32;31,8;31,8;31,7;31,6;31,5;32;31,8;31,3;31,4;31,2;31,2;31,5;31,8;32;31,7;31,5;31,3;31,2;31;30,7;30,3;30,3;30,2;29,9;29,5;29,3;29;29;29;28,4;27,7;26,8;26;25,7;25,7;25,2;24,5;23,3;22,3;20,9;20,7;20,1;20,2;20,4;20,6;20,1;20;20,1;20,5;20,2;20,1;20,1;20;20;20,1;20,2;20;20,1;20,6;20,2;20,2;20;20;20,4;20;20,1;20,5;20,9;20,6;20,2;20,4;20,4;20,4;20,4;20,1;20,6;20,7;20,6;20,5;20,4;20,1;20,4;20,4;19,9;19,9;20,7;21,1;20,7;20,2;20,6;20,2;20,2;20,7;20,5;20,2;20,2;20,2;19,6;19,9;20,5;20,5;20,4;20,2;20,1;20,2;20,1;20,2;20,5;20,4;20,5;20,5;20,2;19,9;19,6;20,2;20;20,2;20,5;20,5;19,2;20,5;19,9;19,9;20,2;20,4;20,4;20,1;20,1;20;20,1;20,2;19,9;19,9;19,5;20,5;19,6;20,7;20,1;20,1;20,2;20,6;20;20,2;19,8;19,6;20,4;20,9;20,5;20,2;19,8;19,9;19,9;19,9;20;19,8;20;19,9;19,5;19,3;19,6;20,2;19,9;20,1;20;19,9;20;19,9;19,9;19,9;19,8;20;19,6;20,1;20,4;19,9;20,1;19,9;20,1;20,2;20;20;19,9;19,9;19,8;20,1;20;19,6;19,6;19,8;19,6;19,9;20,2;20,1;19,5;19,8;19,5;19,3;19,3;20;19,3;19,8;19,3;19,8;19,8;19,5;19,6;19,2;20,2;19,8;19,5;19,8;19,5;19,2;19,2;19,6;19,821,5;21,6;21,2;21,2;21,4;21,1;21,2;21,2;21,8;21,8;21,4;21,1;21,2;21,1;20,8;20,9;21,1;20,6;21,2;21,4;21,4;21,2;21,2;21,4;21,8;21,5;21,5;21,8;21,5;21,5;21,1;21,4;21,4;21,4;21,5;20,9;21,8;20,9;21,4;21,1;21,1;21,5;21,5;21,5;20,8;21,5;21,2;21,5;21,1;21,4;21,4;21,8;21,8;21,5;21,4;21,8;21,8;21,8;21,9;21,9;21,5;21,4;21,8;21,8;21,4;21,8;22,1;21,9;21,5;21,5;21,4;21,8;21,5;21,9;21,8;21,6;21,4;20,8;21,9;21,6;21,5;21,6;21,4;21,4;21,4;21,2;21,2;21,1;21,4;20,9;21,1;21,1;21,2;20,4;20,6;21,1;20,7;20,6;20,8;20,6;20,7;20,6;20,6;20,6;20,6;20,5;20,7;20,5;20,4;20,5;20,6;20,6;20,5;20,6;20,5;20,5;20,5;20,6;20,5;20;20,4;20,6;20,5;20,6;20,4;20,2;20,1;20,5;20,8;20,5;20,4;20,5;20,4;20,4;20,6;20,7;20,5;20;20,2;20,5;20,1;20;20,5;20,2;20,2;20,2;20,5;20,4;20,5;20,6;20,2;20,5;20,1;19,9;19,9;20,7;20,6;20,2;20,1;20,4;20,5;20,4;20,6;20;20;20,5;20,2;20,1;20,5;20,5;20,5;20,4;20,2;20,5;20,2;20;20,4;20,5;20,5;20,2;20,2;20,4;20,2;20,5;20,5;20,5;20,4;20,4;20,5;20,2;20,4;20,4;20,5;20,4;20,8;22,6;24,3;25,1;25,1;25,3;25,7;25,8;27,2;28,5;29,2;29,4;29,7;30,3;30,5;30,5;30,9;31,1;31,6;31,8;32;32;31,7;31,7;31,6;31,3;31,2;31,1;31;31,3;31,5;31,2;31,3;31,1;31,1;30,9;31,4;31,5;31,3;31,2;31,1;30,8;31,1;30,6;30,9;30,8;30,8;31;30,9;30,7;30,6;31,1;31,1;31,3;31;30,5;31,2;31,5;31,1;31,1;31,6;31,1;31,1;31,6;31,2;31,2;31,2;31,7;31,8;32;31,8;31,3;31,8;32,4;32,8;32,9;33;33,1;33,6;33,9;34,2;35,1;35,3;35,7;36;36,7;37,6;37,8;35,4;30,7;26,1;24,5;24,5;25,8;30,1;35,1;38,4;39;38,3;37,7;36,7;35,7;35,4;35,4;35;34;33,6;33,3;32,9;32,5;32,2;32,2;31,7;31,6;31,6;31,7;31,5;31,3;31,7;31,2;31,3;31,2;30,9;30,8;30,9;30,7;30,9;31;30,8;31;31,2;30,5;31;31;31,1;31,4;31,2;31,2;31;31,3;31,4;31,7;31,4;31,6;31,3;31,2;31,8;31,5;31,4;31,6;32;32,2;32,7;33;33,2;33,5;33,7;34;34,4;34,7;35,4;36,2;36,6;37,4;38,4;38,9;40,2;41,3;40,3;38,5;37,2;35,9;34,4;33,5;31,2;29,1;27,6;26,1;25,5;26,4;29,1;32,7;35,3;35,2;35,6;35,2;34,7;34,6;34,5;33,8;34;34;33,6;34;33,7;33,3;33,5;33,7;33,1;33,3;32,5;32,5;33;32,9;32,8;32,4;33;32,5;32,6;32,6;32,5;32,7;32,4;32,2;32,5;32,2;32,5;32,5;32,2;31,8;32,1;32;32;31,6;32;32,1;32,2;32,4;32,4;32,2;32,1;32,1;32;32,2;32,2;32;31,6;31,4;32;31,7;31,6;32,1;32,1;32;32;31,7;31,6;31,2;31,1;30,8;30,3;30,4;30,4;30,2;30;29,5;29,3;29,2;29,1;28,4;27,7;26,7;25,7;25,7;25,4;25,1;24,4;23,4;22,2;21,1;20,7;20,5;20,5;20,4;20,2;20,1;20,1;20,2;20,1;20;20,2;19,9;20,2;20;20,5;19,9;20;20,2;20;19,6;20,2;20,4;20,1;20,6;20,2;20;19,9;19,9;20,6;20,6;20,1;20,1;20;20,1;20,5;20,4;20,6;20,5;19,9;19,8;20,1;20;20;19,8;19,9;20,2;20,5;20,8;20,4;20,1;20;20,2;20,4;20,4;19,6;19,3;19,8;20,1;20,1;20,7;20,5;20;20,2;20,1;20,1;20,2;20,2;20,2;20,1;20;20,2;20;19,8;20,1;20,4;20;20;20,4;20,2;19,8;20,4;20,2;19,6;20;19,8;20,1;20;20,4;20,1;19,9;20,2;19,6;20;19,9;20,1;19,6;20,1;19,8;20,2;19,5;19,8;19,9;20,1;20;20,2;20,1;20,5;19,9;19,6;19,6;19,6;19,9;20;19,5;19,9;19,9;19,4;19,6;19,8;20;20,2;20,1;19,9;19,3;19;19,6;20;19,6;19,9;19,6;19,5;19,8;19,6;20,2;20,4;20;20;19,6;20,4;20,4;19,9;19,9;19,9;20,2;20;20;19,9;20;20,1;20;20;20;20,2;20,2;20;19,9;20,1;20,1;20,5;19,9;19,4;19,8;19,9;20,1;20,5;19,6;19,8;20,1;20;19,6;20;19,9;20;20,1;20;19,821,8;21,2;20,9;21,1;21,6;21,9;21,4;20,9;21,1;21,2;21,4;21,6;20,9;21,6;21,1;21,9;21,1;21,2;21,1;21,5;21,5;21,5;21,5;21,5;21,4;21,8;21,6;21,5;21,5;21,5;21,6;21,4;21,5;21,8;21,2;20,9;21,9;21,1;21,9;21,8;21,2;21,8;21,8;21,6;21,5;21,6;21,2;22,2;21,6;21,4;21,5;21,5;21,4;22;21,9;21,6;22;22,1;21,9;21,4;21,1;21,2;21,8;21,8;21,6;21,9;22,2;21,8;21,4;21,4;21,4;22;22,3;22,3;21,8;21,9;20,9;20,8;22,1;21,9;21,2;21,2;21,4;21,2;21,4;21,6;21,2;21,1;21,4;20,9;20,8;21,1;20,9;20,6;20,7;20,8;20,7;20,7;20,4;20,8;20,9;20,7;20,8;20,5;20,5;20,4;20,5;20,2;20;20,2;20,7;20,6;20,2;20,2;20,5;20,5;20,2;20,6;20,6;20,2;20,6;20,6;20,7;20,7;20,4;20,4;20;20,2;20;20,2;20,2;20,4;20,1;20;19,9;20;20,1;20;19,9;19,6;20,2;19,9;20,1;20,4;20,4;20,1;20,2;20,2;20,2;20;19,8;20,5;20,4;19,9;20;20,5;20,2;20,4;20,2;20,1;20,1;20,1;20,4;20,2;20;20;20;20;20,4;20,4;20,2;20,2;20,1;20;19,9;20,1;20,2;20,2;20;20,1;20,4;20,2;20,4;20,1;20,1;20,4;20,1;20;20,4;20,4;20,2;20,4;20,2;20,4;20,6;22,2;24,3;25,2;25,2;25,3;25,2;25,5;27,1;28,6;29,1;29,3;29,7;30,1;30,5;30,8;31;31,3;31,5;31,8;32;32;32;31,7;31,3;31;31,1;31,3;31,5;31,5;31,2;31;31,2;31,6;31,6;31,2;31,1;31,1;31;30,6;30,8;30,8;31;31,5;30,9;30,7;31;30,9;30,9;31;31;30,7;30,7;31,1;30,6;31;31,3;31,6;31;31,3;30,8;31,1;31,6;30,7;31,3;31,3;30,9;31,4;31,1;31,7;32,2;32,6;31,7;31,7;32;32,6;32,7;32,8;33;33,4;34;34,6;35,3;35,5;36;36,7;37,6;37,6;35,3;30,7;26,4;24,7;24,5;25,7;30,2;35,5;38,5;39;38,1;37,4;36,6;36,1;35,6;35,2;34,4;33,4;33;32,9;32,9;32,8;32;32,1;32;31,6;31,6;31,4;31,5;31,3;32;31,3;30,7;31,2;30,8;31,1;30,6;30,9;30,9;31,1;30,7;30,7;30,7;30,3;30,7;31,2;31,1;31;31;30,8;30,9;31,3;31,1;31;31,1;31,2;31;31,1;31,7;32,4;32,6;32,1;32,5;32,5;32,4;32,1;32,7;33,1;33,4;33,7;33,9;34,5;35,3;35,9;36,6;37,1;38,3;39;40,5;41,3;40,5;38,8;37,1;35,5;34,3;33,3;31,7;28,9;27,1;25,5;25,5;25,5;29,9;33;34,7;35,2;35,5;35,4;35;34,9;34,5;34,7;33,7;34,3;33,9;33,9;33,4;33,1;33;33,3;33,2;33,1;33,2;33,1;33,6;32,4;32,5;33,2;32,8;32,7;32;32;32;32,2;31,8;31,8;31,8;32,4;32,6;31,8;32,2;32,1;31,6;31,6;32,2;32,6;32,5;32;32;32,1;32,2;32;31,8;32;32;32,2;32,4;31,8;31,8;31,7;31,6;31,5;31,5;31,7;32;31,6;31,8;32;31,5;31,1;30,9;30,5;30,2;30,2;30;30;29,9;29,5;29,2;28,9;28,7;28,4;27,4;26,3;25,5;25,4;25,1;24,8;23,9;23;21,8;21,1;20,6;20,4;20,1;20,1;20;20,5;20,1;19,8;20;20,1;20,1;20;19,9;19,6;20,2;20,1;20;20,4;20,6;19,8;20;19,6;19,4;20,4;20,5;19,9;20,2;20,5;20,7;20,6;20,2;19,6;20;19,9;20;19,8;19,9;19,5;19,4;19,3;19,8;20;20,1;20,2;20;20,5;20,4;20,4;20,5;20;19,6;19,9;20,1;20,2;20;19,6;19,8;19,9;19,8;20;20,4;20,4;19,9;19,8;20,1;20;19,9;19,9;19,9;19,8;20,1;20,1;19,9;20,1;19,9;19,6;19,8;20;20,4;20;20,1;20,2;19,5;20,2;19,8;19,9;20;19,9;20,4;19,8;20;20;20,4;20;20,8;20,1;20;19,5;20,2;20,4;20,2;20,1;19,5;20,1;20,2;20;20,2;19,8;19,9;19,9;19,5;19,3;20;19,9;20,4;20,5;20,4;20,1;20;20,1;20,1;20,1;19,8;19,9;20,2;20,1;20;19,6;20,4;19,9;19,8;20;19,8;20,6;20,1;19,9;20;19,5;20,6;20,6;20,1;20,1;20;20,6;20,2;20,4;20;20,2;20,2;20;19,9;19,8;20,2;20,5;20,2;20,1;20,4;19,9;20,5;19,5;20,4;19,9;20,1;19,8;19,9;19,5;19,8;20,5;20,4;20,2;20,5;20,1;19,9;20;20;2021,6;21,4;21,1;21,4;21,6;21,6;21,2;21,2;21,6;21,8;21,5;21,6;20,8;21,4;21,1;21,2;21,5;21,1;21,6;21,2;21,4;21,6;21,4;21,4;21,4;21,6;21,6;21,5;21,6;21,6;21,9;21,8;21,6;21,9;21,4;20,9;21,8;21,2;22,2;21,6;20,9;21,9;21,9;21,6;21,8;21,6;21,4;22;22;21,9;21,5;21,9;21,8;22;22,2;21,9;21,9;21,9;21,9;22;22;21,6;21,9;22,3;22;21,9;21,6;22,1;21,6;22,1;22,2;22;21,5;21,9;22,2;21,2;21,8;20,9;22,3;21,6;21,5;21,8;20,9;21,5;21,4;20,9;21,2;21,1;21,2;21,2;21,2;21,4;21,2;21,4;21,2;20,6;20,6;20,8;20,5;20,9;21,4;20,7;20,4;20,5;20,2;20,2;20,4;20,6;20,5;20,4;20,6;20,8;20,4;20,5;20,6;20,7;20,7;20,5;20,7;20,6;20,7;20,6;20,6;20,5;20,5;20,4;20,1;20,1;20,2;20,6;20,4;20,1;20,4;20,5;20;20,2;20,2;19,9;20,2;19,9;19,9;20,2;20,2;20,4;19,9;19,9;20,5;20,4;20,6;20,4;20,4;20,2;20,2;20,5;20,5;20,2;20;20,2;19,9;20;20,2;20,2;20,1;20,2;20,4;20,5;20,1;20,2;20,2;19,9;20,5;20,4;20,2;20;19,8;20,1;20;20,2;20;20,4;20,6;20,4;20,5;20,5;20;20,1;19,9;20,2;20,5;20,2;20;20,5;20,5;20,4;20,7;22,6;24,6;25;25,2;25,4;25,2;25,4;26,7;28,4;28,9;29,3;29,9;29,7;30;30,5;30,9;31,2;31,4;31,6;31,7;32;32;31,8;31,3;31,3;31,4;31,1;31,1;31,1;31,2;31,1;31,2;31,5;31,6;31;30,8;31,1;31;31;31,4;31,2;31,1;30,8;31;30,6;30,8;30,7;31;30,5;30,8;30,1;30,4;30,7;30,6;31;30,4;30,8;31,2;31;31,1;31,1;31,4;31;31,5;31,2;31,3;31,3;31,2;31,7;32,1;32,4;31,8;32,2;32;32,8;32,7;33,2;33,5;33,6;34;34,6;34,7;35,5;36,4;36,7;37,7;37,5;35,1;30,4;26,3;24,5;24,4;26,1;30,3;34,9;38,4;39;38;37,1;36,7;36,3;35,2;34,9;34,2;33,8;33,2;33,1;32,9;32,8;32,1;32;31,6;31,4;31,3;31,2;30,9;31,6;31,4;31,2;30,8;31,2;31;30,9;30,5;30,4;30,6;31,1;30,6;30,8;30,9;30,7;31;31,3;30,9;30,7;30,9;30,9;31,1;31;30,6;30,8;31,1;31,4;30,9;31,1;31,3;31,6;31,7;31,7;31,5;31,8;32,2;32,4;32,5;32,8;33,2;33,4;34,1;34,3;34,7;35,8;36,3;37,2;38,2;38,9;40,2;41,2;40,1;38,4;36,5;35,5;34;33,2;31,3;28,9;26,8;25,6;25,2;26,2;29,4;33,4;34,7;35,1;35,4;34,9;34,6;34,3;34,3;34,2;34,2;33,9;33,9;34;33,6;33,3;33,4;33,2;33,3;33,2;32,5;32,4;32,8;32,6;32,5;32,2;32,9;32,6;32,5;32;32,4;31,6;32,2;32;32,2;32;32,4;32,1;32,2;32;32,4;32,6;32;32;31,7;32;32,4;32,2;31,7;31,8;31,8;32;31,8;32;32;32,1;31,8;31,4;31,3;31,1;31,3;31,7;32,2;31,8;31,8;31,8;31,2;30,7;30,8;30,5;30,2;30,1;29,9;29,7;29,3;29,3;29,3;29;28,8;28,5;27,6;26,6;25,7;25,6;25,5;25,2;24,3;23;22;20,9;20,8;20,5;20,2;20;19,9;20,4;19,6;19,6;20,1;20,7;19,9;19,8;19,9;20;19,9;20;20,1;20,8;20,2;19,6;20;20;19,4;19,9;20,1;20,4;20;20,5;20;19,9;20,4;19,9;19,5;19,9;19,8;20,5;20,4;20,2;20,1;20;20,4;20,2;20;19,8;20,1;20,2;20,4;20,4;20;19,9;20;20;20,1;20,5;20,1;20;20,1;19,6;19,6;20,1;20,1;20;20,1;20,1;19,9;20;20,1;19,8;19,8;20;20,5;20,6;19,9;19,6;19,9;20;20,1;20,2;20,5;20;20;20,2;19,6;20,6;20,2;19,9;20,2;20;20,5;20;19,8;20,4;20,4;19,8;19,9;19,9;20,4;19,8;20,2;20,5;20,8;20,1;21,2;20,7;20,1;20,1;20,4;20,4;20,4;19,9;20;20,2;20,1;19,8;20,1;20,6;20,6;20,1;19,9;20,1;20,8;20,7;20,1;20,2;20,1;20,1;20,2;20,2;19,9;19,9;20;20,4;20;20;19,8;20,4;20;19,6;20,7;20,4;20,1;20,4;19,5;20,8;20,5;20,1;19,9;20;19,9;19,8;20,1;20,2;19,9;19,9;20,4;20,5;20,6;20,5;20,5;19;20;20;20,1;20;19,9;19,8;20,5;19,6;19,6;19,6;19,6;20;20,2;19,8;19,8;20,121,6;21,5;21,2;21,1;21,4;21,9;21,4;21,2;21,4;21,8;21,2;21,4;21,6;22;21,4;21,2;21,4;21,5;21,1;20,7;21,2;21,4;21,1;21,1;21,1;21,4;21,6;21,6;21,6;21,6;21,8;21,6;21,6;21,4;21,2;20,9;21,8;21,6;22,2;21,5;21,1;21,8;22,3;21,6;21,5;22;21,8;22;21,9;22,2;22,3;22,2;22,2;22;21,8;21,6;22;22,3;22,1;21,6;21,5;21,4;21,8;21,8;21,6;22;22;21,9;21,9;21,9;21,9;22,2;21,1;21,6;22,1;21,8;21,4;21,4;22;22,1;21,2;21,2;21,6;21,5;21,4;20,9;20,9;20,9;20,9;21,5;21,2;21,5;21,4;21,1;20,9;20,5;20,9;20,8;20,8;20,8;21,2;20,7;20,2;20,5;20,6;20,7;20,5;20,8;20,5;20,4;20,5;20,5;20,4;20,6;20,8;20,5;20,2;20,4;20,6;20,6;20,6;20,6;20,7;20,7;20,6;20,6;20,5;20,7;20,9;20,8;20,5;20,5;20,4;20,2;20,6;20,6;20,4;20,4;20,4;20,1;20,5;20,1;20,5;20,8;20,7;20,1;20,5;20,4;20,2;20,6;20,1;20,6;20,5;20,8;20,4;20,2;20,7;20,6;20,6;20,5;20,4;20,5;20,5;20,4;20,5;20,5;20,2;20,5;20,8;20,2;20,4;20,2;20,2;20,2;20,2;20,5;20,4;20;20;20,6;20,7;20,6;20,4;20,6;20,1;20,2;20,2;20,4;20,5;20,4;20,2;20,6;20,7;20,4;20,8;22,8;24,5;25;25,6;25,6;25,4;25,6;26,6;28,4;29,1;29,5;29,7;29,9;30,4;30,8;31,1;30,9;31,3;31,7;32,1;32,2;32,1;32;31,6;31,4;31,1;31,1;31,1;31,5;31,5;31,3;31,7;31,5;31,5;31,4;31,4;31,5;31,5;30,9;31,2;31,2;30,8;30,7;30,9;30,8;30,7;31,3;31;30,5;30,8;30,3;30,7;31;31,2;30,8;31,1;30,7;31,2;31,2;30,9;31,1;31,4;31,5;31,2;31,1;31;31,1;31,6;32,2;32,2;31,6;32,4;32,2;32,5;32,7;33,1;33,2;33,1;33,8;33,9;34,3;35,4;36;36,4;36,9;37,6;37,7;35,2;30,5;26,1;24,7;24,7;26,3;30,7;35,3;38,5;39,3;38,5;37,7;36,6;36;35,5;34,9;34,1;33,8;33,6;33,3;32,7;32,7;32,4;32,1;32,2;31,8;31,5;31,3;31,2;31,3;31,3;31,1;31,3;31,2;31,4;31;30,7;30,5;30,6;30,8;30,9;30,9;30,7;30,8;31;30,7;31,1;30,8;30,6;30,7;31;31,1;31,4;31,2;31,2;31,2;31,5;31,4;31,8;31,7;31,7;32;32,4;32,5;33;33,1;33;33,1;33,4;33,3;33,6;34,4;35,2;36;36,5;37,5;38,6;39,4;40,8;41,6;40,7;38,7;36,8;35,4;34,5;33,6;31,3;29,1;27,5;25,8;25,4;26,3;30;33,2;35;35,6;35,2;35,2;34,9;34,5;35;34,4;34,3;34,2;34,3;33,3;33,7;33,5;33;33,4;33,4;33,2;33;32,6;32,8;32,9;32,7;32,7;32,6;32,6;32,2;32,6;32,6;32,1;31,8;31,7;32,1;32,5;32,4;32;31,7;32,1;32,2;32,1;31,8;31,8;31,8;31,8;32;32,2;32,2;32;32;31,8;32,2;32,2;32,2;32,2;31,7;31,7;32;31,7;31,8;32,2;32,6;32,1;31,8;31,7;31,4;31;31,1;30,6;30,2;30,3;30,3;30;29,5;29,3;29,4;29,2;29,1;28,6;27,8;26,8;26,1;25,7;25,4;25,3;24,5;23,4;22,3;20,8;20,8;20,7;20,4;20,1;20,2;20,2;19,9;20,4;20,4;20,6;20,1;20,2;20,5;20;20;20,4;20,1;20,1;20,1;20;20,4;20,5;20,2;20,7;20,4;19,9;20,1;20;20,2;20,6;20,2;20,4;20,2;20,2;20,2;20,1;20,2;20,6;20;20,1;20;20,1;20,5;20,4;20,2;20,4;20,1;20,5;20,5;20,1;20;20,2;20,5;20,4;20,1;20,2;20,2;19,9;20;20,4;20,6;20,7;20,7;20,5;20,2;20,1;19,8;20;20,2;20,5;20,2;20,5;19,6;19,9;20,4;20,7;20,1;20,4;20,4;20,1;19,8;20,1;20,1;20,7;20,4;19,9;19,4;20,1;20,7;20,5;20,1;20,2;20,6;20,1;20,5;20;20,6;20,2;20,1;20,8;20,5;20;20,8;20;20,1;20;20,4;20,2;20;19,8;19,9;20,1;20,6;20,7;20,6;20,4;19,9;19,6;20,1;20,5;20,6;20,5;20,2;20,1;20;20,4;20,5;20,1;20,1;20;19,8;20,5;19,9;19,8;20;20,8;20;20;20,7;20,1;20;20,4;19,8;20,6;20,5;20;19,9;20,2;20,6;20,7;20,4;20,1;20,1;20;20;20,1;20,2;20,7;20,6;19,9;19,5;20;19,9;20,5;20,1;20,2;20,2;19,5;19,6;19,8;19,8;19,9;20,4;20,2;19,9;2021,5;21,2;20,9;21,1;21,1;21,1;21,1;20,6;21,2;21,6;21,5;21,4;21,1;21,6;20,6;20,9;20,7;21,5;21,2;20,9;21,2;21,5;21,5;21,2;21,2;21,4;21,5;21,5;21,6;21,9;21,5;21,6;21,6;20,9;20,7;21,1;21,8;21,8;22;21,6;21,2;21,8;22,1;21,8;21,1;22,2;21,9;22;21,6;21,9;22;22,2;21,9;22,1;22;21,9;22;22;22,1;21,8;21,5;21,6;21,8;21,8;21,9;21,6;21,8;21,9;21,8;22,1;22,1;22;21,6;21,8;22,3;22;21,8;21,6;21,6;22,1;21,6;21,1;21,6;21,9;21,2;21,4;21,2;21,1;21,2;21,2;20,8;21,2;21,2;20,9;20,7;20,7;21,1;20,8;20,8;20,8;20,9;20,5;20,6;20,5;20,6;20,8;20,8;20,8;20,6;20,4;20,4;20,2;20,7;20,9;20,7;20,6;20,5;20,7;20,6;20,2;20,5;20,7;20,7;21,1;20,6;20,2;20;20,6;20,4;20,2;20,1;20,2;20,2;20,4;20,5;20,6;20,6;20,6;20,7;20,6;20,6;20,5;20,6;20,8;20,7;20,2;20,6;20,7;20,6;20,4;20,6;20,7;20,5;20,6;20,7;20,8;20,7;20,2;20,4;20,7;20,6;20,7;20,4;20,5;20,4;20,4;20,5;20,6;20,7;20;20,4;20,5;20,4;20,2;20,4;20,7;20,8;20,5;20,4;20,6;20,7;20,9;20,4;20,7;20,6;20,2;20,4;20,1;20,4;20,5;20,5;20,6;20,7;20,4;20,6;22,1;23,7;25;25,6;25,7;25,4;25,4;26,6;28,4;29,4;29,7;29,5;30,3;30,5;30,6;30,8;31,2;31,5;31,7;32,4;32,5;32,1;31,8;31,6;31,5;31,5;31,4;31,2;31,5;31,3;31,4;31,4;31,5;31,2;31,2;31,3;31,3;31,4;31,2;31,5;31,2;31,2;31,2;30,8;30,9;30,5;31;30,9;31,1;31,3;30,9;31,3;31,2;31;30,9;31,2;31,1;31;31,4;31,3;31;31,3;31,2;31,4;31,6;31,7;31,8;31,7;32;32;32;32,6;32,5;32,5;32,7;32,9;33,3;33,4;33,7;34,5;34,9;35,2;35,5;36,3;36,7;37,2;37,6;35,5;30,6;26;24,5;25;26,2;30,5;35,5;38,9;39,5;38,5;37,7;36,7;36,2;35,7;35,2;34,5;33,9;33,3;33;32,7;32,8;32,4;32,2;32,2;32;31,8;31,1;31,3;31,4;31,4;31,1;31,1;31;31,1;30,9;31;30,5;30,4;30,9;31;30,5;31,3;31,4;30,6;30,8;31,1;30,9;31,1;31;31;31,3;31,3;31,3;31,4;31,4;31,4;31,5;31,7;31,5;32,1;32;32;32,6;32,6;32,6;32,7;33,2;33,8;34;34,2;35,1;35,3;35,9;36,8;37,6;38,5;39,4;40,9;41,6;40,3;38,6;37,1;35,7;34,5;33,4;31,4;28,8;27,2;25,7;25,4;26,1;29,9;33,2;35,2;35,2;35;35,3;35;34,7;34,4;34,3;34,1;34,1;33,9;34,3;34,2;33,8;33,7;33,4;33,2;33,7;32,9;33,1;33,4;32,7;32,6;32,5;32,7;32,7;32,8;32,6;32,4;32,6;32,2;32,4;32,1;32,7;32,9;32,7;32,5;32;32,4;32,6;32,4;32,2;32,4;32,5;32,5;32,7;32,5;32,2;32,1;32,4;32,7;32,8;32,5;32;32;32;32;31,7;31,8;32,2;32,6;32,5;32,2;32;31,5;31,3;31,3;30,7;30,5;30,6;30,4;30;30;29,5;29,1;29,5;29,3;28,6;27,5;26,6;25,7;25,5;25,8;25,2;24,4;23,3;22;20,9;20,6;20,6;20,5;20,2;20,5;20,7;20,6;20,6;20,6;20,5;20,5;20,7;20,4;20,2;20,6;20,4;19,9;20,1;20,6;20,7;20,8;20,4;20,1;20;20,7;20,1;20,6;20,4;20,1;19,9;19,6;19,5;20,2;20,6;20,1;20,2;20,5;20,5;20,2;20,6;20,7;20,5;20,5;20,4;20,2;20,5;20,6;20,6;20,5;20,4;20,4;20,6;20,5;20,5;20,2;20;19,8;19,6;20;20,2;19,9;19,9;20,4;20,6;20,4;20,2;20,5;20,5;20,4;20,5;20,4;20,4;19,8;20,1;20,5;20,5;19,6;20,2;20,1;19,9;20;19,8;20,5;20,4;20,4;19,9;19,4;20,5;20,1;20,8;20,4;19,9;20,2;20,2;20,5;20,7;20;20,4;19,8;20,8;20,1;20,2;20,6;19,9;20,1;19,8;20,2;20,1;20;20;19,4;19,6;20;20;20,1;20,1;19,8;20,2;20,9;20,8;20,2;20,4;20,1;19,8;19,9;20;20,2;20,1;20,5;19,9;19,9;20;20;20,5;20;20,2;19,9;20,1;20,5;20,1;20;20;20,1;20,1;20,2;19,5;20,1;20,1;20,2;19,9;19,8;19,9;19,6;19,6;20,1;20,4;20,1;20,4;20,1;20,1;18,4;19,9;20,2;19,3;20;20,6;20,2;19,6;20,1;20,1;20,5;19,9;19,8;20;19,9;19,621,6;21,4;21,5;21,6;21,4;20,8;20,9;21,4;21,2;21,2;21,4;21,4;21,8;21,4;21,5;21,1;21,1;21,1;21,4;21,5;21,4;21,5;21,6;21,2;21,2;21,4;21,4;21,4;21,4;21,5;21,5;21,8;21,5;21,4;21,1;21,2;21,6;21,5;21,9;21,6;21,4;21,6;21,6;21,5;21,1;21,9;21,9;21,8;21,6;21,8;21,6;21,6;21,8;22;22,1;21,9;22,1;22,1;21,8;21,8;21,5;21,5;21,6;21,5;20,9;21,5;21,5;21,6;21,4;22,1;21,9;21,5;21,5;22,2;21,6;21,6;22;22;21,8;21,8;21,2;21,5;21,1;21,6;21,1;21,4;20,8;21,5;21,1;20,7;20,6;21,2;20,9;20,8;20,6;20,8;20,9;20,6;20,8;20,6;21,4;20,5;20,4;20,6;20,6;20,6;20,6;20,7;20,6;20,5;20,5;20,7;20,5;20;20,2;20,4;20,6;20,9;20,5;20,4;20,5;20,2;20,4;20,7;20,9;20,4;20,4;20,7;20,4;20,9;20,8;20,2;20,2;20,5;20,7;20,2;20,2;20,4;20,4;20;20,2;20,2;20,7;20,9;20,6;20,1;20,7;20,6;20,6;20,7;20,7;20,8;20;19,5;20,5;20,9;20,8;20,2;20,2;20,4;20,5;20,6;20,1;20,1;20,2;20,2;20,5;20,7;20,6;20;20,7;20,7;20,2;20,2;19,9;20,5;20,6;20,4;20,7;20,7;20,7;20,6;20,4;20,8;20,6;20,4;20,1;20,5;20,5;20,5;20,5;20,7;20,7;20,7;20,9;22,3;24;25,3;25,6;25,5;25,4;25,4;26,7;28,6;29,5;29,9;29,9;30,2;30,6;30,9;30,9;31,2;31,7;31,8;32;31,8;32,1;32,2;31,8;31,4;31,5;31,7;31,7;31,6;31,6;31,5;31,7;31,5;31,1;31;31,5;31,5;31,2;31,3;31,1;31,4;31,3;31;30,9;30,9;30,9;31,1;31,3;30,8;30,9;30,8;31,1;30,7;31,3;31,2;30,8;31,2;31,4;31,3;31,3;30,8;31,2;31,6;31,4;31;31,5;31,6;32,2;31,6;32,2;32;32,1;32,2;32,2;32,5;32,7;33;33,4;34;34,5;35,2;35,5;35,9;36,6;37,4;38,1;38;35,6;30,5;26;24,6;25,1;26,3;30,3;35,2;38,6;39,1;38,1;37,8;37,4;36,1;35,5;35,1;34,5;34,2;33,9;33,3;32,9;32,7;32,5;32,4;31,8;31,7;31,7;31,7;31,5;31,4;31,3;31,2;31;31,4;31,2;31,4;30,8;30,8;30,3;31,2;30,4;30,9;31,3;31,2;31,2;30,1;31;30,6;31;30,8;30,9;31,3;31,4;31,5;31,1;31,3;31,8;31,7;32;31,8;32,2;32;32;32,7;32,9;32,7;33,1;33,7;33,7;33,5;33,9;34,7;35,2;35,9;36,8;37,6;38,4;39,4;41,1;42,2;40,8;38,7;37,1;35,8;34,7;33,3;31,2;29,1;27,2;26,1;26;26,2;29,4;33,8;35,1;35,7;35,7;36;35,3;35,5;34,6;34,6;34,3;34,4;33,9;34,3;34;33,1;33,7;33,5;33,5;33;33,5;33,3;32,9;32,8;33,1;32,6;32,6;32,9;32,5;32,2;32,5;32,6;32,6;32,2;32,2;32,5;32,6;32,6;32;32,2;32,1;32,4;32,7;32,5;32,4;32,7;32,7;32,5;32,6;32,6;32,6;32,4;32,2;32,5;32,4;32,7;32,6;32,5;32,1;32;31,7;32;32,5;32,5;32,1;31,6;31,4;30,9;31,1;31;30,5;30,7;30,4;30,1;30;30;29,4;29,5;29,2;28,6;26,8;26,4;25,7;25,3;25,7;25,3;24;23;21,8;21,1;20,8;20,5;20,8;20,8;20,6;20,5;20,6;20,4;20,6;20,4;20,4;20,5;20,2;19,6;19,9;20,4;20,4;19,6;20;20,1;20,4;20,1;20,8;20,7;20,2;20,5;20,5;20,2;20,4;20,1;19,9;20,1;20,2;20,7;20,1;20,2;20,2;20;20,2;20;20,2;19,9;19,8;19,8;19,5;19,6;20,2;20,5;20,1;20,4;20,5;20,6;20,7;20,6;20,4;20,6;20,6;20,1;20,4;20,1;19,6;20,1;20,4;20,2;20,2;20;20;20,1;20,2;20,2;20,6;20,7;20;20,1;20,5;20;19,4;20,1;20;19,8;20,1;19,8;20,2;19,9;20,1;19,9;19,9;20,2;19,5;20,6;20,2;20,1;19,6;19,9;20,7;20;20;20,4;19,9;20,1;20,2;20,1;20,4;20,2;19,6;19,9;20,6;20,1;19,5;19,5;19,6;20;20,5;20,5;20,5;20,1;20,2;19,8;19,2;19,5;19,9;19,8;20;19,9;19,9;20,1;19,9;20,1;19,9;19,8;20,1;20;20;20,6;20;20;20;20,4;20,2;20,2;19,6;20;19,8;20,2;20;19,9;20,1;20,1;20,5;20;19,8;20,1;20,1;19,9;20;20,2;19,8;20,1;20,4;20,4;19,5;20,4;20;20,1;20,4;20,1;20;20;19,6;19,8;20;20;19,8;20;20;20,221,5;21,1;21,1;21,2;21,1;21,1;20,9;20,7;21,8;21,1;20,9;20,8;21,2;21,4;21,4;20,7;21,2;21,5;21,8;21,6;21,2;21,4;21,8;21,5;21,1;21,5;21,8;21,8;21,4;21,1;21,1;21,6;20,9;21,6;21,5;21,4;21,8;21,2;21,6;21,9;21,6;21,6;21,9;22,1;21,8;21,9;21,8;21,6;21,9;21,9;22;22,2;22;21,9;22;21,9;22;21,8;21,4;21,6;21,9;21,8;22;22,2;21,6;21,6;22;22,3;22;21,6;21,8;22;21,5;21,8;21,8;21,2;21,1;21,4;21,5;21,5;20,8;20,9;21,2;21,5;21,2;21,8;20,7;20,9;21,4;20,8;20,8;21,5;20,8;20,7;20,7;20,7;20,8;20,5;20,7;20,6;20,8;20,7;20,6;20,5;20,5;20,5;20,4;20,2;20,2;20,2;20,2;20,4;20,5;20,2;20,2;20,2;20;20,2;20,5;20;20,1;20,1;20,4;20,5;20,5;20,8;20,8;20,5;20,2;20,5;20,4;20,5;20,6;20,2;20,1;20,5;20,5;19,9;20;19,8;19,9;20;20;20,2;20,4;20,4;20,4;20,5;20,2;20;20,4;20,2;20,2;19,8;20,2;20,7;20;20,1;20,1;20,5;20,7;20,5;20,6;20,2;20,5;19,9;20,1;20,2;20,1;20,4;20,2;20,5;20,1;20,4;19,8;20,5;20,5;20,4;20,5;20,7;20,4;20,4;20,4;20,8;20,6;20,5;20,2;20,2;20,2;20,4;20,5;20,4;20,4;20,7;21,1;22,6;24,4;25,3;25,4;25,4;25,4;25,7;26,8;28,8;29,5;29,7;30;30,4;30,4;30,8;31,2;31,2;31,7;31,6;31,6;32,2;32,6;32,5;32,2;31,7;31,5;31,5;31,5;31,8;31,6;31,4;31,4;31,4;31,5;31,3;31,2;31,6;31,3;31,1;31,1;31,1;31,1;30,9;30,7;30,6;30,7;31,3;30,6;30,9;30,7;30,9;30,9;31,4;31;31,2;31;31;30,7;31;31,3;31,3;31,2;31,3;31,7;31,6;30,9;32,1;31,6;31,6;32,1;32,1;32,1;32,2;32,6;32,7;32,9;33,2;33,6;34;34,4;35;35,4;36;36,8;37,6;37,8;37,2;35,2;30,4;26,3;24,7;24,7;26,4;30,8;35,5;38,6;39,2;38,4;37,6;37,2;36,3;35,5;35,2;34,6;34,3;33,8;33,3;33;32,8;32,6;32,1;31,5;32,2;31,8;31,4;31,5;31,6;31,6;30,9;31,6;31,2;31,1;30,7;30,9;30,7;30,8;31,4;31,1;31;30,8;30,9;30,5;31,3;30,9;30,8;30,8;31,5;30,9;31;31,3;31,1;31,6;31,7;31,8;32,1;31,8;31,4;31,7;32,2;32,2;32,5;32,9;33;33;33,1;33,2;33,9;34,6;34,9;35,4;36,1;37;38;38,5;39,3;41;41,7;40,5;39;37,4;35,8;34,5;33,2;31,6;29,3;27,3;25,4;25,7;26,2;29,5;33,3;34,6;35,8;35,5;35,4;35,4;35,2;34,7;34,4;33,8;34,5;34;33,9;33,7;33,6;33,9;33,8;33,2;32,9;33;33,2;32,9;32,8;32,8;32,7;33,2;32,5;32,6;32,8;32,6;32,5;32,5;32,7;32,6;32,8;32,2;32,1;32,2;32,2;32,8;32,5;32,1;32;31,7;32,4;32,8;32,7;32,4;32,1;32,4;32,6;32,7;32,7;32,6;32,4;32,4;32,2;31,8;31,6;31,8;32,4;32,6;32,4;32,1;31,6;31,4;30,9;31;31,1;30,6;30,3;30,1;30,2;30;29,9;29,5;29,4;28,8;27,9;27,2;26,4;25,6;25,2;25,2;25;24,3;22,9;21,8;21,5;20,7;20,7;20,6;20,9;20,4;20,1;20,4;20,4;20,5;20,4;19,8;20,1;20,1;19,4;19,8;20,2;20,4;20;19,6;19,6;19,9;20,2;20,2;19,9;19,9;20;20;20,1;20,5;20,1;19,6;20,1;20;20;20;20,4;20,8;20,7;19,9;19,9;19,9;20,4;20,1;20,2;20;20,2;20,1;20,6;20,5;20,5;20;20,6;20,5;19,9;20,1;20;20,2;20,4;19,9;19,9;19,9;20,1;20,5;20,5;20,2;20,1;20;20;19,9;20;20,5;20,5;19,8;19,9;20,1;19,8;19,8;20,1;20;20;20,2;20,1;20,1;20,2;20,4;20;19,8;20;20,1;20,2;20,4;20;19,6;20;20,5;19,8;20,1;19,9;20,2;20,1;20,1;19,5;20,5;20,2;19,8;20,5;20,1;20;19,6;19,6;19,4;20;20,2;20;19,9;19,8;20,1;20,2;20,5;20,5;20;20,2;20,6;20,4;19,6;19,6;20;19,8;19,9;20,2;20,2;20,1;20,1;20,6;19,8;20,1;20,1;19,9;20,4;19,9;20,2;20,2;19,9;20,5;20,1;20,4;19,9;20;19,9;19,8;19,9;20;20,2;19,9;19,6;20;19,8;19,8;19,9;19,9;20;19,6;19,8;19,5;19,6;19,6;19,9;19,4;19,8;19,4;18,8;19,8;19,9;20,2;20;19,421,9;21,9;21,6;20,9;20,7;21,1;21,2;21,5;21,6;21,5;21,4;20,9;21,5;21,6;21,8;21,2;21,5;21,6;21,6;21,8;21,6;21,8;22;21,8;21,2;21,4;21,9;21,8;21,4;21,6;20,9;21,4;21,2;21,5;21,4;21,2;21,9;21,4;21,8;21,8;21,1;21,8;22;21,8;21,8;21,6;21,8;21,6;21,8;21,5;21,4;21,5;21,4;21,8;22;21,9;21,8;21,8;21,5;21,4;21,5;21,5;21,6;21,5;22;21,9;21,8;21,6;21,2;22,2;22;21,8;21,8;21,5;21,8;21,4;21,1;21,2;21,4;21,5;21,4;21,1;21,5;20,8;21,2;20,8;21,1;20,6;21,2;21,1;20,6;21,2;20,9;20,9;20,7;20,8;20,8;20,6;20,7;20,9;20,6;20,4;20,5;20,5;20,6;20,5;20,6;20,6;20,5;20,4;20,6;20,5;20,2;20,6;20,8;20,5;20,5;20,7;20,7;20,2;20,2;20,5;20,4;20,4;20,6;20,2;20,6;20,7;20,1;20,5;20,7;20,7;20,8;20,5;20,4;20,4;20,6;20,7;20,8;20,8;20,5;20,4;20,4;20;20,1;20,1;20,8;20,6;20,5;20,4;19,9;20,2;20,5;20,1;20,1;20,4;19,6;19,6;20;20,1;20,2;20,2;20,5;20,4;20,4;20,2;20,2;20,2;20,2;20,4;20,1;20,5;20,2;20,4;20;20,6;20,6;20,4;20;20,4;20,2;20,1;20,4;20,6;20,4;20,6;20,4;20,1;20,1;20,2;20,1;20,1;20,7;20,6;20,7;22,5;24,3;25,3;25,3;25,3;25,2;25,6;27,2;28,8;29,4;29,7;29,9;30,2;30,4;31,1;31,5;31,3;31,5;31,8;31,7;32,1;32,5;32,4;31,5;31,4;31,4;31,2;31,2;31,5;31,6;31,4;31,2;31,3;31,4;31,4;31,4;31,3;31,3;31,1;31;31;31,6;31,2;30,8;30,8;31,2;30,9;31;30,4;30,9;30,8;30,9;31;30,7;30,6;31,3;30,6;31,2;30,9;30,8;31,3;31,8;31;30,5;31,2;30,8;31,6;32,1;31,2;32,1;32,2;32,2;32,1;33,1;32,8;33;33,1;33,4;33,7;34,4;34,7;34,6;35,5;36,5;37,5;38;37,6;35,1;30,4;26,5;24,8;24,7;26;30,2;35,5;38,8;39,1;38,4;37,5;36,8;36,4;35,7;34,9;34,4;34;33,6;33,1;32,8;32,5;32,2;32,1;32;31,5;31,3;31,7;31,6;31,1;31,3;30,6;31,1;31,1;30,9;30,9;30,5;31;30,7;31,2;31,1;30,3;30,5;30,6;30,3;30,8;30,9;31,2;30,9;31;30,4;30,6;31,1;31,3;31;31,4;31,4;31,3;31,7;31,7;31,4;31,7;31,7;32,2;32,6;32,4;32,8;33,4;33,7;33,7;34,1;34,5;34,9;35,9;36,9;37,8;38,7;39,3;40,6;41,2;40,4;38,9;37,5;35,5;34,2;33,1;30,7;28,9;26,8;25,8;25,2;26,3;29,4;33,3;35;35,7;35,5;35,5;35,5;35,1;34,3;34,4;34,7;34,4;33,6;33,8;33,9;33,5;33,3;33,3;33,7;33;33,4;33,4;33,2;32,7;32,8;32,5;32,8;32,7;32,7;32,9;32,4;32,1;32,5;32,2;32,5;32,7;32,4;32,2;32,4;31,8;31,8;32,2;32,5;32,4;32,5;32,4;32,1;32;31,8;32,1;32,4;32,6;32,7;32,5;32,1;31,8;32,1;32,1;32,2;32;32;32,5;32,5;32,1;32,1;31,7;31,6;30,9;30,9;30,8;30,2;30,3;30;30,2;30,1;30;29,7;29,2;28,9;28,1;27,4;26,7;25,6;26;25,3;24,7;24,3;23;21,9;21,5;20,7;20,7;20,5;20,6;20,1;20;20,4;20,5;20,6;20,2;19,9;20,2;19,9;20;19,6;20;20,1;20,2;20,1;19,8;20,1;20,4;19,9;20,2;20,5;20,2;20,1;20,5;20,7;20,1;19,6;20,4;20,2;20,4;20,4;20,6;20,1;20,5;20,6;20,5;20,2;20,5;20,2;20,7;20;20,6;20,6;20,2;20,4;20,5;20,5;20,4;20,4;20,4;20,2;20,4;20,4;20,2;20,4;20,6;20,2;20,5;20,7;20,4;20,4;20,4;20,2;20,7;20,8;20,2;20,1;20,4;19,8;20;20;19,8;19,9;20;20;20,2;20,4;20,1;20,1;20,4;20;19,9;19,8;20,2;19,9;20;20,4;19,6;20;19,8;20;19,5;19,8;20;20,5;20,1;19,8;19,4;19,9;19,9;20,1;19,9;20,1;19,6;19,2;20,1;19,5;19,2;19,3;19,6;19,9;19,5;19,6;20,2;20,2;19,6;19,3;19,6;20;20,1;19,6;19,6;19,6;19,4;19,8;20;19,5;19,8;20,1;20,4;19,9;20,2;20;20;20,1;20,2;20,2;20;20;20,4;20,4;20;20;20,1;20;20,2;19,9;19,9;20,1;20;20;20,1;20;19,9;19,8;19,5;19,8;19,5;20,5;20,2;20;19,8;19,9;20;21,1;20,2;19,9;20,4;20,5;20,4;19,9;19,921,6;21,6;21,4;21,1;21,5;21,2;21,4;21,6;22;21,2;21,2;21,1;20,7;21,6;21,5;21,5;21,5;21,5;21,6;21,9;21,6;21,6;21,8;21,6;21,4;21,4;21,8;21,9;21,6;22,1;21,5;21,6;21,9;21,6;21,5;21,4;22,1;21,8;21,8;21,9;21,4;21,9;22;21,6;21,8;21,8;22;22;22,1;21,8;21,8;21,9;21,8;21,8;21,9;21,6;21,6;21,8;22;22;22;21,9;22,5;22,6;22,5;21,8;21,6;21,9;21,5;22,2;22;21,4;22;21,8;21,8;21,8;20,9;21,2;21,9;21,9;21,2;21,2;21,2;20,7;21,1;21,1;21,4;20,8;20,6;20,9;20,5;21,1;20,9;20,9;20,7;20,8;20,9;20,8;20,8;20,8;20,5;20,5;20,4;20,2;20,6;20,5;20,7;20,7;20,1;20,4;20,7;20,5;20,4;20,2;20,1;20,1;20,5;20,5;20,2;20,2;20,2;20,4;20,2;20,1;20;20,2;20,4;20,6;20,2;20;20;20;19,9;20,2;20,7;20,2;20,2;20,1;20,2;20,1;19,6;20,2;20,4;20,4;20,5;20,1;20,5;20,2;20,1;20,5;20,2;20,5;20,2;20;20,1;20,6;20;19,8;20;19,8;19,9;20,2;20;20,1;20,2;20,1;19,9;20,6;20,4;20,1;20,2;20,5;20,2;20,6;20;20,5;20,5;20,2;19,9;20;20,4;20,1;20;20,2;20;20,5;20,4;20,4;20,1;20,1;20,2;20,5;20,6;20,2;20,7;22,2;24,3;25,3;25,5;25,4;25,1;25,6;27,2;28,6;29,2;29,5;30;30,4;30,6;30,4;30,6;31,1;31,6;31,7;31,7;32,2;32,2;31,8;31,8;31,7;31,6;31,4;31,5;31,7;31,8;31,5;31,5;31,5;31,5;31,5;31,4;31,4;31,3;31,2;31,4;31;31,2;31,3;31,1;30,9;30,8;31,1;30,9;30,9;31,1;31,3;31;30,9;31;30,9;31,2;31;30,8;31,2;31,3;31,2;31,1;31,2;31,4;32,2;31;31,7;31,7;31,8;32,6;32,5;31,7;32,1;32,8;32,9;32,9;33,2;33,2;33,8;34;35;35,3;35,9;36,4;37;38,1;38;35,5;30,4;25,8;24,4;24,8;26,6;30,8;35,5;38,5;39,1;38,3;37,5;36,9;36,5;35,8;34,9;34,2;33,8;33,3;32,8;32,7;33;32,6;32;31,8;31,6;31,5;31,5;31,6;31,6;31,3;31,2;31,7;31;30,9;31,2;31,1;31,1;30,5;31;30,7;30,3;31;30,9;30,9;30,7;30,5;30,2;30,5;31;31,5;31,6;31,2;31,5;31,2;31,3;31,3;31,4;31,7;32;31,8;32,1;32,4;32,4;32,5;32,7;32,8;33,3;33,8;34,2;34,2;34,5;35,6;36,3;36,8;37,9;38,7;39,4;40,7;41,8;40,7;39;37,4;35,5;34,9;33,7;31,5;29,1;27,3;25,8;25,6;26,6;29,5;33,1;35,3;36;35,6;35,8;35,1;34,4;35;35;34,7;34,2;34,3;34,1;33,7;33,8;33,3;34;33,6;33,3;33,3;32,9;33,3;32,8;33;33;33,3;33;33;32,8;32,8;32,5;32,1;32,7;32,6;32,9;33;32,8;32,7;32,2;32;32,5;32,7;32,6;32,6;32,6;32,4;32,4;32,5;32,4;32,8;32,5;32,2;32,6;32,6;32,8;32,7;32,4;32,4;31,7;32;32,4;32,5;32,2;32,4;32,1;31,5;31,1;31;30,8;30,4;30,6;30,4;30,4;30;29,5;30;29,2;29;28,5;26,8;26,5;25,6;26;25,8;25,1;24,6;22,9;21,6;21,2;20,7;20,4;20,5;20,7;19,8;19,8;20,5;20,1;20,5;20;20,4;20,4;19,9;20,1;19,9;20,1;20;20,4;20,4;19,6;20;19,5;20,2;20,5;20,2;20;20,1;20,1;20,4;20,4;19,9;20;19,8;20,1;20,1;20,1;20,4;19,8;19,9;19,9;20,4;19,9;19,5;19,4;19,4;20,1;20;20,5;20,2;20,4;20;19,9;19,9;20;19,9;20,7;20,2;20;20,2;19,9;20,1;20,6;20,2;19,9;20,4;20,4;19,8;19,8;20;20,4;20,7;20;19,5;20,1;19,8;19,5;19,5;20;20,2;20,1;20,1;19,5;20;20,1;19,6;20,1;20;20,4;19,9;19,9;20,1;19,8;20,6;19,8;20,7;19,4;19,9;20,2;20,8;19,8;20,6;20,2;20,5;19,8;20,1;19,9;19,9;20,9;20,1;19,6;19,5;20;19,8;20;20,5;20;20,1;19,8;19,9;19,9;20,2;20,2;20,2;20,4;20,4;20,2;19,6;19,6;19,9;19,5;19,6;19,8;20,2;20,4;19,9;20,4;20,4;20,2;20,4;20,7;20;19,9;20,2;20,2;20,4;20;20,1;20,6;20,2;20,4;20;20,1;20,2;19,9;20,1;20,5;20,2;20,2;20,2;20,2;20,5;20,4;20,7;19,9;20,1;20,4;19,9;19,9;19,8;19,9;19,6;20,1;20;19,9;19,6;19,521,6;21,9;21,6;20,9;21,2;21,2;21,5;20,7;21,8;21,5;21,1;21,1;20,8;21,4;21,6;21,2;21,5;21,5;21,8;21,2;21,4;21,6;21,4;21,4;21,5;21,6;21,8;21,8;21,9;22,2;21,8;21,5;21,6;21,6;21,2;21,2;22,1;21,8;21,9;21,5;21,9;21,9;22,6;21,9;21,9;21,5;21,6;21,8;21,5;21,8;21,9;22,1;22,1;22;22;22;21,9;21,8;22,1;22,1;22,1;22;21,9;22,2;21,8;21,4;22,2;22;21,8;21,8;22,5;21,8;21,9;21,9;22;21,6;21,9;21,8;22;21,9;21,4;21,5;21,1;21,4;21,4;21,5;21,2;20,9;20,9;20,8;20,7;21,5;21,1;20,8;20,7;20,7;20,9;20,9;20,9;20,8;20,8;20,8;20,5;20,2;20,7;20,7;20,5;20,5;20,4;20,5;20,6;20,7;20,4;20,2;20,4;20,4;20,5;20,6;20,6;20,2;20,1;20,5;20,7;21,1;21,1;20,6;20,5;20,1;20,5;20,6;20,6;20,5;20,1;20,2;20,2;20,4;20,6;20,1;20,7;20,1;20,5;20,2;20,5;20,5;20,4;20,1;20,6;20,2;20,4;20,4;20,4;20,8;20,4;20,2;20,1;20,7;20,6;20,4;20,1;19,9;20,4;20,2;20,2;20,5;20,2;20;20,1;20,4;20,7;20,4;20,4;20,2;20,4;20,4;19,8;20,1;20,7;20,6;20,1;20,5;20,5;20,1;19,9;20,2;20,4;20,4;20,2;20,5;19,9;19,9;20;20,1;20,2;20,1;20,9;22,5;24,5;25,1;25;24,8;25;25,6;27,1;28,8;29,4;29,5;29,7;30,3;30,7;30,6;30,9;31,3;31,3;31,6;31,6;31,6;31,7;31,7;31,7;31,6;31,4;31,1;31,2;31,2;31,2;31,2;31,5;31,6;31,6;31,2;31;31;31,5;31;31,3;31,3;31,1;31;31,2;30,7;30,9;30,7;31,1;30,1;31;30,3;30,9;31,2;30,7;30,3;30,7;30,7;30,6;31;31,1;30,4;31,2;31,5;31,5;30,9;31,1;31,7;31,4;31,2;31,8;31,3;31,7;32;32,5;32,7;33;33,1;33,4;34;34,2;34,4;34,7;35,4;36,2;37,4;38;37,7;35;30,2;25,7;24;24,4;26,3;30,4;35,1;38,4;39,2;38,4;37,8;37,2;36,6;35,6;34,6;34,3;33,8;33,3;33,4;32,8;32,4;32;32;32;32;32,2;31,7;31,2;31,5;30,6;30,5;30,4;30,9;30,8;30,9;30,5;30,8;29,7;30,5;30,1;30,5;30;30,7;30,8;30,6;30,1;30,6;30,4;30,7;30,5;30,9;31,2;31,1;31,1;31,4;31,4;31,3;31,3;31,4;31,5;31,8;32;32,4;32,6;32,5;32,9;33;33,7;34,2;34;34,1;35,1;35,5;36,1;37,5;38,5;39,3;40,4;41,4;40,4;38,6;36,9;35,4;34,3;33,2;31,3;28,9;27,3;25,6;25,2;25,5;29,1;33;34,3;35,3;35;35,6;35,4;34,5;35;34,7;33,9;34,1;33,8;33,8;33,6;33,6;32,9;33,1;33,9;33,2;32,9;33,1;32,8;33;33,4;33;32,8;32,5;32,6;32,6;32,4;32,7;32,5;32,5;32,2;31,7;32,1;32,1;32;32;32,2;32,4;32,1;32;32;32,1;32,1;32,2;32,6;32,4;32,5;32,5;32,2;32,6;32,7;32,5;32,1;31,8;32,4;31,8;32;32;32,2;32;31,8;31,7;31,5;30,9;31;30,6;30,4;30,3;30,1;30;29,9;29,5;29,5;29,4;28,8;28,2;27,3;26,2;26;25,6;25,7;25,1;24,6;23;21,5;21,2;20,7;20,5;20,1;20,4;20;20,2;20,2;20,2;20,2;20,4;20,2;20,2;19,8;19,9;20,2;20,7;19,9;20,9;20;20;20,4;19,8;20,2;20,4;20,2;20,4;20,2;20,7;20,2;20,2;20,2;20,7;20,5;20,6;20,2;20;20,4;20,1;20,1;20,1;20,1;20,4;20,4;20,2;19,8;20,2;20,5;20,6;20,2;20,1;20,2;20,2;20,6;20,8;20,5;20,1;20,1;19,8;20,1;20,5;20,4;20,4;20,6;20,5;20,4;20,6;20,2;20,1;20,2;20,5;20,6;19,9;19,9;20,1;19,9;20,1;20;20,2;20,2;20,1;19,8;19,8;20,5;20,2;20,1;20,4;20,5;20,2;19,8;20,1;20,4;20,4;20;19,9;20,6;19,9;20,4;20,9;20,8;20,7;20,2;19,8;20,5;20,1;20,1;20,4;20,5;20,7;20,5;20;19,3;19,9;20;20,1;20,2;19,9;20,5;20,5;20,1;20,4;20,5;20,6;20,6;20,1;19,9;20,1;20,2;20;20,2;20,5;20,6;20,6;20,1;19,9;20,4;20,4;20,7;20,2;20,1;20,4;20;19,9;20,1;19,5;20,4;19,8;20,1;20,2;20,1;20,4;20;20;20,1;19,8;20;20;19,5;20,1;20,1;20;20,1;20,2;20,1;20,1;20,6;19,8;19,4;19,6;20,9;19,6;19,4;19,9;19,9;19,9;19,5;19,521,4;21,1;21,2;20,9;21,2;20,9;20,6;21,5;20,9;21,5;21,2;21,1;21,4;21,2;21,5;21,2;21,4;21,4;21,5;21,1;21,2;21,5;21,5;21,2;21,4;21,6;21,6;21,4;21,6;22;21,6;21,5;21,2;21,6;21,6;20,9;21,9;21,4;21,6;21,8;21,6;21,6;22,3;21,9;21,6;21,8;21,8;21,9;21,9;22;22;21,8;21,8;22,1;22,3;22;21,6;21,6;22;21,8;21,8;21,6;22;22;22,1;22,3;21,4;22;21,2;22,1;21,9;22,1;21,4;22,1;21,8;21,4;22;21,4;21,8;21,5;21,2;21,4;21,1;21,6;21,6;20,9;20,9;20,9;21,2;20,7;20,7;21,4;20,8;20,7;20,6;20,7;20,8;20,7;20,8;20,9;21,1;21,1;20,8;20,8;20,7;20,6;20,4;20,7;21,1;20,5;20,2;20,5;20,5;20,2;20,6;20,9;20,7;20,8;20,8;20,2;20;20,7;20,6;20,7;20,7;20,2;20,5;20,7;20,9;20,7;20,5;20,5;20,1;20,6;20,8;20,5;20,2;20,2;20,6;20,4;20,5;20,1;20,4;20,2;20,2;20,2;20,8;20,1;20,5;20,2;20,4;20,2;20,2;20,2;20,1;20,5;20,1;20,6;20,1;20,1;20,6;20,6;20,2;20,6;20,5;20,1;20;20,5;20,7;20,1;20,8;19,9;20,5;20,2;20;20,4;20,8;20,8;20,5;20,8;20,9;20,5;20;20,4;20,6;20,7;20,6;20,6;20;20,4;20,2;20,5;20,6;20,8;21,2;22,7;24,5;25,2;25,2;25,5;25,5;26,1;27,4;28,9;29,5;30;30,3;30,4;30,6;30,7;30,8;31,1;31,5;32;32,2;32,8;32,8;31,8;31,4;31,2;31,2;31,4;31,4;32;31,8;31,5;32;31,8;31,3;31,4;31,5;31,5;31,4;31,2;31,1;31,3;31;30,8;31,4;31,1;30,9;30,9;30,9;31,2;31,5;30,8;31,1;31,1;31,2;31,1;31,3;31;30,7;30,9;31,1;31,2;30,4;31,2;31,4;31;31,2;31,7;31,7;31,8;32,2;32,2;32;32,4;33;33,4;33;33,4;33,6;33,8;34,3;34,6;35,2;36;36,6;36,8;37,6;37,4;35,1;30,6;26,8;25,1;25;26,1;30,6;35,6;38,7;39,4;38,4;37,5;36,8;36,2;35,7;35,3;34,7;34,1;33,5;33,3;32,9;32,7;32;31,8;32,1;31,7;31,6;31,5;31,6;31,1;31,2;31,1;30,7;31,2;30,7;30,6;31;31;30,8;31,1;31,1;30,7;30,6;30,8;30,5;30,7;30,8;30,5;31,3;31,1;30,9;31,2;30,9;31;31,2;31,5;31,4;31,1;31,4;31,6;31,7;32;32;32,6;32,6;32,6;32,7;33,2;33,9;34,2;34,6;35;35,5;36;37,1;38,1;38,8;39,8;40,7;41,6;40,6;39;37,9;36,1;34,9;33,6;31,5;29;26,7;26;25,6;26,6;29,7;33;35;35,8;36;35,6;35,9;35,4;35;34,4;34,5;34;33,9;33,8;33,9;33,8;33,7;33,6;33,5;33;33,4;33,1;33,7;33,1;33,1;33;33;32,2;32,5;32,9;32,9;32,4;32,6;32,4;32;32,6;33;32,8;32,6;32,2;32,4;32,4;32,2;32,6;32,6;32,7;32,9;32,9;32,5;32,4;32,6;32,8;32,5;32,9;32,8;32,7;32,7;32,2;32,2;32,1;32,2;32,4;32,7;32,4;32,1;31,8;31,7;31,3;31,1;30,8;30,6;30,2;30,1;29,9;29,7;30,1;29,5;29,4;28,9;28,1;27,5;26,5;26,3;26;25,6;25,1;24,7;23,4;21,8;21,1;20,6;20,4;20,2;20,2;20,7;20,5;20,6;20,5;20,6;20,5;20,2;20,4;20,5;19,8;20,1;20,7;20,1;21,1;20,4;20;20,7;20,6;20,5;20,8;19,9;20,7;20,2;20,8;20;20,1;20,2;20,7;20,1;20,4;20,1;20,6;20,4;19,9;20,4;20,7;20,6;20,7;20,2;20,4;20,2;20,1;20,7;20,4;20,1;20,2;20,5;20,2;20,2;20,2;19,8;19,6;19,9;20,1;20,5;20,6;20,1;20,2;20,2;20;20;20,2;20,6;20,6;20,4;20,2;20,6;20,4;20,2;20,2;20,5;20,5;20;20;20;19,9;19,9;20,5;20,5;20,2;20,2;20,2;20,4;20;19,6;20,2;20,2;20,5;19,8;19,8;20,1;20;20,2;20,6;20,6;20,2;20,1;20;20,4;20,1;20,5;20,2;20,2;20,5;19,4;19,3;19,4;20,2;20,1;19,8;20,1;20;20;20;19,8;20,1;20,2;20;19,9;19,6;19,8;20;19,8;19,9;20,2;20,1;19,9;20;20,5;20,6;20;20;19,9;20,2;20,2;20;19,6;20;19,8;19,9;20;19,4;19,6;19,8;20,1;20,1;19,9;19,6;19,9;19,6;19,5;19,6;19,5;19,9;20,2;20,1;20;20;19,3;19,5;20,1;20,1;19,5;19,6;20;20;18,9;19,3;19,9;20;19,8;19,921,6;21,8;21,6;21,4;21,8;20,8;21,1;20,7;21,2;21,9;21,4;21,8;21,2;21,6;21,5;21,4;21,5;21,5;21,5;21,4;21,4;21,6;21,5;21,2;21,4;21,5;21,5;20,9;21,2;21,8;21,5;22;21,6;21,4;21,5;21,2;21,5;21,5;21,4;22;21,2;21,8;21,9;21,9;21,1;21,4;21,5;21,4;21,4;21,8;21,9;21,9;21,8;21,9;22;21,8;21,8;21,8;21,8;21,4;20,9;21,5;21,9;21,9;21,5;21,5;22,2;22;21,2;21,5;21,8;22,2;21,4;21,9;21,4;21,5;21,1;21,1;21,2;21,2;20,9;21,2;21,2;21,1;21,1;20,7;20,8;20,7;20,8;20,9;20,5;20,8;20,6;20,5;20,5;20,8;20,6;20,4;20,2;20,5;20,8;20,8;20,5;20,5;20,7;20,7;20,5;20,4;20,5;20,2;20,2;20,2;20,2;20,5;20,5;20,6;20;20,2;20,5;20,4;20,4;20,4;20,4;20,4;20,4;20,6;20,5;20,9;20,9;20,6;20,5;20,6;20,5;20;20,1;20,2;20,6;20,4;20,4;20,2;20,6;20,2;20,4;20,7;20,4;20,5;20,5;20;19,9;20,2;20,6;20,4;20,2;20,5;20,1;20,4;20;20,6;20,6;20,1;20,5;20,4;20,1;20,2;20,4;20,1;20,2;20,2;20,6;20;20,5;20,2;20,4;20,2;20,1;20,8;20,6;20,7;20,2;20,5;20,8;20,8;20,2;20,4;20,5;20,6;20,8;20,6;20,2;20,2;20,4;20,4;20,5;20,5;20,8;22,7;24,5;25,2;25,1;25,4;25,6;25,7;26,8;29;29,4;29,9;30,1;30,3;30,5;30,9;31,3;31,2;31,6;31,8;32,4;32,7;32,4;32,2;32,1;31,6;31,4;31,6;32,1;31,6;31,4;31,4;31,4;31,5;31,5;31,7;32,1;31,6;31,5;31,6;31,6;31,2;31,5;31,1;31,4;31,2;31,1;30,8;31,3;31;30,9;30,5;30,9;30,9;31,1;31;31,2;30,9;31;31,3;30,9;31,1;31,6;32;31,5;31,5;31,4;31,5;31,4;32,1;32,5;32;32,5;32,7;32,2;33,2;33,4;33,2;33,6;33,8;34,6;35,4;36;36,4;36,7;37,4;37,9;37,8;35,3;30,5;26,8;25,2;25,1;26,5;30,7;35,6;39;39,3;38,8;38;37,2;36,5;35,7;35,3;34,6;34,1;33,7;33,3;32,8;32,8;32,5;32,2;32;32;31,7;31,7;31,4;31,6;31,8;31,1;30,8;30,4;30,9;31,1;31,1;30,8;31;30,9;30,5;31;30,9;30,6;30,8;31,1;31,3;30,5;31;31,1;31;31,1;31,4;31,3;30,9;31,5;31,5;31,5;31,3;31,7;31,7;32,2;31,8;32,2;32,5;32,7;32,9;33,2;33,7;33,9;34,3;34,7;35,4;36;36,7;37,7;38,7;39,4;40,9;41,5;40,5;39;37,2;35,9;34,5;33,3;31,8;29,1;27,5;26,1;25;26,5;29,1;32,6;35,3;35,8;35,9;36,1;35,3;35,4;34,7;34,9;34,9;35,1;34,5;34,1;34,3;34;34;33,4;33,5;33,5;33,6;33;33,3;33;33,1;33;33,1;33,1;32,7;32,5;32,5;32,4;32,6;32,8;32,6;33;32,6;32,9;33;32,4;32,7;32,9;32,6;32,6;32,5;32,4;32,2;32,1;32,5;32,6;32,8;33;33;33,1;33;32,8;32,2;32,1;32,1;32;32,5;32,6;32,9;32,6;32,4;32,2;31,7;31;31;30,9;30,6;30,3;30,1;30;29,5;29,5;29,5;29,2;29;28,5;27,5;26,8;26,1;25,6;26;25,4;25;23,3;21,6;21,2;20,4;20,5;20,4;20,4;20,6;20,2;20,6;20,4;20,7;20,6;20,6;20,2;20,4;20;20,1;20,5;20,4;20,7;20,5;20,2;20,2;20,2;20,5;20,8;20,4;20,8;19,9;20,8;20,5;19,8;19,9;19,8;20,4;20;19,8;20,1;20,2;20;20,5;20,4;20,4;20,4;20,1;20,1;19,8;19,9;20,6;20,1;20,1;20,8;20,1;19,8;20;20,1;20,1;20;20,1;19,9;20;20,4;20,4;20,5;20,5;19,9;20,1;20,6;20,2;19,9;20,1;20,5;20,5;20,4;20,2;20,4;20,4;20;19,8;19,9;20;20,2;20,4;20,4;20,1;19,9;19,6;20;19,8;20,1;19,6;20,1;19,9;20,1;19,9;19,8;19,8;20,5;19,6;20,1;20,2;20,2;19,8;19,9;20,1;19,6;19,8;19,5;19,6;20,4;19,5;19,9;20;20,2;18,6;19,4;20,4;19,9;19,6;20;20,1;19,8;20,1;20;19,9;19,8;19,6;19,8;19,9;19,9;20;20,2;20;19,9;20;19,8;19,9;19,8;19,4;19,9;20,2;20,2;19,9;19,6;19,6;19,8;20;19,5;19,4;19,8;20,4;20;19,6;19,8;19,9;19,8;19,8;20,1;20;19,9;20;20;20;20;19,8;19,9;20,2;20;19,5;20,1;20;19,6;19,8;19,8;19,8;20,1;19,8;20,221,6;21,2;21,4;21,5;21,5;21,6;21,1;20,7;21,5;21,6;21,6;21,8;20,8;21,6;21,1;21,2;21,4;21,4;21,5;21,4;21,2;21,5;21,5;21,4;21,4;21,5;21,6;21,4;21,5;21,5;22,1;21,9;21,6;21,4;21,6;21,6;21,5;22,1;22,1;21,1;21,1;21,8;22;21,8;21,9;22;22;21,8;21,6;21,8;22;22,3;22,3;22,1;22,1;22;21,9;21,5;21,8;21,9;21,9;22,1;22,1;22,2;21,9;22,2;21,8;22;21,5;21,8;22,2;21,9;21,8;22;21,6;21,5;21,2;21,2;21,2;20,9;21,1;21,1;21,2;21,1;21,2;20,6;20,7;20,7;20,9;20,9;20,6;20,7;20,5;20,7;20,8;20,6;20,5;20,2;20,1;20,4;20,6;20,5;20,4;20,4;20,4;20,1;20;20;19,9;20,1;19,8;20;20,5;20,4;20,2;19,8;19,8;20,4;20,4;19,8;20,4;19,8;19,8;20,5;20,5;20,1;20;19,9;20,4;20,1;20,1;20;19,3;19,6;20;20;20;20;20;20,2;20,1;20,1;19,9;20,2;20,5;19,6;20,7;20,2;20,2;20,1;20,1;20,4;20,5;20,2;20,4;20,4;20,1;20,4;20,4;19,8;20,6;20,4;20,5;19,9;20,2;20,2;19,9;20,5;20,1;20,1;19,9;20,4;20,5;20;20;20,4;20,5;20,5;20,2;20,5;20,7;20,6;20,1;20,7;20,4;20,2;20,6;20,5;20,4;20,2;20,1;20,2;20,2;20;20,8;22,7;24,5;25,1;25,1;25,4;25,7;25,6;26,7;29;29,3;29,7;29,4;30;30,5;30,7;30,8;31;31,8;31,8;31,8;32,1;31,8;31,7;32;32;31,6;31,3;31,5;31,5;31,8;31,8;31,5;31,4;31,1;31,3;30,8;30,9;31,4;31,2;31,1;31,4;31,2;30,9;30,8;30,7;30,6;30,5;30,9;30,5;30,6;30;30,7;31,3;31;31,1;30,7;31,1;30,9;31;31;31;31,2;31,2;31,4;31,2;31;31,4;31,4;31,7;32;31,6;31,6;32,2;32,8;32,7;33;33,1;33,4;33,8;34,5;34,7;35,2;35,7;36,5;37,1;37,8;37,7;34,9;30,4;26,1;24,6;24,8;26,4;30,2;35,2;38,6;39;38,6;38;37,1;36,2;35,6;35,2;34,1;33,5;33,5;33,3;32,7;32,8;32,2;32;31,5;31,7;31,8;31,2;31,1;31,3;31,2;30,7;30,7;31,1;30,8;30,5;30,5;30,6;30,1;30,7;30,7;31;30,9;30,5;30,7;30,9;30,1;30,7;31,1;30,8;31,2;30,8;31,1;31,3;31;31,2;31,2;31,3;31,4;31,5;31,5;32,1;32,4;32,5;32,7;32,7;33;33,1;33,4;33,9;34,2;34,5;35,2;36,1;37;38,2;39;39,4;40,8;41,7;40,7;38,9;37;35,5;34,4;33,5;31,4;28,9;27,3;25,7;25,4;26,1;30,1;33,3;35,4;35,8;36,2;35,9;35,1;34,7;34,6;35;34,4;34,2;34,5;33,9;33,3;33,9;33,9;33,8;33,7;32,8;33,1;33,1;33,1;32,6;33;32,8;32,7;32,5;32,9;32,5;32,4;32,4;32,8;32,6;32,6;32,5;32,6;32,4;32;32;32,1;32,2;32,4;32,5;32,6;32,5;32,7;33,1;33,1;32,6;32,4;32,4;32,5;32,8;32,6;32,6;32,5;32,4;32,1;32,1;32,6;32,6;32,4;32,6;32,2;31,7;32;31,3;30,9;31;30,4;30,2;30;30,1;30;29,3;29,2;29,3;28,6;28,7;27,3;27,1;25,5;25,4;25,8;25,4;24,8;23;21,4;20,9;20,4;20,4;20,4;20,4;20,2;20,4;20,1;20;20,7;20,6;20,2;20;20,2;20,2;20,4;20,4;20,1;20,2;20,4;20,1;19,8;20;20,1;20,5;20,6;20,1;19,8;21,2;20;19,5;20;20;19,5;19,9;19,8;20;20;20;20,2;20,4;20;20,2;19,8;19,5;19,8;19,8;20,4;20,1;19,6;20,1;20;19,8;19,6;20,1;20,1;19,5;19,4;19,9;20;20,1;20,5;20;20,1;20,6;19,9;20;19,9;19,8;20,1;20,4;20,7;20,4;19,8;19,8;20;19,9;19,9;20,1;20,1;20,2;20,4;20,1;20,1;20;19,9;19,9;20;20,1;19,5;20;20,1;19,9;19,9;20;20,5;20,7;20;19,9;20,6;20,2;20,1;20,1;20,1;19,9;20,1;19,5;20,6;19,8;20,5;19,8;20,1;20,6;19,3;19,9;20,1;20,6;20,7;20,5;20;20,2;20,7;20,6;20,5;20,2;19,9;20;20,1;20,1;20,1;19,9;19,9;19,8;20,2;20,5;20,2;20;19,9;19,6;20;20;20,5;20;20;20,4;20,1;20;19,6;20;20;20;19,6;20,1;20;19,8;20;20;19,8;20,1;20,2;19,8;19,8;19,6;20;19,9;20,2;19,8;20,2;20;19,9;19,4;20,5;19,9;20,2;19,6;20;20,121,5;21,1;21,6;21,9;21,5;21,6;20,9;21,4;21,5;21,9;20,9;21,5;21,5;21,2;20,9;21,2;21,5;21,5;21,4;21,4;21,2;21,2;21,5;21,5;21,4;21,5;22,1;21,6;21,9;21,4;22,1;21,5;21,8;21,5;21,9;21,6;21,4;21,8;22,2;21,5;20,7;21,1;21,4;21,6;21,6;22,1;21,5;21,2;21,5;21,8;21,8;21,9;21,8;21,5;21,6;21,6;22;21,8;21,8;21,6;22;21,8;22,1;21,8;21,8;21,5;22;21,8;21,6;22;22,3;21,9;21,5;21,6;21,6;21,6;21,6;21,4;21,4;21,2;21,2;20,8;20,9;21,6;21,5;20,7;20,5;21,1;21,1;20,8;20,6;21,1;20,7;20,7;20,7;20,5;20,6;20,5;20,2;20,5;20,8;20,8;20,7;20,7;20,5;20,4;20,5;20,8;20,5;20,2;20,6;20,6;20,5;20,5;20,5;20,7;20,8;20,8;20,6;20,1;20,2;20,1;19,9;20,5;20,5;20,7;20,6;20,5;20;20;20,2;20,6;20,6;20,1;20;20,4;20,1;20;20,1;20,6;20;20;20,2;20,6;20,4;20;20,1;20,5;20,2;20;20,1;20,4;20,2;20,5;20,8;20,4;20,2;20,6;20,2;20;20,6;20,4;20,5;20,1;20,2;20,4;20,2;20,5;20,2;20;19,9;20,4;20,6;20,4;20;20;20,6;20,6;20,4;20,7;20,6;20,1;20;20,7;20,7;20,5;20,4;20,5;20,2;20,2;20;20,5;20,4;20,4;21,4;22,9;24,4;25,1;25,3;25,2;25,2;25,7;27,1;29;29,4;29,7;29,7;30,2;30,6;30,9;31,1;31,4;31,5;31,4;31,7;32,1;32,2;32,2;31,6;31,4;31,5;31,6;31,4;31,1;31,3;31,3;31,4;31,5;31;31,1;31,1;31,4;31,3;31,2;31,2;31,1;31;30,6;30,8;31,1;30,9;30,4;30,7;30,4;30,7;30,9;30,7;31;31;31,3;30,7;30,6;30,2;30,6;31;30,9;30,9;31,6;31,1;31;31,3;31,2;31,2;31,7;32,2;31,4;32,2;32;32,7;32,8;32,8;33,3;33,6;34,1;33,9;34,7;35,4;35,7;36,3;37,2;37,8;37,8;35,3;30,3;25,7;24,3;24,6;26,1;30,1;35,2;38,6;39;38,3;37,7;37,1;36,1;35,3;35,1;34,3;33,9;33,3;33,1;32,6;32,2;31,8;31,7;31,6;31,5;31,5;31,2;30,9;31;30,8;30,8;30,7;30,5;30,6;30,4;30;30;30,1;30,6;30,3;30,1;30,5;30,4;30,6;30,7;30,9;30,3;30,5;30,4;30,4;30,7;30,8;31,1;31,2;31,4;31,4;31,2;31,2;31,5;31,5;31,6;32;32,4;32;31,8;32,5;33,2;33,4;33,5;34,4;35;35,4;36;36,4;37,5;38,4;39,4;40,7;41,2;40,2;38,7;36,9;35,5;34,6;33,4;31,5;28,6;26,8;25,2;24,8;26;29,3;33,4;35,3;36,2;35,3;35,5;35,1;35,3;34,6;34,3;34,3;34,2;34,1;34,2;34,1;33,9;33,7;33,6;33,7;32,9;33,1;33,3;33,1;33;32,9;32,6;32,7;32,5;32,2;32,6;32,7;32,6;31,8;31,7;32,2;32,5;32,5;32,6;32,2;32,2;32;31,8;32,4;31,8;31,7;32,1;32,2;32,2;32,4;32,4;32,4;32,7;32,5;32,6;32,6;32;31,7;31,8;32;32;32;32,4;32,1;32;31,8;31,4;31,4;31;30,7;30,5;30,3;30,5;30,2;30,3;30,2;29,3;29,4;28,9;28,7;28,8;27,1;26,7;25,6;25,6;25,6;25,5;24,7;23,1;21,8;20,8;20,7;20,5;20,4;20,1;20,2;20,5;20,4;20,4;20,7;20,7;20,5;20,5;20,4;20,2;20,6;20,5;20,1;20,1;20,5;20,5;20,1;20,2;20,5;20,5;20,6;19,9;20;20,7;19,6;20;19,9;20,6;19,5;20,1;20,1;20,9;20,4;20,5;19,6;20,9;20,4;20,7;20,2;19,8;20,6;20,7;20,4;20,2;20,1;20,5;20;20,2;20,4;20,4;20,1;20,1;20,4;20,2;19,9;19,8;20,1;20,6;20,7;20,2;20,1;19,9;20;20;20,1;20,6;20,8;20;19,6;19,8;20;20,1;19,9;20;19,9;19,9;20,1;20,2;20,4;20,2;20,1;19,8;20;19,8;19,8;19,8;20;19,8;19,8;19,9;20,7;20,1;20,1;19,9;20,5;19,9;19,9;19,6;20,4;20;20,2;19,9;20,4;19,6;20,5;19,8;19,9;19,6;19,6;20,7;20,6;20,2;19,8;19,9;19,9;20,2;20,4;20,2;19,8;19,4;19,6;20;20;19,9;20,1;20,6;20,1;19,6;19,9;20,1;19,9;19,9;20,1;19,6;19,8;19,9;20,5;20,2;20,1;20,9;20,4;19,6;19,5;19,9;19,8;20,4;19,8;20,2;20,2;19,9;20;19,9;19,6;20;20,1;19,9;19,6;19,5;20,2;19,8;20,6;20,4;20,2;19,8;19,8;19,6;20,1;19,9;19,5;19,6;20;20,222,5;21,9;21,9;21,6;22;21,8;22;21,5;21,5;21,6;21,4;21,4;21,6;21,9;21,4;21,4;21,6;21,5;21,5;21,6;21,5;21,6;21,8;21,6;21,6;21,9;22,3;21,8;21,4;22;21,9;21,8;21,5;21,5;22;21,5;21,6;22,3;21,9;22;21,2;21,6;21,6;21,8;21,4;21,4;21,6;22;22;21,8;21,6;21,8;21,9;22;22,1;21,8;22,1;21,9;21,6;21,8;21,9;21,5;22;21,5;21,4;22,1;21,9;21,6;21,8;21,8;21,6;21,8;21,4;21,4;21,8;21,6;21,5;21,4;21,4;21,4;21,4;20,9;21,1;21,1;21,1;20,4;20,6;21,4;21,2;20,9;20,5;20,7;20,9;20,7;20,4;20,2;20,5;20,4;20,1;20,4;20,5;20,6;20,5;20,6;20,8;20,7;20,1;20,1;20;19,9;20,2;20,2;20,4;20,6;20,7;20,5;20;20,2;20,5;20,6;20,8;20,2;20,1;20,6;20,1;19,6;19,9;20,7;21,1;20,9;20,1;20,5;20,1;20,1;20;20,4;20,6;20,5;20,4;20,1;20,1;20,2;19,8;20;20,5;20,1;20,4;20,1;20,4;19,9;20,5;20,6;20,1;20,1;20,8;20,2;20,5;20,4;20;20,6;20,7;20,5;20,1;20;20,4;20,6;20,1;20,1;20,5;20,1;19,9;20,7;20,5;20,5;20,2;20,1;20,6;20,8;20,1;20,7;20,1;20,4;20,2;20,7;20,8;20,5;20,4;20,4;20,5;20;20,5;20,4;20,5;20,5;21,4;23;24,5;25,2;25,4;25,4;25,3;25,7;27,1;28,6;29,2;29,7;30;30,1;30,3;30,5;30,7;31;31,7;32,2;32,1;32,2;32,4;32,2;32,1;32;32;32,2;31,8;31,4;31,6;31,6;31,4;31,7;31,6;31,6;31,4;31,5;31,4;30,9;31,2;31,2;31,2;31,1;31,1;31,3;31;31;30,9;30,6;30,8;30,9;30,9;30,9;31;30,9;30,7;31,1;31,1;31,2;31,3;30,8;31,1;31,2;31,2;31,2;31,7;31,4;31,6;31,6;32,1;31,8;32,5;31,8;32,8;32,9;33,4;33,3;33,6;34,2;34,6;35;35,5;36,4;36,7;37,1;37,9;37,9;35,5;30,6;26,1;24,3;24;26;30,6;35,6;38,9;39,4;38,3;37,1;36,6;36,2;35,5;35,3;34,4;33,8;33,3;33;32,6;32,7;32,6;32,5;32;31,6;31,8;31,3;30,9;31;30,8;30,8;31;30,9;31;31;30,6;30;30,8;30,6;30,6;30,2;30;30,6;30,7;30,7;30,8;30;30,5;30,6;30,9;30,7;31;31;31;31;30,9;31,3;31,6;32;31,8;32,2;32,2;32;32,2;32,7;32,8;33,1;33,3;33,6;34,2;34,9;35,3;36;36,9;37,8;38,8;39,8;41;41,6;40,7;38,6;37,1;35,9;35;33,5;31,5;28,8;27,5;26;25,3;26,3;29,7;32,9;35,3;35,7;36,1;35,5;35,5;35;35,4;34,7;34,7;34;34,5;33,8;33,4;33,7;33,9;33,3;34;33,1;33,3;33,4;33,3;33,4;33;32,8;33;33,1;33,4;33;32,7;33,1;32,7;32,5;32,4;32,5;32,7;32,5;32,7;32,6;32,5;32,1;32,6;32,7;32,6;32,7;32,5;32,5;32,4;32,5;32,8;32,8;32,9;32,9;32,5;32,2;32,1;32,2;32,5;32,2;32,1;32,4;32,2;31,8;31,8;32;31,5;30,7;30,5;30,5;30,4;30,3;30,3;30,2;30,2;29,2;29,7;28,5;29,3;28,9;27,4;27,1;26,1;25,3;25,7;25,5;24,8;23,3;22,2;21,2;20,7;20,7;20,1;20,1;20,6;19,9;20,1;20,8;20,1;20,4;20,7;20,4;20,4;20;20,4;20,1;20,6;20,1;20,2;20,5;20,4;20,1;20,6;20,1;19,9;20,1;20,1;20,1;20,1;20,4;19,8;20,1;20,5;19,6;19,4;20,9;20,4;19,6;20,1;20,1;20,6;20,1;20;19,9;20,1;20;20,4;20,4;20,2;20,2;20,1;19,6;20,1;20,1;20,6;20,5;20,2;20,2;20,2;20,1;20,4;20,6;20,7;20,1;20,2;20,4;20,4;20;20,1;20,4;20,2;20,1;20;20,1;20,1;19,6;19,6;20;19,6;19,5;20;20;20,1;20,1;20;19,9;20,1;20;19,9;20;20,5;19,6;19,8;19,5;20,8;20,1;19,5;19,9;20,1;19,9;20,2;20;20,4;20,4;20;20;20,5;20;20,4;20;19,5;19,6;19,5;20,2;20,2;20,2;19,9;20;20,5;20,5;20,1;20;20,5;20,6;20,7;20,5;20;20;20,2;20,1;19,8;19,8;20,1;20,4;20,4;20,4;20,1;20;20;20,4;20,5;20,5;19,9;20,4;20,2;20;19,9;19,8;20,1;20,5;20,4;20,4;20,5;20,1;20,2;20,4;20,2;20,1;20,1;20,2;20,2;20;20,2;19,5;20,8;20,1;20,4;19,6;19,9;20,5;20,4;20;19,9;19,9;20,5;20,621,4;21,6;21,9;21,5;21,5;21,8;21,5;21,8;21,9;21,2;21,1;21,5;21,4;22,1;21,2;21,2;21,4;21,5;21,6;21,6;21,6;21,9;21,9;21,8;21,8;21,6;22,1;21,8;21,5;22;21,5;21,5;21,4;21,4;22,1;21,2;22,1;22;22,5;21,6;21,6;21,9;21,9;21,9;22,2;22,2;22,2;22,7;22,5;22,1;22;21,9;21,9;22,1;22,3;22;22,1;22,2;22,6;22,1;22,3;22,2;22,2;22,1;22;21,9;21,9;21,5;21,8;21,8;21,5;22;21,5;21,8;21,6;22;21,9;21,4;21,8;21,6;21,8;21,2;21,2;21,1;20,8;20,7;20,8;21,1;21,5;21,1;20,8;20,9;21,1;20,8;20,7;20,8;20,7;20,6;20,6;20,7;20,8;20,5;20,2;20,6;20,8;20,6;20,2;20,1;20,5;20,5;20,7;20,6;20,1;20,1;19,9;19,9;20;20,5;20,4;20,6;20,1;20,4;20,2;20,2;20,1;20,5;20,5;20,5;20,6;20,6;20,4;20,4;20,1;20;20,2;20,5;20,9;19,9;20;19,9;20;20,2;20;20,4;20,2;20,1;20,5;19,6;20,5;19,8;20;20,6;20,4;20,1;20,2;20,1;20,5;20,1;20,6;20,5;20,6;20,6;20,1;20;20,4;20,6;20,1;20,1;20,4;20,2;19,9;20,6;20,8;20,2;20,1;20,1;20,1;20,6;20,2;20,7;20,2;20,5;20,4;20,5;20,6;20,5;20,6;20,2;20,6;20,1;20,6;20,2;20,6;20,5;20,9;23;24,7;25,3;25,5;25,4;25,1;25,4;26,8;28,6;29,1;29,7;29,9;30;30,2;30,4;30,5;30,7;31,4;32;32,1;32,4;32;31,5;31,6;31,7;31,6;31,4;31,3;31,5;31,7;31,2;31,1;31,5;31,6;31,3;31,4;31,4;31,2;30,9;31,1;31,1;31,3;31,1;30,9;30,6;31;31;30,6;30,9;30,9;30,8;30,7;31,2;30,7;30,9;31,1;31,2;30,7;31,3;31,1;31,2;31;31,1;31,6;31,2;30,9;31,7;31,6;31,5;32,2;31,7;32,2;31,6;33;32,9;33,2;33,4;33,4;34;34,4;34,5;35,1;35,8;36,3;36,7;37,7;37,6;34,9;30;25,5;24,3;24,6;26,5;30,6;35,4;38,6;38,9;38,2;37,8;37;36,2;35,6;35,1;34,3;33,6;33,1;32,9;32,6;32,5;32,1;32;31,6;31,2;31,1;31,3;31,1;31,7;30,8;30,7;30,6;31,1;30,5;30,4;30,4;30,2;30,1;30,5;29,9;30,4;30,3;30,4;30,4;30,4;30,8;30,7;30,2;30,6;30,9;30,7;30,9;30,9;30,9;30,9;31;31;31,3;31,6;31,5;31,4;31,7;32,4;32,8;32,7;33;33,3;33,4;33,5;34,1;34,7;35,5;36,6;37,2;37,9;38,6;39,3;41;41,5;40,2;38,2;37,1;35,6;34,1;33,1;31,3;28,8;27,1;25,6;25,8;26,2;29,5;33,2;35,4;35,8;36;35,2;35,6;35,3;34,6;34,7;34,5;34,4;34,6;33,9;34;33,9;33,3;33,6;33,8;33,6;33,9;33,5;33,2;33,1;32,6;32,6;33,4;33;33;33;32,6;32,8;32,8;32,8;32,6;32,7;32,5;32,2;32,6;33;33;32,4;32,1;32,7;32,7;32,5;32,2;32,2;32;32,2;32,7;32,6;32,7;32,8;32,6;32,5;32,4;32,5;32,4;32,1;32,2;32,2;32,4;32,2;32,4;32,4;31,5;31;30,8;30,5;30,5;30,6;30,3;30,3;30,1;29,7;29,5;28,8;29,2;28,6;27,3;27,3;26,1;25,5;25,4;25,3;24,8;23,5;22,3;21,2;20,5;20,4;20,1;20,6;20,6;19,9;20;20,8;20,1;20;20,5;20,4;20,1;19,8;20,2;20,1;20,7;20,6;20,6;20,2;20,6;19,9;20,4;20,4;19,8;19,9;20,5;20,7;20,7;20,4;20,2;20,2;20,2;20,8;19,9;20,7;19,5;19,8;19,9;20,5;19,9;20,5;20,1;19,9;19,9;19,9;20,5;20,2;20,2;20,4;20,1;19,6;19,9;20,4;20,2;20,1;19,9;20,5;20,7;20,7;20;19,6;20,2;20,4;20,5;20,2;19,8;20;19,8;20,1;20,4;20,1;20;20;20;19,9;19,6;19,9;20,1;20;20,1;20;20,2;20,5;20,2;20,1;20,4;20,1;20,1;20,5;20,7;20;19,8;19,6;20,5;20,4;19,4;20,4;20,4;19,8;20,5;20,2;20,4;20,6;19,9;20,4;20,2;20,5;21,1;19,9;20,5;19,9;20,4;19,8;20,7;20,2;20,2;20,4;20,4;20;20;20,5;20,6;20;20,4;20,5;20,5;20,2;19,9;20,4;20,7;20,6;20,2;20,1;20,4;20,1;19,9;19,8;20,4;20,5;20,4;20;20;20,2;20,5;20,9;20,1;20,1;20,2;20,5;20,6;20;20,4;20,2;20,2;20,2;20,1;20;20,1;20,2;20,1;20,5;20,2;19,4;20,2;20,5;19,9;20;20;20,1;20;19,6;20,1;19,4;19,5;19,621,8;21,4;21,4;21,8;21,6;21,5;21,9;21,4;21,8;20,9;21,5;21,4;21,5;21,2;20,7;20,9;21,1;21,5;21,6;21,5;21,6;21,9;21,9;21,5;21,4;21,1;21,9;21,9;21,9;21,5;21,5;20,8;21,9;21,6;21,8;21,5;22;21,2;21,5;21,4;21,6;21,6;21,6;21,8;21,4;22,1;22,1;21,5;21,5;21,5;21,8;21,8;21,4;21,5;21,8;21,5;21,6;21,8;21,4;21,4;21,8;21,5;21,6;21,9;21,6;21,8;22,3;21,5;21,6;21,9;21,8;21,6;21,1;21,5;21,1;21,9;21,5;20,9;21,1;21,6;21,6;21,2;20,9;21,4;21,2;20,9;21,2;20,9;20,9;20,8;20,7;20,8;20,9;20,7;20,8;20,8;20,8;20,8;20,6;20,8;21,2;21,2;20,8;20,9;20,8;20,8;20,8;20,5;20,6;20,8;21,1;20,6;20,2;20,2;20,1;20,5;20,6;20,7;20,7;20,6;20,4;20,6;20,5;20,4;20,6;20,9;20,6;20,7;20,5;20,6;20,6;20,6;20,8;20,8;21,1;20,4;20,6;20;20,2;20,4;20,6;20,4;20,7;20,7;20,1;20,5;20,9;20;20,4;20;20,4;20,9;20,6;20,5;19,6;20,5;20,5;20,4;20,5;20,2;20,6;20,7;20,6;20,7;20,1;20,6;20,4;20,4;20,5;20,1;20,5;20,6;21,2;20,4;20,2;20,4;20,4;20,7;20,5;20,8;20,7;20,5;20,2;20,5;20,5;20,4;20,7;20,5;20,7;20,5;20,2;20,5;20,7;20,4;20,9;23,3;25;25,5;25,5;25,3;25,2;25,6;27,1;28,7;29;29,5;30;30,2;30,4;30,8;31;31,2;31,7;32,1;31,8;32;31,8;32,1;32,2;32;31,7;31,5;31,5;31,3;31,5;31,6;31,4;31,2;31,3;31,5;31,6;31,3;31,3;31,4;31,2;31,1;31,1;31,5;30,8;31;30,9;30,8;30,9;30,9;31;30,8;31,1;31;30,8;31,2;31,1;31;30,5;30,9;31,3;31,1;31,1;31,2;31,3;31,5;31;31,7;31,3;31,5;32,2;32,1;32,8;32,5;32,4;33;33;32,9;33,9;34,1;34,3;35;35,5;35,8;36,2;36,9;37,8;37,7;35;30,3;26;24,4;24,6;26,3;30,8;35,6;38,6;39;38,2;37,7;36,9;36,1;35,5;34,6;34,2;33,8;32,9;33,1;32,9;32,5;32,4;32;31,7;32;31,7;31,4;31,1;30,9;30,8;30,5;30,7;30,9;30,9;30,4;30,5;30,3;30,4;30,4;30,1;30,3;31;30,4;30,5;30,5;30;30,4;30,6;30,7;30,7;30,6;30,9;30,9;31,2;31,4;31,1;31;31,2;31,4;31,7;32,2;32;31,8;32,4;32,6;32,8;33,1;33,6;34,1;34,5;34,7;35,2;36,2;36,9;37,9;38,6;39,5;41,2;41,7;40,6;38,6;37;35,8;34,3;33,6;31,3;28,9;26,8;25,8;25,5;26,5;30;33,2;35,5;36,1;36,3;35,7;35,8;35,6;35;34,6;34,7;35;34,3;34,1;33,9;34,3;33,8;33,5;33,6;33,5;33,1;33,1;33,2;33,1;33,6;32,9;33,1;32,8;32,8;32,7;32,8;33,1;33,1;32,2;32,5;32,5;32,6;33;32,9;32,6;32,5;32,5;32,6;32,1;32,2;32,6;32,8;32,8;32,6;32,6;32,9;32,8;32,8;33;32,6;32,1;32;31,8;32,2;32,2;32,4;32,6;32,6;32,7;32,6;32,2;31,8;31,2;31,1;30,8;30,4;30,4;30,1;30,2;30;30;29,7;29,3;28,9;28,7;27,4;26,8;26,4;25,8;25,2;25,4;24,7;23,4;22,5;21,6;20,5;20,5;20,5;20,7;20,7;20;20,4;20,8;20,7;20,4;20,2;20,6;20;20,5;20,5;20,4;20,6;20,9;20,6;20,4;20,6;20,5;20;20,5;19,8;19,6;20,2;20,5;20,7;20,6;20,2;20,7;20,1;20,9;19,9;20,4;20,4;21,5;20;21,1;20;20,6;20,2;20,1;20,5;20,9;21,1;20,9;20,6;20,5;20,6;20,5;20,7;20,7;20,1;20,1;20,6;20,1;20,1;20,4;19,9;19,9;19,9;20,4;20,7;20,5;20,5;20,5;20,4;19,9;20,4;20,6;19,8;19,8;20,2;20;19,9;20,4;20,4;20,4;20,4;20,2;20,5;20,5;20,2;20,2;20,4;19,9;20;20,4;20,6;20,1;20;19,6;20,2;20,1;19,8;20,2;20,5;19,6;20,4;20,2;20,2;20,5;19,6;19,9;20,6;20,1;20,5;19,8;20,1;20;20,5;20,1;20,6;20;19,6;19,5;20,4;20,2;20,4;20,2;19,9;19,9;20,1;19,9;20,1;20,1;19,8;20;20,2;20,4;20,2;19,9;20,1;20,1;19,5;20,2;20,1;20,6;20,4;19,5;19,9;20,2;20;20,6;19,9;19,8;20;20,1;20,2;19,8;19,9;20;20,1;20,1;20;20,1;20,2;20,1;20,2;20,1;20;19,5;19,8;20,5;20,4;20;20,2;19,4;20,1;19,4;20,1;19,6;19,9;19,521,6;21,2;20,8;21,2;21,2;21,1;21,8;21,5;21,2;21,2;21,5;21,6;21,4;21,2;21,2;21,5;21,2;21,4;21,5;21,4;21,4;21,6;21,9;21,5;21,4;21,2;22,2;21,9;21,8;21,5;22,1;21,4;21,8;21,4;21,6;21,6;21,5;21,6;21,2;21,5;21,9;21,9;21,9;21,9;21,8;22,1;21,8;21,6;22,2;22,3;22,2;22,2;21,6;21,6;22,1;21,8;21,5;21,6;21,6;21,4;21,9;21,8;21,2;22,2;22,3;21,8;21,6;21,6;21,5;22;21,8;21,2;20,9;21,2;21,4;21,6;20,9;20,8;20,4;21,5;21,1;21,2;20,8;20,9;20,9;20,8;20,9;21,2;20,9;20,8;20,6;20,7;20,7;20,5;20,6;20,6;20,7;20,7;20,2;20,4;20,4;20,5;20,4;19,9;20,4;20,7;20,8;20,6;20,4;20,6;20,4;20,5;20,2;20;20,2;20,1;20,1;20,2;20,4;20,1;20,1;20,1;20,1;20,1;20,1;20,6;20,6;20,2;20,6;20,6;20,2;19,8;20;19,9;20;19,8;19,9;20;20;20,6;20;20,1;20;20,5;20,5;20,5;21,1;20;20,2;20;20,1;20,5;20,6;20,5;20,1;20,4;20,2;20,8;20,4;20,4;20,6;20,8;20,4;20,7;19,9;20,5;20,4;20,5;20,6;20,1;20,5;20,5;20,5;20,6;20,2;20,4;20,7;20,7;20,2;20,1;20,5;20,4;20,4;20,8;20,4;20,5;20,2;20,2;20,4;20,7;20,5;20,8;20,6;20,2;20,7;23,1;24,7;25,4;25,4;25,5;25,5;25,7;27,5;29,2;29,3;29,7;30,1;30,3;30,7;31,1;31,3;31,6;31,7;32,1;32,2;32,7;32,5;32,4;32,4;32;31,5;31,6;32,1;32,1;32;31,7;31,6;31,5;31,4;31,4;31,4;31,8;31,7;31,1;30,8;31,3;31,4;31,2;31,2;31,2;31,4;31;30,5;30,7;31,1;30,8;30,9;31,6;31;31;31;31,2;31,2;31,6;31,4;31,1;31,6;31,7;31,8;31,6;31,4;31,2;31,7;32;32,2;31,8;32,8;32,6;33,1;33,4;33,3;33,2;33,8;34,2;34,6;35;35,7;36,1;36,7;37,5;38,2;37,8;35,4;30,7;26,1;24,3;24,6;26,5;30,6;36;39,2;39,5;38,6;37,8;36,9;36,3;35,7;34,7;34,3;34,2;33,5;33,1;32,7;32;32,1;32,2;32,2;31,5;31,3;31,4;31,1;30,7;31,1;31;30,8;31,5;30,3;30,6;30,8;30,9;30,4;30,3;30,3;30,6;30,1;30,7;30,7;30,8;31,1;31;29,7;30,9;30,8;30,7;30,9;30,9;30,7;31,7;31,4;31,3;31,5;31,6;31,6;31,5;31,8;32,7;32,5;32,6;32,9;33,1;33,7;33,9;34,3;35,1;35,5;36,3;37,2;37,9;38,6;39,8;40,9;41,5;40,7;39,2;37,6;36,2;34,3;33,1;31,8;29,2;26,7;25,7;25,5;26,5;30,3;33,2;35,5;36,3;35,8;35,7;36,1;35,5;35;34,7;34,2;34,6;34,4;34,3;33,9;34,2;34;33,6;34,2;33,6;33,1;33,2;33,1;32,8;33,5;33,5;33,3;33;32,7;33,2;33;32,7;32,9;32,8;32,8;33,1;33,1;33,2;32,7;32,4;32,9;32,7;32,7;32,7;32,8;32,8;32,4;32,7;32,7;32,2;32,7;32,8;32,6;32,8;32,7;32,8;32,7;32,4;32,5;32,5;32,4;32,7;32,8;32,6;32,6;32,1;31,7;31,4;31,3;30,9;30,6;30,4;30,2;30,1;30;29,7;29,7;29,9;29,1;28,6;27,8;26,5;26,3;25,6;25,3;25,3;24,5;23;22,1;21,6;20,7;20,1;20,7;20,7;20,7;20;20,2;20,6;20,5;20,5;20,1;20,2;20,5;20,7;20,5;20,2;20,2;20,5;20,6;20,2;20,4;20;19,9;20;19,9;19,9;20,5;20,5;20,5;20,6;19,9;20,2;20;20,9;19,8;20,2;19,8;20,1;20,1;20;20,1;20,4;20,6;19,8;19,8;20,6;20,1;20,1;20,1;20,1;20;20,1;20,1;20;20;20,2;20,2;20,5;20,5;20,1;20,6;20,1;19,9;20,5;20,1;20,4;20,4;20,4;20;20;20,9;20,5;19,9;20,1;20,2;20,1;20,1;20,4;20,5;20,5;20,4;20,1;20,1;20,1;20;19,9;20;20,1;20,1;20,4;20,7;20,1;19,8;19,8;20,4;20;20,1;20;20,5;19,8;20,2;20,2;20,1;20,5;20,2;19,9;20,1;20,5;20,1;19,6;20,1;20,1;20,4;19,9;19,6;20,1;19,8;19,5;20,7;20,5;20,2;20;20,1;20,4;20,8;20,7;20,2;19,6;20,1;20,4;19,9;20,1;20,2;20,4;20,1;19,9;20,2;20,4;19,6;20,2;20,2;19,5;20,6;20,4;20;20,2;19,6;20;20,1;20;20,1;20;19,8;20;20,2;20,4;20,2;20,2;20;19,9;20;19,9;20,2;19,8;20,1;19,9;20,2;19,8;20,2;20;19,9;19,6;20,2;19,6;19,6;2021,2;21,4;21,9;21,6;22;21,4;21,6;22;21,2;21,6;20,9;21,9;21,5;21,8;21,8;21,6;21,4;21,4;21,4;21,4;21,5;21,8;21,8;21,4;21,4;21,2;22;22;21,8;21,8;21,8;21,8;21,8;21,4;21,1;21,5;21,9;21,2;22,1;21,6;21,1;21,5;21,6;21,9;21,9;21,6;21,5;21,8;21,9;21,8;21,6;21,6;21,9;21,8;22;21,5;21,8;21,4;21,6;22;22;21,8;21,8;21,6;22,2;21,8;21,6;21,4;21,4;22,1;21,5;21,5;21,5;21,8;21,8;21,8;21,2;20,9;20,7;21,1;21,1;20,8;20,6;20,9;20,2;20,8;20,9;20,9;20,6;20,7;20,6;20,7;20,9;20,7;20,7;20,8;20,8;20,4;20,2;20,5;20,4;20,2;20,6;20,8;20,7;20,8;20,7;20,2;20,7;20,7;20,8;20,2;20,2;20,1;20,1;20,1;20,2;20;20,2;20,1;20,6;20,1;20,1;20,1;20,4;20,2;19,9;20,6;20,1;20,4;20,1;19,8;19,9;20,6;19,6;20,4;20,1;20,2;20,9;20,5;20;20,6;19,9;20,6;20,4;20,5;20,7;20,9;20,1;20,5;20,1;20,8;20,6;20,6;20,2;20,4;20,4;20,6;20,4;20,6;20,7;20,5;20;20,6;20;20,2;20,4;20,4;20,4;20,2;20,7;20,5;20,1;20,6;20,4;20;20,6;20,5;19,9;20,1;20,1;20;20,5;20,6;20;20,4;20,2;20,5;20,1;20,4;20,6;20,4;20;20,4;20,8;23;24,7;25,5;25,6;25,3;25,4;25,5;27,6;29;29,2;29,7;30;30,2;30,4;30,6;30,9;31,4;31,5;31,3;31,4;31,7;32;32;32,1;32,1;31,5;31,5;31,6;31,6;31,5;31,6;31,6;31,7;31,5;31,5;31,6;31,5;31,4;31;31,2;31;30,9;31;30,9;30,9;31,2;30,9;30,7;31,1;31,1;31;31;30,9;30,8;31,6;30,9;31,3;30,6;30,9;31,4;31,1;31;31,2;31,4;31,6;31,2;31,8;31,8;31,3;31,8;31,6;32,7;32,4;32,4;33,1;33,2;33,2;33,7;33,8;34,3;35,3;35,7;36;36,4;37;37,8;37,5;35;30,2;26,1;24,3;24,6;26,7;30,6;35,5;38,6;38,8;38,3;37,6;37;36,3;35,4;34,7;34,1;33,5;33,1;32,7;32,6;32,5;32,1;31,8;31,8;31,2;30,9;31,3;30,9;31,1;30,3;30,7;30,5;30,4;30;30,7;30,4;29,9;30,3;30,3;30,3;30,2;30,2;30,2;30;30,3;30,2;30,3;30,2;30,2;30,1;30,5;30,9;31;30,8;30,8;30,9;31,1;31,4;31,4;31,6;32;31,8;31,7;32,2;32,6;32,7;32,9;33,3;33,7;34,2;34,6;35,5;36,1;36,7;37,9;38,7;39,2;40,8;41,5;40,3;38,5;37,1;36;34,4;33;31;28,6;26,5;25,2;25;26,2;29,5;33,6;35,6;36,5;36,1;35,6;35,7;35,2;35,2;34,2;34,4;34,7;34,1;34,9;34,2;33,6;33,7;33,9;33,9;33,2;33,5;33;33,4;33;33,1;33;33,1;33,1;32,9;32,6;32,8;32,9;32,8;32,9;32,8;32,8;32,6;32,6;32,5;32,4;32,6;32,8;32,9;32,4;32,1;32,5;32,5;32,5;32,8;32,6;32,6;32,6;32,4;32,5;32,6;32,5;32,4;32,4;32,4;32,2;32,4;32,6;32,7;32,4;32,4;32;31,5;31,1;30,6;30,7;30,9;30,9;30,5;29,9;29,7;30,3;29,5;29,9;29,2;28,4;27,6;26,7;26;25,5;25,5;25,4;24,4;23,3;21,9;21,4;20,9;19,8;21,1;20,7;20,4;20,1;20;20,5;20,4;20,4;20,4;20,4;20,1;20;20,4;20,1;20,2;20,1;20,7;20,1;19,9;20,5;20;20,2;19,9;20,5;20,1;20,8;20,4;20,6;20;20,1;20,1;20;20,1;20,1;20,2;19,9;20,1;20,2;20,5;20,4;20,5;20,4;20,6;20,5;20;20,6;20;20,5;20,5;20,5;19,8;20,1;20,5;20,2;20,1;20;19,9;19,8;20,1;20,1;20,2;20,5;20,1;20;20,4;20,4;20,2;20,7;20,4;19,9;19,8;20,2;20,5;20;20;20,6;20,5;20,1;19,9;19,9;20;20;19,9;19,9;20;20,2;20,1;20,4;20,6;20,1;19,9;19,9;20,4;19,9;19,6;20,1;20,5;20;20,5;20,4;20,1;20,2;20;20,4;20;20,4;20,2;19,9;19,9;20,6;20,2;19,9;20,7;20,4;20,2;20,4;20,1;20,5;20,4;19,6;19,8;19,8;20;19,8;19,8;20,1;19,6;19,4;19,9;20;20,5;20,7;20;20,1;20,2;20,4;20;20;19,3;20,2;20,2;20;19,9;20;19,9;20,1;20,5;20,7;20,4;20;20;20,1;20,5;20,4;20;20,1;19,9;19,9;20;20,1;20,6;19,9;20,4;19,9;19,5;20;20,7;20,2;20,1;20;20;20,1;19,6;20,121,4;21,4;21,9;21,6;21,5;21,5;21,1;21,8;21,2;22;21,2;21,6;21,8;21,9;21,4;21,5;21,5;21,6;21,5;21,6;21,9;21,8;21,8;21,4;21,5;21,1;22;21,8;21,6;21,9;21,8;21,9;20,9;22,1;22,1;21,8;22;21,8;22,2;22,2;21,6;22;22,1;22,1;22;21,8;21,1;21,5;22,1;22;21,8;21,6;21,8;21,8;22,1;21,8;21,6;21,8;22;21,2;21,8;21,9;21,8;21,8;21,5;22,1;21,5;21,5;21,5;21,9;21,4;21,6;21,6;21,9;21,9;21,6;20,9;21,2;21,1;21,5;21,1;20,9;20,8;20,9;20,5;20,2;20,7;20,7;20,6;20,7;20,7;20,8;20,9;20,6;20,6;20,9;20,9;20,2;20,5;20,7;20,6;20,9;20,9;20,5;20,2;20,5;20,6;20,6;20,8;20,8;20,4;20,2;20;19,9;20,1;20,5;19,8;19,8;20,5;20,5;19,8;20,2;20;20;20,4;20,7;20,2;20,4;20,4;20,8;20,1;19,9;20,7;20,4;20;19,8;20,8;20,1;20,1;20,1;20,9;20,2;20,4;20,2;19,9;20;20,5;20,5;20,4;20,4;19,9;20,1;20,6;20,6;20,2;20,4;20,4;20,4;20,2;20,5;20,7;20;20,2;20,5;20,2;20,4;20,2;20,2;20,5;20,1;20,7;20,6;20,2;20,6;20,1;20,4;20,4;20,5;20,1;20,7;20,2;20,1;20,5;20,1;20,4;20,4;20,5;21,1;20,4;20,5;20,6;20,4;20,2;20,7;21,4;22,9;24,8;25,5;25,4;25,4;25,6;25,7;27,8;29;29,3;29,9;29,7;30,1;30,5;30,8;30,9;31,2;31,6;31,7;31,4;31,8;32,1;31,8;32,1;32,2;31,6;31,3;31,5;31,7;32,1;32,2;31,8;31,6;31,8;31,5;31;31,3;31,7;31,8;31,2;31,2;31,3;31;31,2;31,2;31,2;31,1;31;30,7;30,9;30,8;31,1;31;30,9;31,2;31,2;30,9;31,1;31,1;31,4;31,5;31,1;31,1;31,6;31,3;31,6;31,1;31,4;31,4;32,2;32,4;32,1;32,1;33;32,7;32,8;33;33,6;34;34,3;35,3;35,8;35,9;36,8;36,9;37,5;37,6;35,1;30,3;26,3;24,5;24,8;26,3;30,7;35,8;38,7;39;38,4;37,6;36,6;35,9;35,6;35;34;34;33,3;33,3;32,8;32,4;32;31,7;31,3;31,8;31,3;31,1;30,9;30,6;30,8;30,6;30,6;30,4;30,6;30,6;30,7;30,3;29,9;30,8;30,2;30,2;30,3;30,6;30,2;30,2;29,7;30,5;30,2;30,3;30,4;30,5;30,6;30,8;30,6;30,9;31,1;31,1;31,4;31,6;31,4;31,7;32,1;32,1;32,6;32,8;32,8;33,1;33,3;34,1;34,7;35;35,4;36,1;37;37,7;38,5;39,6;40,9;41,6;40,3;38,9;37;35,9;35,2;33,4;31,4;29,1;26,6;25,6;25,5;26,2;29,9;33,7;35,6;36,5;36,4;36,1;35,7;35,6;34,9;35,7;34,7;34,7;35;34;34,3;33,7;34,1;33,7;33,7;33,9;33,6;33,7;33,4;33,7;33,6;33,3;33,7;33,1;33,3;33;32,8;32,9;32,7;32,9;33,1;32,8;32,8;32,9;33;32,9;32,6;32,5;32,8;33;32,7;32,6;32,8;32,7;32,5;32,6;32,6;32,7;32,7;32,7;32,6;32,6;32,5;32,1;32,5;32,5;32,4;32,6;32,2;32,2;32,5;32;31,6;31,4;31;30,8;31,1;30,7;30,2;30,1;29,7;30,3;30;29,7;29,2;28,5;27,6;26,7;26,1;25,7;25,5;25,5;24,7;23,5;22;21,1;20,7;20,2;20,6;20,4;20,1;20,1;20,4;20,4;20,5;20,6;20,8;20,2;19,9;20;20,7;20,1;20,5;20,5;20,5;20,2;20,1;20,7;19,9;20,1;19,9;20,4;19,9;20,5;19,6;19,8;19,8;20,5;20;20,4;20,1;20;20,8;20,2;20,1;20,6;19,6;20;20,4;20;20;20,1;21,1;20,2;20,2;20,2;20;20,6;20,2;20,1;19,8;20,1;20;20,4;20,5;20,7;20,2;20,4;20;20,1;20,1;20,2;20,2;20;20,1;20,6;20,7;20,4;20,2;19,9;20,2;20,6;20,5;20;19,6;20,1;20,1;20;20,2;20,2;20;20,2;20,2;20;20;20,2;20,1;20,2;20,4;19,8;20,2;19,9;19,4;19,9;20,5;20,5;20,5;20,4;20,2;20,2;20;20,5;20,1;20,4;20;20;20,1;20,4;20,2;20,4;20,4;20,1;20,5;19,8;20;20,5;20,2;20;20,5;20,6;20,2;20,2;20,1;20,1;20;19,9;20,2;20,6;20,1;19,4;20;20,7;20,2;20,4;20,4;19,6;20,1;19,9;20,2;20,5;20,1;20,1;20;19,8;20,6;20,7;20,1;20,2;20,1;19,6;20,1;20,6;20,2;20,2;20,2;20,1;19,9;19,9;20,2;19,9;20,5;19,5;19;20,4;20,7;19,9;20,2;20;20,5;19,9;20,6;19,821,8;22;21,5;21,2;21,5;21,9;21,5;21,8;21,6;22;21,9;20,9;21,8;21,5;21,4;21,4;21,6;21,9;21,6;21,5;21,8;21,5;21,5;21,2;21,9;21,4;21,9;21,9;21,9;21,5;21,4;21,8;21,5;21,8;21,4;20,9;21,9;21,6;21,6;21,6;21,5;21,8;21,9;22;21,8;21,5;21,5;21,4;21,5;21,4;21,2;21,6;22,2;22,2;21,5;21,2;21,6;22;21,5;21,1;21,4;21,4;21,4;21,5;21,9;21,9;21,1;21,6;21,2;21,6;21,2;21,4;21,5;22;21,2;21,4;20,9;21,2;20,9;21,6;20,7;21,6;20,9;20,9;20,8;20,5;20,5;20,7;20,9;20,8;20,8;21,1;20,9;20,6;20,6;21,1;21,1;20,9;20,8;20,7;20,9;21,1;20,8;20,5;20,2;20,4;20,6;20,8;20,8;20,5;20,2;20,2;20,4;20,6;20,8;20,5;20,5;20,1;20,1;20,2;20,5;20,5;20,2;20,6;20,2;20,4;20;20,6;20,5;20,5;20,1;20,1;19,9;20,2;20,2;20,6;20,7;20;20,4;20,5;20,2;20,2;20,6;20,6;20,6;20,4;20,2;20,6;20,4;20,2;20,4;20,2;20,9;20,8;20,1;20,2;20,2;20,5;20,5;20,4;20,6;20,2;20,1;20,1;20,5;20,4;20,5;20,7;20,7;20;20,4;20,5;20;20,4;20,1;20,7;20,6;20,7;20,5;20,6;20,2;20,5;20,4;20,7;20,5;20,6;20;20,8;20,6;20,9;20,4;20,6;20,6;20,4;20,8;22,9;24,8;25,6;25,7;26;25,7;26,1;27,6;29;29,2;29,5;29,9;30,3;31;31;30,8;31,4;31,7;31,7;31,7;32;32,2;32,1;31,6;31,4;31,6;31,8;31,7;31,6;31,6;31,5;31,3;31,5;31,5;31,5;31,4;31,4;31,6;31,4;31,6;31,6;31,2;31,1;31,1;31,2;31,1;30,8;30,7;30,9;31,2;31,2;30,8;31;30,9;30,8;31;31,3;30,9;31,3;31,3;31,5;31;31,3;31,3;31,3;31,2;31,4;31,8;31,5;32,2;31,8;32,8;32,7;32,4;33;33;33,3;33,7;33,6;34,2;34,7;35;35,9;36,4;37,1;37,4;37,4;35;30,3;25,8;24,4;24,7;26,6;31,1;35,9;38,8;39;38,3;37,5;36,6;36,1;35,6;35,2;34,5;33,9;33,3;32,7;32,1;32,1;31,7;31,5;31,5;31,5;31,4;31,5;31,2;31,1;30,8;31;31,1;30,4;30,8;30,3;30,5;30,2;29,5;30,4;29,9;30,5;30,1;30;30,4;30;30;30,1;30;30,4;30,3;30,3;30,5;30,8;30,5;30,8;30,8;30,8;31,3;31,3;31,4;31,4;31,2;31,8;32,4;32,2;32,7;32,9;33,3;33,5;33,8;34,5;35,1;36,1;37;37,8;38,7;39,6;41,1;42;40,7;38,9;37,6;35,7;34,5;33,2;31,2;28,6;27,1;25,7;25,2;26,2;30,4;33,3;35,1;36;35,9;36,1;36;36;35,9;35;34,6;34,6;34,7;33,9;34,7;33,9;34,4;33,5;33,9;33,1;33,6;33,4;33,6;33,9;33,3;33,5;33,5;34;33,7;33,3;33,4;33,1;33,2;33,3;33,3;33,2;32,7;32,9;33,1;32,7;32,7;32,6;32,6;32,5;32,8;33,1;32,8;32,9;32,7;32,8;33;32,9;32,9;32,8;33;33;32,8;32,7;32,5;32,6;32,6;33;32,5;32,1;32,1;32;32;31,4;31,2;30,9;31;30,7;30,1;30,4;30,2;29,9;30,1;29,1;29,3;28,6;27,7;26,8;26,2;25,7;25,5;25,3;25;23,1;22;21,2;20,2;20,7;20,4;20,2;20,2;20,1;20,7;20,2;20,2;20,2;20,8;20,5;20,1;20,4;21,1;20,7;20,6;20,5;20,2;20,5;20,7;19,9;20,4;20,2;19,9;20,1;19,9;20,5;20,7;20,1;20,4;19,8;20,2;20,5;20,1;20,6;20,4;20,4;19,9;20,5;20,2;20,6;20,5;20,5;19,4;20,4;20,7;20,2;20,2;20,4;20,2;20,1;20,7;20,7;20,2;20,4;20,1;20,5;20,2;20,1;20,5;20,5;20,2;20,2;20,8;20,7;20,2;20,2;20,6;20,4;20,4;20,2;20;20;20,4;20,2;20,2;20,2;20;20,2;20,4;20,1;20,1;20,2;20,1;20,2;20,4;20,1;20,1;20,1;19,8;20,1;20,4;19,8;20,2;20;19,4;20,1;20,5;20,6;20,5;19,6;20,4;20,1;19,9;20,1;19,9;20,4;20,1;19,5;19,4;19,9;20,2;20;20,6;19,9;20,1;20;19,4;20,1;20,7;20,1;19,5;19,5;20,5;20,2;20;20,1;20,2;19,8;19,6;20,2;20,4;20,1;19,9;19,4;19,8;19,9;19,8;20,1;19,9;20;19,8;20,1;20,1;20,1;19,9;20,4;20,7;20,4;19,6;20;20,4;20;19,9;20,6;20,2;20;20;20,1;20;19,9;19,9;19,6;20,1;19,5;19,2;20,1;20,1;19,6;20,2;19,8;20;19,8;20,7;19,521,8;21,8;22;21,8;22,1;21,5;21,8;22;21,9;21,8;21,9;21,1;21,8;21,8;21,8;21,6;21,8;21,9;21,6;21,4;21,5;22;21,4;21,4;21,9;21,8;22;22,1;21,6;21,6;21,5;22;21,6;21,4;21,6;20,8;22;21,8;21,5;21,6;21,6;21,9;22,1;21,8;21,4;21,8;22;21,8;21,5;21,9;22;21,9;22,1;21,5;21,8;21,8;21,2;21,8;21,5;21,5;21,6;21,1;21,5;21,6;21,4;21,5;21,2;21,6;21,6;21,5;21,4;21,1;21,2;21,8;21,1;21,2;20,7;20,8;21,1;21,2;20,6;21,2;20,9;20,7;20,9;20,7;20,5;20,7;20,8;20,8;21,1;20,9;20,6;20,5;20,6;20,8;20,7;20,6;20,4;20,5;20,6;20,6;20,5;20,4;20,6;20,2;20;20,1;20,5;20,6;20,4;20,4;20,5;20,7;20,5;20,4;20;19,8;20,5;20;19,8;20,6;20,4;20,4;20,2;20,4;20,2;20,4;19,9;20,5;20,5;19,9;20,4;19,9;20,4;20,5;20,1;19,8;21,2;20,1;20,1;20,4;20,2;20,7;20,4;20,2;19,9;20,4;20,2;20,7;20,7;20,5;20,7;20,1;20,2;20;20;20,4;20,2;20,6;20,5;20,1;20,1;20,2;20,5;20,2;20,5;20,6;20,5;20,1;20,2;20,4;20,5;20,4;20,6;20,4;20,7;20,6;20,5;20,5;20,6;20,7;20,7;20,7;20,2;20,4;20;20,6;20,4;20,6;20,5;20,8;20,5;20,5;20,6;22,5;25,1;25,5;25,7;25,7;25,4;25,8;27,6;29,2;29,5;29,7;30;30,1;30,6;30,6;30,8;31;31,7;32,4;32,5;32,6;32,4;32,1;32,2;31,8;31,6;31,6;31,8;31,8;31,7;31,6;31,8;32;31,8;32,1;31,8;31,6;31,7;31,5;31,5;31,4;31,4;31,4;31,2;31,1;30,7;30,9;31,4;31,4;31,4;30,7;30,8;31,4;31,2;31,1;30,6;31,4;31,2;31;31,4;31,2;31,5;31,4;31,5;31,6;31,4;31,8;31,3;32,1;32,1;32,5;32,5;32,2;32,8;32,6;33;33,6;33,5;33,9;34,6;34,9;35,2;35,7;36,6;37,2;38;37,2;34,7;30,3;26;24,4;24,8;26,5;31;36;39;39,4;38,6;37,9;37;36;35,6;35,2;34,2;33,9;33,5;32,6;32,2;32,6;32;32;31,7;31,5;31,3;31,3;31,4;30,7;30,6;30,7;30,6;30,5;30;30,4;30,2;30,2;30,1;30,2;29,4;30;30,2;30,7;30,3;30,3;30,9;30,4;30,3;30,3;30,5;30,5;31;31,1;30,5;30,8;31;31,2;30,9;30,9;31,2;31,5;31,6;32;32,2;32,5;33;33,2;33,8;34;34;35;35,9;36,6;37,5;38,2;39;39,6;41,1;42;41;39,1;37,4;35,9;34,6;33,3;31,6;29;26,8;25,7;25,6;26,5;29,7;33,8;35,5;36,2;36,1;35,9;36,1;35,8;34,9;35,3;35;34,9;34,4;34,5;34,1;34,4;34,2;33,8;34,2;34;33,8;33,4;33,7;33,4;33,9;34;33,9;33,8;33,6;33,3;33,4;33,5;33,5;33,3;33,2;33,1;33;33,2;33,1;32,8;32,8;33;33,2;33,2;33;32,9;32,9;32,9;32,9;32,9;33,1;33,2;32,7;32,6;33;32,9;32,7;32,8;32,4;32,2;32,2;32,9;33;32,7;32,2;32,5;31,7;31,2;31,1;31;31;30,7;30,2;30,3;30,2;30,1;29,7;29;29,3;28,7;28;27,1;26,2;25,7;25,7;25,3;25,2;23,3;22,3;21,4;20,5;20,6;20,6;20,2;20,2;20,4;20,4;20,4;20,4;20,2;20,5;20,6;20,2;20,5;20,4;20,8;20,4;20,2;20,4;20,6;20,4;20;20;20,6;20;20,1;19,9;21,2;20,8;20,6;20,1;19,6;20,4;20,1;20,1;20,2;20,4;19,9;20,1;20,2;20,1;20,4;20,7;20,4;19,5;20,1;20,5;20,2;19,9;21,1;20,1;20,1;20;20,2;20,2;20,1;20,4;20,2;20,8;20,1;20;20,5;20,7;20,1;20,6;20,2;20,2;20,1;20,2;20,2;20,2;20,1;20;20;20,4;20;20,2;20,2;20,2;20,1;19,9;20;20,4;20,1;20;20;20,1;20,2;20;20,4;20,1;19,9;19,9;20;20;20;19,6;20;20,4;20,2;20,5;19,5;20,2;20;19,8;19,9;20,1;20,1;20;19,9;19,4;20,4;20,1;19,3;20,2;20,1;20,2;19,8;19,9;20;20,5;20,1;20,5;20,5;20,2;20,2;20,5;20,2;20;20,1;20,2;20,2;19,9;19,8;20;20,1;20,1;19,9;20;20,5;20;19,6;20,1;19,6;20,2;20,1;20,2;20,5;20,2;19,9;19,9;20,2;20,4;20;19,8;19,9;20,1;20,1;20;19,9;20,1;20,4;20,1;19,9;20,2;20,1;19,5;19,8;19,9;20,2;20,1;20;20,2;20;20,2;19,922;22;22;22,3;22,1;22;21,8;22;21,8;22,2;21,6;21,9;22;22,1;22;22;22;21,8;21,5;21,5;22;22,1;21,9;21,9;21,5;22,1;22;22,1;21,6;21,9;22,2;22,1;21,8;21,2;21,8;21,5;22,1;21,9;22,1;21,9;21,6;21,5;21,6;21,8;22;22;21,9;21,9;21,9;21,8;21,8;21,5;21,6;21,9;22,2;21,5;21,6;22;21,4;21,4;22;21,2;21,8;21,4;21,9;21,1;21,6;21,8;22;21,4;21,2;21,5;21,2;21,1;21,4;21,1;20,7;21,1;21,1;21,5;20,7;20,8;20,8;20,6;20,8;20,9;20,7;20,9;20,8;20,9;21,2;20,9;20,8;20,8;20,9;21,1;20,6;20,2;20,4;20,7;20,7;20,7;20,5;20,7;20,9;20,7;20,5;20,5;20,6;20,6;20,4;20,5;20,4;20,6;20,1;20,4;19,9;19,9;20,1;20,2;20,1;20,2;20,4;20,1;20,2;20;20,2;20,7;20,2;20,4;20,4;20,6;20,2;20,7;19,9;20,2;20,4;20,8;20,7;20,1;20,5;20,6;20,5;20,9;20;20,1;20,4;20,5;20,1;20,6;20,6;20,5;19,9;20,2;20,4;20,2;20,5;20,2;20;20,5;20,4;20,1;20,2;20,6;20,2;20,4;20,4;20,2;20,1;20,1;20,2;20,5;20,7;20,4;20,5;20,1;20;20,6;20,7;20;20,5;20,7;20,6;20,4;20,4;20,4;20,4;20,8;20,1;20,4;20,7;20,4;20,2;20,6;21,1;22,2;24,7;25,2;25,3;25,3;25,4;26,1;27,5;29;29,9;29,7;30;30,2;30,7;30,8;30,8;31,1;31,6;32,4;32,2;32,4;32,2;31,8;31,7;31,6;31,8;31,6;31,6;31,7;31,5;31,7;31,7;31,5;31,4;31,2;31,2;31,5;31,5;31,5;31,7;31,6;31,7;31,1;31,1;31,2;31,2;30,9;31;30,6;31;31,1;31,2;30,5;31;30,9;31,2;30,7;30,6;30,6;31;30,9;31,2;31,1;31,5;31,1;31,6;30,9;32;31,8;32,1;32,2;32,2;32,4;32,8;32,6;32,5;33,6;33,6;33,6;34,2;34,4;35,3;35,8;36,5;37,2;37,8;37,5;34,9;29,5;26;24,6;24,7;26,5;30,8;35,7;39;39,3;38,4;37,5;37;36;35,4;35,1;33,9;33,4;33,1;32,9;32,6;32,4;32,1;31,7;31,2;31,1;31;31;31,1;30,6;29,3;29,9;29,4;29,9;30,3;29,9;30,4;30;29,4;29,5;29,4;30;30;29,9;29;29,3;29,2;29,9;29,5;30,1;30,3;30,3;30,1;29,7;30,1;30,5;30,6;31,2;31,3;31,2;30,9;31,1;31,6;31,8;32,2;32,5;32,6;32,8;33;33,7;34,4;34,9;35,5;36,1;36,7;37,7;38,5;39,5;41;41,7;40,3;38,8;37,4;35,7;34,4;33,3;31,6;29;26,2;25,2;24,8;25,7;29,9;33,2;35,4;35,7;36,8;35,9;36;35,5;35,4;35,6;34,5;35;34,4;34,5;34,1;34;34;33,9;34;33,7;34;33,7;33,6;34,1;34,3;33,7;33,6;33,4;33,5;33,4;32,9;32,8;33,4;33,2;32,8;32,9;33;32,9;33;32,9;33,1;33,1;33,2;32,8;32,5;32,8;32,9;32,9;32,8;32,9;32,9;32,9;32,8;32,9;32,9;32,9;32,8;32,6;32,6;32,5;32,2;32,5;32,7;32,8;32;32,1;31,8;31,4;31,2;31;31;30,4;30;29,9;29,9;30,3;29,4;29;29,2;28,8;28,1;26,8;26,2;25,8;25,7;26;25,1;23,5;22,1;21,4;21,2;20,5;20,6;20,2;20,2;20,7;19,9;20,8;20,4;20,7;20,1;20,7;20,2;20,1;20,5;21,1;20,2;20,5;20,5;20,4;20,1;19,9;20,1;21,1;20,2;20,6;19,8;20,9;20,9;20,5;20,1;20,6;20,4;19,6;19,6;20,6;20,6;20,4;20;20,4;20,2;20,1;20,7;20,7;19,5;20,2;20,9;20,7;20,1;20;20,5;20,4;20,6;20,6;20,5;20;19,9;19,6;20,1;20,2;20,7;20,5;20;20,4;20,1;20;20,1;20,1;20,1;20,7;20,2;19,9;20;19,6;19,8;20;20,1;20,1;20,2;20,2;20,2;20,2;20,5;20,4;20;20;20,2;20,4;20,1;20,4;20,6;20,2;19,9;19,8;20,2;20,2;20,2;20,1;20,4;20,1;20,7;19,9;20,1;20,2;20;20,2;20,5;20;20,1;19,8;20,1;20,1;20,7;19,8;20,8;20,1;20,5;20,2;20,4;20,4;20,4;20;19,9;20,1;20,2;20;20;20,2;20,1;20;20,2;20,5;20,7;20,6;20;19,6;20,4;20,7;20,2;20,5;20,2;20,2;19,4;20;20,2;20,6;20,4;20,1;20,5;19,9;20,1;20,7;20,5;20,2;20,2;20,1;20,4;20,2;20,1;20,1;20,4;20,6;20,4;20,2;20,7;20,2;19,8;19,9;20;20,2;20,2;20;20;20,6;19,9;20,121,9;21,9;21,9;22,3;21,9;21,9;21,6;21,9;21,8;22,5;21,9;21,5;21,8;21,9;21,9;21,9;21,9;21,8;21,8;21,9;22;22;22,1;22;21,8;21,9;22;22,3;21,8;21,9;22,1;22,2;22,1;21,6;22,6;21,9;22,5;22;22;21,9;22,2;22;22;22,1;21,8;21,6;21,8;22,1;22,5;22,1;21,8;22;22,2;22,1;22,6;21,9;21,6;21,6;22,1;21,2;21,9;22,2;21,8;21,9;21,6;21,4;22;22;21,9;21,5;21,8;22;21,5;21,5;21,6;21,8;20,8;21,2;21,2;21,6;20,9;20,8;20,9;20,9;21,1;20,8;20,7;20,9;21,1;20,9;20,9;21,4;21,6;20,9;20,7;20,7;20,7;20,7;20,6;20,6;20,5;20,5;20,4;20,6;20,8;20,7;20,5;20,6;20,6;20,6;20,5;20,2;20,4;20,6;20,4;20,4;20,7;20,6;20,6;20,1;20,2;20,8;20,6;20,6;20,8;20,8;20,5;20,2;20,2;21,2;20,4;20,5;20,8;20,1;19,9;20,4;20,6;20,5;20,5;20,4;20,6;20,6;20,8;20,6;20,4;20,6;20,5;20,8;20,4;20,4;20,4;20,7;20,2;20,5;20,4;20,8;20,7;20,4;19,9;20,5;20,6;20,5;20,2;20,5;20,2;20,2;20,7;20,5;20,6;20,2;20,4;20,8;20,7;20,5;20,4;20,5;20;21,1;20,5;20;20,5;20,4;20,5;20,8;20,5;20,7;20,7;20,6;20,7;20,4;20,7;20,2;20,4;20,6;21,1;22,8;24,6;25,3;25,3;25,5;25,5;26;27,7;29,2;29,5;29,7;30,1;30,3;30,7;30,8;30,9;31,4;31,7;31,5;31,8;32,2;32,1;32;31,7;31,2;31,5;31,7;32;31,8;31,8;32;31,8;31,7;31,8;31,8;31,7;31,8;31,8;31,4;31,2;31,2;31,4;31,1;31,3;31,4;31,3;31,1;30,9;30,8;30,7;31;31,5;31,3;31,4;30,9;30,6;31,2;31;30,8;31,3;31,4;31,3;31;31,3;31,2;31,4;31,2;31,8;31,8;31,7;31,7;32,4;32,2;32,4;32,9;33,3;33,4;33,6;33,9;34,4;34,7;35,5;35,9;36,7;37,1;37,9;37,7;35,1;30,1;25,6;24;24,5;26,6;31;35,7;38,8;39,1;38,2;37,4;36,8;36;35,3;34,9;34,3;33,4;33;32,5;32,4;32,5;31,8;31,6;31,5;31,3;30,8;30,8;30,5;30,7;29,9;29,9;30,4;30;30,2;29,9;29,2;29,5;30;30,1;29,7;30,2;29,2;29,4;29,9;29,4;29,9;29,7;30;30,1;29,9;30,2;30;30,2;29,9;30,5;30,9;30,8;30,7;31;31,1;31,2;32;32,1;32,1;32,4;32,7;33;33,3;33,9;34,1;34,5;35,5;36,2;36,8;38;39;40,1;41,3;41,9;41;39;36,9;35,8;34,9;33,4;31,4;28,8;26,4;25,5;25,4;26,2;29,9;33,3;35,5;36,6;36,4;36;35,9;35,7;35,2;35,3;34,9;35;34,6;34,9;34;35;33,8;34,5;33,8;34;33,7;33,9;34,1;34,1;34;33,5;34;33,7;33,3;33,6;33,7;33,8;33,9;33,5;33,3;33,6;33,5;33,4;33,2;32,7;32,7;32,8;32,8;32,9;33,1;32,9;32,9;33;32,9;33;33;33,1;33,1;33;33;32,6;32,5;32,5;32,8;32,8;32,5;32,5;32,5;32,8;32,5;32,4;32,2;31,5;31,1;31;30,9;30,5;30,3;30;30,1;30,1;29,4;29,3;29,4;28,8;28;27,1;26,4;26,1;25,7;26,5;24,8;23,9;22,2;21,6;21,2;20,7;20,4;20,6;20,4;20,7;20,2;20,7;20,5;21,1;20;20,7;20,4;20,5;20,4;20,8;20,4;20,2;20;20,4;20,7;20,5;20,5;21,2;20,2;20,2;20,1;20,9;21,1;20,2;20,7;20,4;20,4;20,5;20,1;20,7;20,1;20,2;20;19,9;20,8;20,4;19,8;19,8;20,1;20,8;20,7;20;20;20,6;19,8;20,6;20,1;20,2;20,2;20,1;20;19,6;20,5;20,7;20,4;20,9;20,5;19,9;20,4;20,1;20,1;20,6;20,4;20,5;20,7;20,2;20,1;20,4;20,5;20,6;20,6;20,6;20,4;19,9;20,1;20,6;20,1;19,9;19,9;19,9;20,2;20,6;20,4;20,5;20,5;20,1;20;20,2;20,8;20,5;20,6;20,4;20,4;20;20,7;20,5;19,9;20,4;20,7;20,5;20,5;20,5;20,2;20,4;20,5;20,7;20,1;20,2;20,4;20,7;20,1;20,2;20,4;20,1;20,2;20,2;20,2;20,1;19,8;20,5;20,8;20,5;20,2;20,4;20,7;20,7;20,5;20,8;20,7;20,4;21,4;21,5;20,6;20,4;20,5;20,7;19,5;21,2;20,1;20,4;20,1;21,2;20,4;20,8;20,2;20,8;20,6;20,5;20,8;20,5;20,7;20;20,1;20,5;20,2;20,1;20,2;20,4;20,5;19,8;19,9;20,1;19,6;19,8;20,5;19,9;19,9;20,4;20,4;19,821,5;21,8;21,5;22,1;21,8;21,5;21,6;21,6;22,1;22,1;21,9;21,1;21,4;21,6;21,6;21,6;21,6;21,8;22;21,9;21,6;21,5;22;22;21,9;22;22,1;22;22,1;21,5;21,4;22;21,8;21,8;21,8;21,8;22,1;21,9;22,1;21,9;21,6;22,1;22,5;22,1;21,6;21,6;21,5;21,6;21,8;21,8;21,5;21,5;21,5;21,4;21,8;21,8;22,1;21,5;22,1;21,4;21,6;21,5;21,4;22,1;21,5;21,4;21,6;21,8;21,9;21,1;21,5;21,6;21,2;21,5;21,2;21,5;20,8;21,1;21,1;21,5;20,9;20,9;20,9;20,8;21,2;20,8;20,6;20,9;21,1;20,9;20,8;21,1;20,9;20,7;20,9;20,9;20,8;20,9;21,1;21,2;20,8;20,9;20,6;20,8;21,1;20,9;20,8;21,2;20,9;20,5;20,7;20,7;20,6;20,5;20,5;20,6;20,9;20,6;20,7;20,7;20,9;20,5;20,7;20,9;20,4;20,8;20,7;20,7;21,1;20,4;20,9;20,8;20,8;20,4;20,4;21,6;20,8;20,5;20,6;20,7;20,9;20,7;20,6;20,5;20,8;20,4;20,4;20,8;20,4;20,2;20,6;21,4;20,7;20,8;20,6;21,1;20,8;20,6;20,2;20,7;20,7;20,6;20,6;20,7;21,1;20,2;20,7;20,8;20,9;20,6;20,7;20,8;20,5;20,9;20,8;20,8;20,4;20,9;20,2;20,8;20,7;20,5;20,7;21,4;20,8;20,6;20,6;20,5;20,7;20,9;20,2;20,6;20,6;20,6;21,4;23,4;24,8;25,8;26;26,1;25,8;26,4;27,8;29,5;30;30,3;30,3;30,3;30,8;30,7;31,2;31,5;31,7;32,2;32,5;32,6;32,5;32,2;32,2;32,4;32,4;32,1;32,2;32;31,8;31,8;32;31,8;31,5;31,6;31,8;31,8;31,6;31,5;31,4;31,5;31,7;31,3;31,5;31,2;31,1;31,2;30,8;31,2;31,2;31,3;31,2;30,8;31;31,3;31,3;31,5;31,1;31,4;30,8;31,3;31,2;31,3;31,6;31,6;31,3;32;31,5;31,7;32;32,4;32,5;32,4;32,8;32,7;32,9;33,2;33,7;34,2;34,7;35,2;35,1;35,9;36,6;37,4;38,1;37,8;35,2;30,1;26;24,5;24,8;27,1;31,1;35,9;39;39;38,4;38;37;36,4;35,7;34,9;34,2;33,9;33,6;33,1;32,8;32,4;31,6;31,5;31,6;31,5;31;30,5;30,4;30,2;29,9;30;29,7;29,9;29,5;29,5;29,4;29,7;29,3;29,9;29;29,3;29,9;29;29,3;30,2;29,7;29,5;29;29,3;30,1;30;30,1;30,2;30,2;30,7;30,6;30,4;30,6;30,9;31,1;31,4;32;32,2;32,2;32,4;33,1;33,4;33,6;33,8;34,1;34,9;35,5;36,2;37,4;38,5;39;40;41,3;42,4;41;39,1;37,5;35,9;34,9;33,4;31,2;28,9;26,7;26,4;25,8;26,1;30,2;33,4;35,4;37;36,5;36,5;35,7;36;35,2;35,3;35;35;34,6;34,5;35,2;35,1;34,3;34,4;34,1;34,5;34,2;34,5;33,8;33,8;33,9;34,1;34,3;34,2;34,2;33,8;33,8;33,6;33,6;33,5;33,5;33,3;33,4;33,3;33,4;33,4;33,3;33,2;33,2;33,2;33,3;33,3;33,1;33,3;33,2;33;33,2;33;33,1;33,2;33,3;33,5;33,1;32,4;32,6;32,9;32,7;32,6;32,7;32,7;32,7;32,5;32,2;31,7;31,1;31,3;30,9;30,8;30,5;30,3;30,1;30,2;30,1;29,4;29,9;28,9;27,9;27,1;26,7;26,5;26;26,3;25,3;23,8;22,8;21,9;21,1;21,4;20,2;20,8;20,6;20,9;20,6;20,4;20,5;21,2;20,4;20,6;20,5;20,7;20,4;20,4;20,4;20,2;20,5;20,2;20,7;20,7;20,4;21,2;20,8;20,4;20,4;20,8;21,1;20,6;20,8;20;20,6;20,4;20,5;20,5;20,9;20,7;20;20,9;20,1;21,1;20,5;20,7;20,2;20,5;20,4;20,7;20,4;20,6;20,1;20,1;20,8;20,7;20,8;20,6;20,6;20,2;20,7;20,2;20,4;20;20,7;20,4;20,1;20;20,6;20,6;20,5;20,9;20,7;20;20;20,4;20,7;20,5;20,6;20,6;20,5;20,2;20,2;20,7;20,5;20,1;20,1;20,2;20,4;20,5;20,4;20,6;20,2;19,8;19,8;20,1;20,4;20,2;20,5;20,1;20,5;20;20,8;20,6;20,1;20,1;21,2;20,4;20,1;20,8;20,1;20,2;20,2;20,2;19,8;20,4;20,1;20,8;20,2;20,1;20,6;20,6;20,2;20,5;20,2;20,5;19,6;19,8;20,6;20,5;20;20,1;20,2;20,1;20,6;20,8;20,5;20,2;20;20,2;20;20,6;20,8;20,4;20,4;20,2;20,8;20,4;19,8;20,8;20,5;20,1;19,5;20,5;20,1;19,5;20,2;20,4;20,1;19,8;20,1;20,1;19,9;19,9;20,1;20,2;20,1;19,6;20,1;19,8;19,5;19,6;20,8;19,4;20,1;19,9;20,1;19,321,6;21,8;21,8;21,5;21,6;21,6;21,6;21,4;22,1;21,6;21,9;21,2;21,2;21,8;21,6;21,5;21,5;21,4;21,8;21,6;21,6;21,5;21,8;21,8;21,5;21,4;21,9;21,8;22,1;21,8;21,5;22;21,2;21,9;20,9;21,6;21,5;21,6;21,1;21,4;20,9;21,5;21,9;21,6;21,2;21,5;21,5;21,2;21,8;21,5;21,5;21,2;21,1;20,8;21,8;21,8;21,8;20,9;21,6;21,1;21,5;21,2;21,2;21,4;21,1;21,1;21,2;21,5;21,4;20,9;21,2;21,1;21,2;21,2;20,9;20,7;20,7;20,7;20,7;21,1;20,7;20,9;20,9;20,7;20,9;20,8;20,8;20,7;20,6;20,7;20,6;20,4;20,2;20,6;21,5;21,6;21,4;20,8;20,4;20,9;20,9;20,8;20,8;20,6;20,7;20,8;20,6;20,7;20,5;20,6;20,1;20,2;20,4;20,4;20,7;20,6;20,2;20,4;20,5;20,5;20,6;20,6;20;20,2;20,5;20,5;20,5;20;20,7;20,6;20,6;20,5;20,5;20,7;20,4;20,5;21,2;20,2;20,9;20,7;20,6;20,2;20,7;20,5;20,6;20,4;20,4;20,4;20,4;20,1;20,5;20,8;20,7;20,5;20,8;20,8;21,1;20,6;20,5;20,4;20,6;20,5;20,6;20,8;21,5;20,5;20,6;20,8;20,7;20,2;20,8;20,6;20,5;20,8;20,6;20,8;20,4;20,6;20,6;21,1;21,1;20,6;20,7;20,8;21,1;20,5;20,5;20,6;20,6;20,9;20,2;20,6;20,8;20,6;21,6;23,5;25;25,5;25,6;25,6;25,5;26,3;27,7;29,4;30,1;30,6;30,1;30,5;31;30,9;31;31,6;32,1;32,4;32,4;32,8;32,6;32,2;32,1;32,4;32,2;32;31,8;31,8;31,8;32;31,7;31,5;31,8;32,2;31,8;31,7;31,4;31,6;31,8;31,8;31,7;31,4;31,2;31,3;31,6;31,6;31,3;31,2;31,2;31;31,3;31,8;31,5;31,5;31;30,9;31,2;31,1;31,2;31,2;31;31,1;31,6;31,4;31,4;31,8;31,6;31,8;32;32,2;32,7;32,4;32,8;33;33,1;33,8;33,5;34,2;34,7;35,1;35,5;35,9;37,2;37,9;38;37,7;35,1;30,2;26,5;24,7;25,1;27,2;31,4;36,4;39,1;39,5;38,7;38;37,1;36,5;35,9;35,1;34,2;34;33,5;33,5;32,8;32,8;31,8;31,5;31,2;31,1;30,4;30,2;30;29,4;28,6;29,3;29,4;29,3;28,5;29,4;29,2;28,9;28,6;28,8;28,9;28,9;29,1;29;28,5;29,3;29,1;28,6;29,4;29;29,1;28,8;29,3;29,9;29,4;29,5;29,9;29,7;30,2;30,8;30,7;30,9;31,5;32,2;32,5;32,7;33,2;33,4;33,5;34,2;34,2;34,6;35,6;36,2;37,1;38,5;39,3;40,3;41,2;42,4;41,1;39,4;38,2;36,3;34,6;34;31,5;29,1;27,4;25,8;25,5;26,5;30,2;33,8;35,9;36,5;36,5;37;35,9;35,8;35,5;36,2;36;35,6;35,6;35,3;34,3;34,9;34,9;34,9;34,6;34,7;34,6;34,5;34,2;34,2;34,2;34,2;34,5;34,5;34,9;34;34,3;34,1;33,9;34,1;33,9;33,9;34;33,8;33,4;33,3;33,6;33,8;33,6;33,6;33,2;33,2;33,6;33,4;33,3;33,2;33,3;33,4;33,2;32,9;32,9;33,2;33,2;33;32,9;32,8;32,7;33;33,2;32,9;32,7;32,4;32,2;32,1;31,5;31,3;30,9;30,7;30;30,4;30;30,3;30,4;30;29,7;29;28,1;27,4;26,8;26,6;26;26;25,4;23,4;22,5;21,9;20,8;21,4;20,4;20,7;20,8;20,7;20,4;20,1;20,8;21,1;20,7;20,7;19,9;20,6;20,6;20,5;20,4;20,6;20,7;20,1;20,4;20,1;20,1;20,9;20,4;20,7;20,1;20,5;20,8;20,2;20,4;19,9;20,8;20,7;20,2;20,4;20,2;20,4;20,7;20,5;19,8;20,9;20,2;20,2;20;20,4;19,6;20,7;19,5;20,2;20;19,5;19,4;20,5;20;20,4;19,9;20,1;20,2;20,7;20,2;20,6;20,4;20,4;20,7;20,1;20,2;20;19,9;20,2;20,4;19,9;19,8;19,5;20,4;20,1;20;20,2;19,9;20,1;20,5;20,4;20,6;20,2;20;20;20,2;20;20,1;20,5;20,2;20;19,9;19,8;20,1;20,2;20,1;19,9;20,5;20,4;20,9;19,8;20,5;20;20,7;20,1;20,2;20,6;20,4;19,5;19,6;20;19,5;19,8;20,7;20,5;19,8;20,1;20;20,2;19,9;20,5;20,2;20,1;20,1;20;19,9;19,8;20,1;20,2;20;20;20;20;20,7;20,9;20,1;20,1;20;20,5;20,1;20,2;19,3;19,5;20,2;20,7;19,6;20,1;20,5;20;19,6;20,5;20;20,4;19,9;20,1;20;19,6;20;20;19,9;20;20;19,8;19,8;19,5;20,4;19,8;19,5;19,9;20,5;19,6;20;19,6;20,2;19,922;21,9;22;21,5;21,8;22;22;21,5;22;21,5;22,2;21,5;21,5;21,9;21,8;21,5;21,8;21,8;21,5;21,5;21,6;21,6;21,4;21,6;21,6;21,6;22,3;21,9;21,9;21,6;20,8;21,8;21,2;21,8;21,2;21,5;22;21,8;21,5;21,2;21,5;21,9;21,8;21,5;21,4;21,6;21,8;21,4;21,2;21,4;21,4;21,4;21,2;21,6;21,8;21,1;21,6;20,8;21,5;21,4;21,2;21,5;20,9;20,9;20,9;21,2;21,5;20,9;21,1;20,6;21,2;21,2;21,2;21,2;21,2;20,8;20,9;20,4;20,6;20,8;20,6;20,7;20,7;20,6;20,6;20,5;20,5;20,5;20,6;20,6;20,5;20,4;20,6;20,6;20,7;20,6;20,4;20,4;20,4;20,6;20,8;20,5;20,1;20,1;20,7;20,8;20,6;20,2;20,4;20,4;20,4;20,8;20,8;20,5;20,6;19,8;20,5;20;20,2;20,5;20,2;20,7;20,5;20;20,5;20;20,6;20,7;19,9;20,2;20,9;19,9;20,6;20,2;20,1;19,6;20,6;20;20,4;20,2;20,1;19,9;20,6;20,1;20,2;20,4;20,6;20,1;20,2;20,1;20,1;20,4;20,2;19,8;20,7;20,7;20,5;20,5;20,4;20;20,6;20,4;20,5;20,8;20,6;20,2;20,5;20,2;20,4;20,2;20,6;20,7;20,2;20,6;20,1;20,8;20,2;20,6;20,4;20,5;20,8;20,6;20,7;20,5;20,5;20,5;20,6;20,5;20,2;20,7;20,2;20,7;20,2;20,4;20,9;23,4;24,8;25,2;25,3;25,4;25,5;26,2;27,8;29,2;29,5;30,3;30,2;30,5;30,8;31;31,2;31,2;32;32,2;32,1;32,6;32,5;32,1;31,8;32;31,7;32;32,2;31,8;32,1;32,1;31,8;31,7;31,5;31,7;31,7;31,6;31,6;31,6;31,8;31,3;31,5;31,1;31,3;31,3;31,2;31,3;31,3;31,3;30,9;31;31;30,8;30,8;30,9;30,9;31,3;30,8;30,7;31,2;30,9;31,1;31,5;31;31,2;31,5;31,2;32,2;32;31,7;31,6;32,1;32,2;33;32,8;32,7;33,4;33,8;33,8;34,2;34,9;35,5;35,8;36,6;37,4;37,7;37,6;35,2;30,1;25,8;24,4;24,6;26,5;31,1;36,2;39;39,1;38,2;37,8;37,2;36;35,4;35,1;34,3;33,8;33,3;32,6;32,4;32,6;31,7;31,5;31,3;30,3;28,6;28;27,5;27,1;27,5;27,1;26,8;27,2;26,8;27,5;27,2;27,2;26,7;27,6;27,4;27,4;26,8;26,7;27,4;27,6;27,5;27,2;27,5;27,2;27,6;27,7;27,8;27,7;28,2;28,4;28,2;28,1;28;28,6;29;30,1;31,1;31,5;31,7;32,1;32,2;32,8;33,5;33,8;34,3;35,1;35,5;36;36,9;37,8;39,1;40,1;41,2;42;41,1;39;37,6;36,2;34,9;33,4;31,4;29;26,4;25,5;25,4;26,5;30,5;34,5;35,8;36,6;36,8;36,5;36,1;36,6;36,1;36;35,1;35,4;35,3;34,9;35,1;34,6;34,6;34,9;34,4;34,5;35,1;35,1;34,5;34,2;34,4;34,4;34,6;34,2;34,3;34,3;34,2;34,1;34,1;33,8;33,6;34,1;34;33,8;33,5;33,1;33,1;32,9;33,4;33,5;33,2;33,1;32,8;33,3;33,3;33,2;33,1;33,2;33,3;33,4;32,9;33;33,1;32,7;32,7;32,4;32,6;32,8;32,8;32,4;32,6;32,2;32;31,6;31,3;30,9;30,9;30,6;30,4;30,3;30;30,1;30,3;29,7;29,2;28,9;28;27,6;26,2;26,2;26;26;25,1;23,6;22,2;21,6;20,5;20,6;20,4;19,9;20,6;20,5;20,4;20,2;20,5;20,1;20,8;20,6;20;20;20,7;20,8;20;20,2;20,2;20,1;20,2;20,7;20,1;20,5;20,1;20,1;20,5;20,4;20,4;20,2;19,8;19,9;20;20,5;20,1;20,5;20;20,2;20;20,5;20,6;19,6;20;20;20,1;20,9;20,2;20,4;19,9;19,9;20;19,8;20,1;19,6;20,4;19,9;19,8;20,7;19,9;20,2;19,6;20;20,6;20,5;20,5;20,1;20,5;19,8;19,8;20,2;20,1;20;19,6;19,5;20;20,1;19,9;20;20,2;19,9;20,1;19,9;19,9;19,8;20;19,9;19,6;19,9;20,1;20,2;20;19,9;19,9;19,9;20,2;20;19,9;20;20,2;20,5;20,7;19,9;20,2;20,1;20,6;20,2;20,1;19,9;20,5;19,4;19,9;20,1;20,4;20,2;20,5;20,2;20,2;19,8;20,1;20,1;20,2;20,2;20,1;19,6;19,4;19,5;20,2;20,1;20,2;20,2;20,4;20,5;20,4;20,1;20;20;20;20,4;20,2;20,2;19,9;19,9;20,1;20;20,6;21,4;20,5;20,6;20,2;20,4;20,6;20,2;20,1;19,9;20,4;20,2;20;20,1;20,2;20,1;19,9;19,9;19,9;20,1;20;20;20,7;20,4;20;20,4;20,5;20;20,4;19,9;20,4;20,422,6;21,9;22;21,5;22,3;22;22;21,8;22;22;22;22;21,8;21,8;21,6;21,9;22,3;22,5;21,9;21,5;21,8;21,9;21,9;21,5;22;22,2;22,3;21,6;21,6;22,2;21,9;22,1;22,3;22,3;22,1;21,9;21,6;21,5;21,8;21,6;21,6;22;22,5;22,2;21,9;21,9;21,9;21,9;22,1;21,9;21,9;21,8;21,9;21,6;21,9;21,4;21,4;21,5;21,2;21,4;21,1;21,2;21,1;21,5;21,2;22,1;21,6;20,8;21,9;20,7;21,2;21,8;21,5;20,9;21,2;21,2;21,1;20,8;20,9;21,2;21,1;21,1;20,7;20,6;20,8;20,7;20,6;20,7;20,8;20,8;20,6;20,7;20,9;20,5;20,6;20,8;20,4;20,2;20,7;20,5;20,6;20,7;19,9;20,2;20,8;20,6;20,4;20,2;20;20,5;20,6;20;20,1;20,5;20,1;20,4;20,2;20;20,7;19,8;20,5;20,4;20,5;20,7;20,1;20,2;20,5;20,2;20,4;20,6;20,1;20,6;20,2;20,2;20,1;20,6;20,2;20;20,9;20,1;20,2;20;20,4;20,6;20,6;20,2;20,1;20,6;20,4;20,1;20,2;20,2;20,2;20,2;20,2;20,5;20,2;20,6;19,9;20,2;20,6;20,2;20,5;20,8;20,4;20,5;20,4;20,2;20,4;20,4;20,4;20,4;20;20,5;20,2;20,4;20,2;20,9;20,1;20,2;20,7;20;20,7;20,8;20,5;20,2;20,4;20,6;20,1;20,6;20,1;20,5;20,1;20,6;20,7;23,3;24,8;25,3;25,2;25,6;25,5;26,2;27,6;29,1;29,5;30,2;30,1;30,5;30,7;30,5;30,9;31,2;31,6;31,7;31,7;32,2;32,4;32;31,5;31,8;31,8;32;32,5;31,7;31,5;31,5;31,5;31,6;31,6;31,4;31,4;31,6;31,6;31,3;31,2;31,2;31,6;31,5;31,2;30,9;30,8;30,6;30,5;31,1;30,9;30,8;31;31;30,7;30,6;30,8;31,1;31,3;30,6;30,7;30,8;31;31,1;31,2;31;31,4;31,7;32,2;31,7;31,7;32;32,2;32,2;32,5;33;32,6;33,2;33,6;33,4;34,4;34,7;35;35,9;36,5;36,8;37,4;37,4;34,6;29,7;25,8;24,4;24,5;26,5;31,2;36,3;39;39;38,2;37,7;36,7;35,5;35,1;34,7;34;33,4;33;32,9;32,5;31,7;31,6;31,5;30,9;28,6;25;23,8;23,3;23,4;23,4;23,5;23,6;23,1;23,5;22,6;22,9;23;22,8;23,4;22,7;23,4;23;23,5;24,5;23,7;23,3;23,5;23,6;23,5;23,7;24,3;24,4;24,3;23,8;23,8;23,9;24,3;24,5;24,4;25,1;27,2;29,5;31;31,4;31,6;32,2;32,7;33,1;33,6;34,1;34,3;34,7;35,7;36,9;38,2;38,9;39,6;41;41,7;40,5;38,6;37;36;34,7;33,2;31,4;28,7;26,4;25,3;25,5;26,3;30,3;33,8;35,6;36;36,5;36,5;36,4;35,8;36,1;35,9;35,1;35,1;35,8;35,1;35,4;34,7;35,1;34,7;35,4;34,5;34,7;34,9;35;34,6;34,6;34,4;34,4;34;34,4;34,5;33,9;33,8;33,9;34;33,8;33,6;33,8;33,9;33,5;33,2;33;33,3;33,7;33,3;33,1;32,9;32,9;33;33;33,1;33,2;33,1;33,2;33;32,8;32,9;33,1;32,5;32,7;32,4;32,6;32,8;32,8;32,6;32,4;32,8;31,8;31,6;31,2;30,7;31;30,7;30,7;30,4;30,1;30,1;30,2;29,7;29,5;28,9;28;27,4;26,2;25,6;26;25,5;25,1;23,4;22,7;21,5;20,7;20,6;20,2;19,8;20,5;20,1;20,2;20,1;19,9;19,8;20,7;20,2;20,6;20;20,5;20,5;20;20;20,4;20;20;20,9;19,9;20,4;20,1;20,4;20,2;20,8;20,1;20,6;20;20,1;20,5;20,1;19,9;20,7;20,2;19,5;19,9;20,2;20,6;20,1;20,9;20,1;19,8;19,6;20,6;20,7;19,5;20,4;19,8;19,8;20,6;20;19,5;19,6;19,9;20,1;20,1;19,4;19,9;20,1;20,1;20;20,4;20,1;20,1;20,2;19,9;20,2;20,1;19,9;20,4;20,6;20,4;20;20;20;19,8;19,6;20,2;20,2;20,6;20,2;20,1;20,1;20,2;20,5;20,2;20,4;20,4;19,9;19,8;20,2;20,4;20,1;20,1;20,4;20,5;20,4;20,6;20,6;20,4;20,6;20,9;20,2;19,9;19,8;20,5;20;19,9;20,1;20,5;20,2;20,2;20,5;20,2;20,1;20,9;20,5;20,4;20,2;20,2;20,2;20,4;20,2;20,1;20,4;20,4;20,4;20,6;20,9;21,1;20,9;21,2;21,2;20,9;20,9;20,7;20,5;20,4;20,4;20,7;20,7;20,4;20,5;20,9;20,6;20,7;20;20,1;20,5;20,2;20,1;20,6;20,8;20,1;20,2;20,2;20,2;20,1;20,1;20,4;20,6;20,5;20,5;20,6;20,4;20,2;20,6;20,5;19,9;20,4;20,1;20,8;2022,1;22;21,8;21,5;22,6;22;21,8;21,6;21,8;22,2;21,8;21,6;21,6;21,6;21,8;22,1;22,5;22,3;21,8;21,2;22;21,6;21,8;22,1;22;21,9;21,9;22,1;21,9;21,6;22;22,2;21,9;22,1;22;21,8;22,1;21,8;21,8;22;21,9;21,6;21,9;21,9;21,6;21,8;21,8;21,8;22;21,6;21,2;21,5;21,5;21,8;22,1;21,8;21,8;21,6;21,2;21,4;20,9;21,4;21,6;21,6;21,4;21,8;22,1;21,2;21,2;21,5;21,5;21,5;21,5;20,8;20,9;21,2;21,1;21,2;21,5;21,6;21,2;21,1;20,9;20,8;21,1;20,8;20,7;20,9;20,9;20,8;20,9;21,1;20,9;20,2;20,5;20,8;20,9;21,2;21,1;21,1;20,7;21,1;21,5;21,5;20,9;20,2;20,1;20,6;20,9;20,8;20,5;20,5;20,4;20,7;19,9;20,4;20,8;20,1;21,1;20,5;20,4;20,5;20,2;19,9;21,1;20,2;20,8;20,1;20,1;20,6;20,5;21,2;20,7;20,2;20,8;20,1;20,7;20,4;20,7;21,1;20,2;20,9;20,7;21,1;20,8;20,4;20,5;21,1;20,7;20,7;20,6;21,1;20,4;20,7;20,6;20,5;20,5;20,9;20,6;20,7;20,8;20,6;20,2;20,5;20,8;20,6;20,5;20,8;20,7;20,7;20,4;20,5;20,5;20,6;20,6;20,5;20,5;21,2;20,4;20,5;20,8;20,2;20,8;20,9;20,7;20,5;20,5;20,6;20,6;20,7;20,6;20,4;20,6;20,6;21,1;23,1;25;25,6;25,3;25,6;25,5;26;27,6;29,3;29,9;30;30,2;30,9;31,1;31;31,4;31,3;31,6;32;31,8;32;32,1;32;32;32;32,1;32;32;32,1;32;31,7;31,3;31,6;31,7;31,5;31,5;31,8;31,8;31,6;31,6;31,5;31,7;31,4;31,4;31,3;31,5;31,1;31,4;31,1;30,9;31,2;31;31,2;31,2;31,5;30,6;31;31,1;30,8;30,6;30,6;31,3;31;31;31,2;31,1;31,7;31,2;32,1;32,5;32;32;32,9;32,8;32,4;32,5;33,3;33,4;33,2;34;34,5;35;35,5;36,6;37,4;37,9;37,4;34,6;30;25,8;24,4;24,7;27,2;31,7;36,2;38,7;38,7;38;37,6;37;36;35,4;34,7;34,1;33,8;33,5;32,5;32,1;32,1;31,6;31,2;30,4;27,4;23,1;21,9;21,6;21,5;20,8;20,5;21,5;20,9;21,1;21,4;21,1;20,6;21,2;21,1;21,4;21,5;21,4;21,8;21,9;21,6;22;21,2;21,6;21,8;21,5;21,1;20,8;20,8;20,7;21,1;21,5;21,9;21,8;21,1;21,8;24,7;29;31;31,7;31,7;32,2;32,8;33,2;33,5;33,9;34,5;35,5;36,3;37,1;38,3;39;39,9;41,4;42,4;41,2;39,1;37,6;36,1;34,6;33,6;31,2;28,7;26,6;25,8;25,6;26,3;30,5;34;36;37;36,9;36,6;36,4;36,3;36,1;36,4;35,6;35,9;35,6;35;34,7;35,1;35,2;34,7;35,3;35,3;35,1;35,3;35;35,3;35,1;35,3;35,3;35,2;35;34,7;34;33,9;34,1;34,4;34,2;33,9;33,9;33,5;33,4;33,5;33,6;33,7;33,6;33,7;33,7;33,4;33,3;33,3;33,2;33,3;33,5;33,2;33;32,9;33;33;32,6;32,8;32,6;32,5;32,7;32,6;32,6;32,8;32,5;32,6;32;31,7;31,2;31,2;31,1;30,7;30,4;30,3;30,6;30,2;30,1;30,3;29,9;29,2;28,2;27,3;26,5;26;25,8;25,3;25,5;23,7;22,5;21,5;20,9;20,7;20,7;20,7;20,7;20,1;20,1;20,2;20,2;20,1;20,9;20,1;20,6;20;20,5;20,2;20,6;20,1;20,6;20,1;20,2;20,6;20,4;20,6;20,5;20,8;20,5;20,6;20,9;20,1;20,5;20,1;20,7;20,4;20,4;21,1;20,2;20,5;20,4;20,1;20,6;20,9;20,8;20,4;20,4;20,2;20,8;20,8;20,5;20,4;20,5;21,2;19,9;21,1;20,1;20,5;20,5;19,9;20,6;20,7;19,9;20;20,6;20,6;20,6;20,4;20,7;20,5;20,2;20,5;20,5;20,2;19,8;20,2;20,7;19,8;20;20,2;20,2;20,2;20,5;20,7;20,8;20,6;20,2;20;20;20,5;20,5;20,7;20,7;20,4;20,1;20,4;20,7;20,5;20,4;20,5;20,5;20,6;20,6;20,7;20,4;20,1;20,6;20,2;19,8;19,9;20,7;20,6;19,8;20;20,2;20;20,4;20,2;20,6;20;20,7;20,1;20,4;20,7;20,2;20,1;20,8;20,6;20,5;19,8;20;20,7;20,6;20,5;20,7;20,5;20,2;20,2;20,2;20,1;20,6;20,9;20,1;20,4;20,4;20,5;20,5;20,4;19,8;20,2;20,4;20,1;20,1;20,4;20,2;20,1;20,1;20,5;19,9;20,2;20,2;20,2;20,6;20,2;20,2;20,2;20,2;20,4;19,9;20;20;20,4;20,5;19,6;20,1;19,9;20,4;2021,5;21,9;21,6;21,5;21,9;21,8;21,5;21,4;21,6;22,1;21,8;21,5;21,2;21,5;21,8;21,6;21,9;22;21,6;21,5;21,6;21,5;21,8;22;21,6;21,8;21,5;22;21,8;21,8;21,1;21,5;21,6;21,4;21,8;22,1;22,1;21,9;22,3;22;21,5;22;21,8;21,5;21,6;21,4;21,5;21,2;21,5;21,5;21,4;21,8;21,8;21,4;21,8;21,6;21,5;21,2;21,6;21,8;20,9;21,2;21,6;21,9;21,2;21,1;21,4;21,2;20,6;21,4;21,4;21,2;21,2;20,8;20,9;21,2;21,1;20,8;21,1;21,6;21,1;20,6;20,6;20,8;20,8;20,8;20,7;20,8;20,8;20,7;20,7;20,8;21,2;20,9;20,7;20,6;20,5;20,7;20,8;20,9;20,8;20,9;20,8;20,6;20,8;20,8;20,6;20,7;20,1;20,8;20,6;20,6;20,4;20,7;20,7;20,9;20,4;19,9;21,1;20,1;20,7;20,7;20,6;20,1;20,8;20,2;20,9;20,5;20,6;20,2;20,1;20,7;20,8;20;20,7;20,2;20,1;20,4;20,6;20,4;20,7;20,5;20,6;20,2;20,8;20,2;20,9;20,8;20,7;20,4;20,6;20,8;20,2;20,8;20,8;20,8;20,6;20,9;20,7;20,9;20,8;20,7;20,7;20,5;20,8;20,5;20,5;20,7;20,9;20,6;20,6;20,8;20,8;20,6;20,6;20,8;20,8;21,2;20,5;20,6;20,8;20,7;20,6;20,6;20,7;20,9;20,7;20,7;20,6;20,8;21,2;20,5;20,9;20,6;21,5;23,3;25,3;25,7;25,6;25,5;25,6;26,2;28,1;29,9;29,9;30,1;30,5;30,9;30,8;30,8;30,8;31,5;32;32,2;32,6;32,4;32,2;32,4;32,2;32,2;32;32,5;32,7;32,1;32,5;32,4;32;31,8;32;32,1;32,4;32,1;32,5;32,2;31,6;31,8;32;31,8;31,6;31,5;31,7;31,5;31,6;31,6;31,4;31,4;31,4;31,4;31,4;31,3;31,1;31;31,3;31;31,7;31,8;31,7;31,2;31,2;32,1;31,4;32,5;32,6;31,7;32,4;32,4;32,7;32,7;32,5;33,2;33,3;33,5;33,6;34,3;34,5;35,1;35,6;36,1;36,6;37,2;38;38;35,2;29,5;26,2;24,5;24,5;27,2;31,6;36,4;39,3;39,5;38,6;38;37;36,3;35,7;34,9;34,2;34,1;33,5;33,2;32,8;32,1;31,6;31,2;30,7;27,9;23,7;22,6;20,9;21,4;21,1;21,8;21,5;20,9;20,9;21,2;21,4;21,1;20,4;21,5;21,4;21,4;20,9;20,6;20,7;21,2;21,8;21,1;21,2;21,1;20,7;21,1;21,4;20,6;20,9;21,2;21,1;21,5;21,6;21,6;21,9;24,8;29,2;31,2;31,8;32,2;32,2;32,9;33,4;33,9;34,7;35,4;36;36,6;37,4;38,4;39,1;40,3;41,9;42,5;40,9;39;37,6;36;35,2;33,7;31,8;29;27,1;25,8;25,3;26,2;30,6;34,2;36,2;37,8;36,7;37,6;36,1;36,5;36,3;36,1;36,2;35,9;35,7;35,5;35,8;35,9;35,6;34,9;35,9;35,6;35,7;35,8;35,9;35,9;35,8;35,4;35,1;34;33,8;33,6;33,6;33,4;33,8;33,9;33,6;33,9;34,3;34,4;34,1;34,2;34,3;34;33,6;33,6;33,8;33,9;33,9;33,8;33,3;33,2;33,5;33,4;33,4;33,4;33,5;33,5;33,1;32,9;32,7;33;32,9;33,1;33,1;33,1;32,8;32,2;32,2;31,8;31,7;31,4;31,2;30,7;30,6;30,4;30,6;30,5;30,3;30,5;29,7;29,4;28,4;27,4;26,8;26,1;25,8;25,7;25,4;23,8;22,1;21,6;21,5;20,7;20,8;20,8;20,7;20,1;20,4;20,2;20,4;20,6;20,9;20,4;20,5;20;20,7;20,7;20,8;20,4;20,5;20,8;20,2;20,4;20,8;21,4;20,4;20,2;20,6;20,4;21,4;20,1;20,1;20,5;20,7;20,2;20,5;20,9;20,2;20,5;20,4;20,6;20,6;20,2;20,7;20,7;20,5;21,1;19,8;21,2;20,4;20,4;21,1;20,4;20,1;20,7;20,4;20,9;20,1;20,1;20,7;20,8;20,4;20,5;20,2;20,2;20,8;20,4;20;20,4;20,4;20,6;20,5;20,4;20,4;20,4;20,2;20,7;20,7;20,9;20,7;20,7;20,5;20;20,2;20,8;20,5;20,4;20,4;20,5;20,6;20,6;20,8;20,7;20,1;20;20,4;20,5;20,5;20,6;20,6;20,6;20,5;20,5;20,1;19,9;20;20,4;20;20,1;20,2;20,5;19,8;20,1;20,5;19,6;20,6;20,4;20,2;20;20,2;20,2;20,1;20,7;20,1;20;20,2;20,2;20,4;20,4;20;19,9;20,5;20,5;20,2;20,5;20,6;20,5;20,4;20;20,1;20,1;20,1;20,5;20,4;20,2;20,4;20,4;20,1;20,8;20,2;20,1;20,1;20,4;20,2;20,1;20,1;20,4;19,8;20,1;20,5;20,2;20,1;20,1;19,9;20;20,2;20,2;20;20,1;19,8;19,8;20,5;19,4;19,9;19,8;19,8;19,922;21,6;21,6;21,8;21,9;21,5;21,5;21,2;22;22,2;22;21,5;21,2;21,5;21,6;21,6;21,8;21,6;21,8;22;21,1;21,4;21,8;21,6;21,6;21,2;22,3;21,9;20,8;21,1;21,5;20,6;21,2;21,8;21,4;21,2;21,9;21,4;21,5;21,4;20,9;21,1;21,2;21,1;21,2;21,1;20,9;20,7;21,1;20,8;21,2;21,1;20,8;20,8;21,5;21,5;21,6;20,8;21,1;21,4;21,5;21,2;21,4;21,6;21,4;21,1;20,6;21,1;20,6;20,9;20,9;20,9;21,1;20,7;20,8;21,2;20,8;20,6;20,7;20,9;20,8;20,7;20,7;20,7;20,7;20,6;20,5;20,6;20,6;20,5;20,6;20,7;20,6;20,6;20,9;20,7;20,7;20,5;20,4;20,7;20,8;20,8;20,5;20,4;20,7;20,9;20,5;20,6;20,4;20,6;20,2;20,2;20,1;20,2;20,7;20,4;20,4;20,1;20,4;20,5;20,5;20,4;20,5;20,9;20,2;20,5;20;19,8;20,4;20,2;20,4;20,7;20,5;20,5;20,2;20,1;20,1;20,4;20,5;20,7;20,5;20,1;20,4;20;20,6;20,1;20,5;20,8;20,7;20,4;20;20,2;20,2;20,5;20,5;20,6;20,7;20,7;20,4;20,8;20,9;20,6;20,6;20,4;20,2;20,5;20,5;20,7;20,7;20,2;20,6;20,7;20,6;20,2;20,1;20,6;20,9;21,1;20,2;20,7;20,2;20,4;20,5;20,5;20,6;20,7;20,6;20,8;20,6;20,8;20,8;20,8;21,1;21,1;21,5;23,4;25,1;25,6;26,1;25,6;25,6;26,5;28,1;29,5;29,5;30,1;30,7;30,7;30,6;31;30,9;31,4;32,2;32,5;32,6;32,9;33;32,6;32,2;32,2;32,1;32;31,8;32;32,7;32,1;31,8;32,2;32,1;32,2;32,1;32,1;32,1;31,7;31,8;31,7;31,5;31,5;32;31,8;32,1;32;31,6;31,5;31,4;31;31,4;31,4;30,9;31,5;31,6;31,3;31,3;31,6;31,5;31,5;31,1;31,4;32;31,3;31,5;31,7;32;31,4;32,1;32;32,4;32,9;32,4;32,9;33;33,2;33,5;34,4;34,6;34,9;35,6;36,3;36,6;37,1;38;37,5;34,5;30,2;26,2;24,4;24,5;26,8;31,4;36,4;39,2;39,6;38,8;37,8;36,8;36,1;35,4;35,2;34,7;34;33,6;32,6;32,5;32,7;31,8;31,1;30,6;27,9;23,5;21,9;21,2;21,9;21,5;20,7;20,8;21,1;20,9;21,2;20,6;20,9;21,2;22;20,9;20,5;20,4;21,9;21,1;20,7;21,2;21,6;20,9;21,6;20,7;21,4;21,5;21,5;21,4;21,6;21,4;21,4;21,5;21,5;22,2;25,1;29,3;31,3;31,7;32,6;33,1;32,9;33,2;34;34,4;35,2;35,9;36,5;37,5;38,6;39,3;40,2;41,6;42,4;40,9;39,3;37,8;36,2;35,2;33,5;31,8;28,4;27,2;26,4;25,8;26,6;30,8;34,1;36,3;37,6;37,6;37;36,7;36,4;35,9;36,4;36,1;36,5;35,9;36;36;35,7;36;36,1;36;36,2;36,1;36,1;36,9;36,1;35,4;34,4;33,4;32,7;32,4;32;31,6;31,7;32,1;32,2;32,9;33,1;33,5;34;34,1;34,1;34;34;33,9;33,9;34;34,1;34;33,9;33,7;33,4;33,4;33,5;33,4;33,3;33,2;33,1;33,1;33,1;32,6;32,9;32,8;33;32,8;32,7;32,7;32,2;32,4;31,8;31,6;31,4;30,8;31;30,7;30,8;30,6;30,6;30;30,1;30;29,2;28,4;27,5;27,1;25,8;26,1;26,1;25,5;23,4;22,1;22;21,2;20,9;20,6;20,5;20,8;20,4;20,4;20,1;20,2;20,4;20,9;20,6;20,2;20,2;20,6;20,6;20,7;20,1;20,6;21,1;20,2;20,2;20,6;21,2;20,2;20,2;20,2;20,7;21,2;20,1;20,5;20,5;20,5;19,9;19,9;20,8;20,4;20,2;20,4;20,7;20,5;20,6;20,2;19,6;19,9;21,1;20,1;20,2;20;20,6;20;20,9;20,6;20,7;20,2;20;19,9;19,9;19,8;21,4;19,6;20;20,2;20,1;20,4;20,2;20,7;20,7;20,6;20,4;20,2;20,1;19,9;19,8;20,2;20,2;20;20,2;20,1;20,2;20,1;20,2;20,6;20;19,8;19,8;19,8;19,9;20,5;20,6;20,5;20,4;20;19,9;20,1;20,5;20,4;20,5;20,1;20,4;20,5;20,4;19,8;20;20;20,2;20,1;19,9;19,5;20;19,5;19,9;20,4;19,6;20,5;20;19,4;19,9;20,4;20,1;20;20,5;20,1;19,8;20,2;19,8;19,6;19,6;20;20,4;19,8;19,5;20,2;20,4;19,6;19,3;19,9;20,5;20,2;20;19,9;19,9;19,9;20,1;20,4;19,6;19,8;19,9;19,9;19,9;20;20,2;20;20,2;20;19,8;19,6;20,2;20,1;20,1;20;19,9;19,9;20,2;20,1;19,8;20,1;19,6;20;19,9;20,5;19,6;19,9;19,8;19,9;19,622,1;21,9;21,4;21,6;22,1;21,5;21,5;20,9;21,5;21,9;22,1;22,1;21,6;21,5;22;22,3;22;21,4;21,1;21,5;21,4;21,9;21,6;22;21,5;21,5;22;22,2;21,4;21,2;21,2;21,6;22;21,6;21,6;21,4;21,6;21,8;21,8;21,6;21,6;21,6;21,2;21,1;21,6;21,6;21,6;21,9;22,1;21,4;21,5;21,5;21,2;20,8;21,8;21,6;21,1;20,7;21,1;20,9;21,5;21,5;21,4;21,5;21,6;20,9;20,8;21,2;20,9;20,9;21,2;20,9;20,7;20,5;20,8;20,9;20,8;20,6;20,6;20,6;20,7;20,8;20,7;20,8;20,8;20,5;20,2;20,4;20,4;20,4;20,4;20,7;20,7;20,4;20,5;20,4;20,5;20,7;20,7;20,6;20,4;20,5;20,6;20,4;20,6;20,7;20,5;19,9;20;20,2;20,2;20,2;20,7;19,6;19,6;21,2;20,2;20,5;20,6;20,1;20;20,4;20,1;20,7;20,9;20;20,4;20,7;20,2;20,4;20;19,6;20,5;20,6;20,5;20;20,2;20,4;20,5;20,5;20,4;20;20,2;20,2;20,4;19,9;20;20,5;20,1;20,1;20;20,2;20,2;20,2;19,9;20,5;20,6;20,4;20,1;20,5;20,4;20,2;20;20,1;20,2;20,4;20,4;20,6;20,4;20,2;20;20,2;20,6;20,2;20,1;20,5;20,6;20,7;20;20,6;20;20,2;20,6;20,5;20,6;20,4;20;20,4;20,4;20,6;20,1;20,5;20,8;20,5;21,4;23,3;25,2;25,3;25,7;25,6;25,5;26,2;28,2;29,4;29,7;30,3;30,4;30,5;30,4;30,9;31,1;31,6;32,4;32,5;32,2;32,2;32,2;32,2;32,4;32,6;32,8;32,1;32,1;32;32;32,1;32;31,8;31,8;32;32,2;32,5;32,4;32;31,7;31,6;31,6;31,7;31,7;31,4;31,4;31,2;31,3;31,3;31,1;30,9;31;31;31,3;31,6;30,7;31,5;31,4;31,3;31,5;30,8;31,3;31,8;31,6;31,5;31,6;31,8;32,1;31,4;32,1;32,4;32,5;32,4;32,4;33;32,8;33,2;33,4;34;34,9;35;35,1;35,7;36,6;37,5;37,8;37,5;34,7;30;26,3;24,6;25;27,3;31,6;36,4;39,2;39,5;38,8;38;36,9;35,9;35,5;35,1;34,4;33,7;32,9;32,6;32;32;31,7;31,4;30,5;27,4;23,1;21,8;20,8;21,4;20,7;21,4;20,6;21,1;20,6;20,6;20,8;20,9;21,5;21,1;21,2;20,7;20,8;21,1;20,7;21,5;20,8;20,9;20,8;20,5;20,9;20,8;21,1;21,4;21,4;20,9;20,7;21,2;21,2;20,8;21,5;24,7;28,9;30,9;31,3;31,8;32,7;32,9;33,2;33,6;33,9;34,4;35,3;36,3;37,6;38,2;38,6;40,4;41,4;42,6;41,2;39,2;37,7;35,7;34,5;33,1;31,8;29;26,3;25,7;25,7;26,6;30,4;34,3;36;37,8;37,8;37,2;36,7;37,1;36,2;36,2;36,2;35,7;35,9;36,1;35,8;36,6;35,9;37;36,8;36,8;37,4;37;36;34,6;32,8;32,5;32,7;32,4;32,1;31,7;31,5;31,4;31,5;31,6;31,8;31,8;32,4;32,9;33,2;33,5;34;34,1;34;34,2;33,8;33,9;34;33,9;33,8;33,4;33,3;33,6;33,6;33,3;33,3;33,1;32,6;32,7;32,5;32,8;32,8;32,8;32,7;32,7;32,7;32,6;32;31,7;31,6;31;30,5;31,2;30,7;30,2;30,5;30,5;29,9;30,4;30,2;29,3;28,1;27,5;26,5;26,2;26,1;25,6;25,5;23,4;21,9;21,9;20,7;20,5;20,5;20,4;20,8;20,5;20,2;19,9;20,1;20,6;20,7;20,2;20;20,1;20,2;20,4;20,2;20,2;20,7;20,2;20,5;20,4;20;20,5;20,1;21,1;20;20,4;20,7;19,8;19,6;19,8;20,1;20;20,4;20,6;20,4;20;19,9;20,6;20,1;20,6;19,8;20,1;19,8;20;20,6;20,1;20;19,8;20;20,2;19,9;19,3;19,4;20;19,6;20,1;20,6;19,5;19,6;20;19,6;19,6;20,2;20,2;20;20,4;20;19,8;20,2;19,8;20;20;19,8;19;19,6;20,5;20,4;20,4;20,4;20,2;20,1;20;19,9;20;20,2;19,9;19,9;20,1;20,2;20,1;19,8;20;20,2;20,4;20,4;19,9;20;20,2;20,4;20,2;20;20;20,5;19,9;20,1;19,6;20;20,1;19,8;19,6;19,9;20,4;20,6;19,9;20;19,9;20,4;20,1;20,5;20,5;20,6;20,1;20,1;20,2;20,1;20,7;20,4;20,6;20,6;20,4;20,8;20,6;20,5;20,5;20,2;20,4;20,6;20,5;20,5;20,4;20,6;20,2;20;20,6;20,2;20;20,7;20,6;19,6;20;19,8;20,5;20,5;20,1;19,8;20,6;20,2;19,9;19,9;20;20;20,4;20,1;19,6;19,6;19,9;20,5;19,9;20,4;19,9;19,8;20;19,9;19,622;21,6;21,5;21,4;22,1;22;20,9;20,9;21,4;21,9;21,8;21,8;21,8;21,9;22;21,8;21,5;21,8;21,5;21,8;21,5;21,5;21,6;21,9;21,4;21,9;21,1;21,1;20,9;21,6;21,5;21,4;21,4;21,4;21,5;21,5;21,4;21,6;21,6;21,6;21,2;21,1;21,5;21,9;21,6;21,2;21,4;21,1;21,4;21,2;21,5;21,5;20,9;20,7;21,8;21,6;20,6;20,7;21,1;21,4;21,1;21,2;20,9;21,5;21,1;20,8;21,1;20,8;21,1;21,1;20,9;20,8;20,7;20,5;21,1;20,8;20,6;20,9;20,7;20,6;20,8;20,7;20,5;20,7;20,8;20,7;20,7;21,1;20,9;20,7;20,8;20,6;20,7;20,8;20,8;21,1;20,8;20,6;20,1;20,2;20,2;20,7;20,7;21,4;20,8;20,7;20,4;20,6;20,1;20,8;20,1;20,5;20,2;20,4;20,2;20,2;21,4;20,6;21,1;20,4;20,8;20,8;20;20,1;20,2;20,9;20,4;20,6;20,5;20,2;20,1;20,7;20,4;20,9;20,6;20,2;20,6;20,7;20,9;20,5;20,4;20,1;20,5;20,6;20,1;20,2;20,4;20,5;20,5;20,2;20,1;20,4;20,4;20,6;20,1;20,7;20,4;20,8;20;20;20,6;20,6;20,1;20,2;20,5;20,2;20;20,7;20,2;20,1;19,9;20,5;20,8;20,2;20,1;20,4;20,2;20,6;20,2;20,6;20,2;20,1;20,6;20;20,6;20,1;20;20;20,4;20,4;20,2;20,2;20,6;20,6;21,4;23,5;25,2;25,2;25,5;25,5;25,5;26,2;27,8;29,4;29,9;29,9;30;30,5;30,7;31,1;31;31,3;31,8;32,2;31,7;32,1;32,1;32;32;31,8;32;31,6;31,6;31,7;31,4;31,4;31,3;31,7;31,6;31,4;31,6;31,5;32;31,7;32;31,8;31,7;31,6;31,1;31,5;31,5;31,3;31;31,3;31,2;31,2;30,9;30,8;31,3;31,1;31,1;31,4;31,3;30,8;31;31;31,2;31,4;31,2;31;31,4;32,1;31,2;31,5;31,7;31,5;32,1;31,6;32,8;32,5;32,7;33,1;33,5;33,5;34;34,3;35,1;36;36,6;37;37,8;37,5;34,1;29,5;26,3;24,7;24,5;26,8;31,6;36,2;38,8;38,7;38,1;37,5;36,8;36,1;35,3;34,7;34,1;33,3;32,7;32,4;32,5;32,2;31,3;31;30,4;27,2;23,1;21,5;20,4;20,2;20,5;20,5;21,2;20,5;20,8;21,5;20,8;20,2;20,6;20,5;20,2;19,9;20,2;20,6;20,7;20,5;20,8;20,1;20,5;20,8;21,4;21,4;20,8;20,5;20,5;20,5;20,9;21,6;21,1;20,9;21,5;24,3;28,6;30,9;31,5;31,7;32;32,5;33,1;33,6;34;34,6;35,3;35,8;37;38;39,1;40,3;41,8;42,6;40,9;39,1;37,6;35,6;34,5;33,5;31,4;28,5;26,5;25,6;24,7;26,5;30;34,2;36,3;37,4;37,4;37,1;36,9;36,4;36,4;36,4;36;35,8;36,5;36,6;36,3;36,6;36,6;37;37,4;36,8;36,4;36;34;32,5;32,4;32,1;31,8;32;31,6;31,7;32;31,7;32,1;31,7;31,5;31,5;32,1;31,7;32,2;32,9;33,4;33,9;34,1;34;33,8;33,6;33,5;33,4;33,2;33,6;33,2;33;33,2;33,2;33,1;33,1;33;32,7;32,5;32,6;32,6;32,9;32,8;32,7;32,6;32,5;31,8;31,6;31,6;31,1;31;30,8;30,6;30;30,5;30,7;30,1;30,3;29,7;29,4;28,5;27,7;26,5;26,1;25,8;26;25,4;23,5;22;21,8;20,9;20,4;20,5;20;20,6;20,2;20,4;19,9;20,5;20,5;20,2;20,4;20,1;20,2;20,5;20,2;20,2;20,5;20,7;20,2;20,5;20,6;20,4;20,5;20,1;21,2;20,4;20,5;20,5;19,9;19,8;19,8;20,5;20,7;20,4;20,8;20,4;20,1;20;20,5;20,2;20,1;19,9;20,4;20,2;20,5;20,2;21,2;19,8;20,6;20,4;20,5;20,2;20,6;19,9;20,1;19,8;19,8;20,4;19,6;20,7;20,5;20,5;20,6;20,2;20;19,9;20,4;19,6;20,6;20,8;20,2;20;19,9;20,1;20;20,6;20,2;19,9;20,1;20,4;20,4;20,5;20;20;20,4;20,2;20;20;20,1;20,1;20;19,9;20,1;20,1;20;20,1;20,4;20,6;20,1;20,5;20;20,4;20,2;20,7;19,8;20,1;19,9;20,2;19,8;19,6;20,1;19,8;20,2;20,6;19,9;20,4;19,9;20,7;20,5;20,7;19,5;20,6;20,1;20,1;19,9;20,1;20,2;20,4;20,2;20,4;19,9;19,5;19,8;20,2;20;19,5;19,8;19,9;19,9;19,8;20;19,8;20;20,2;19,8;19,6;20;19,6;20;20,5;19,5;20,1;19,8;19,8;20,1;19,8;20,1;19,9;19,9;20,1;20;19,9;20;20;19,9;19,8;20;19,9;19,8;20;19,8;19,6;20,2;20;20,122,3;21,4;21,8;21,6;22;22;21,4;21,5;22;22,1;22;22;22,1;22,1;22;21,6;21,4;22,3;22,3;22,2;22;21,8;22;21,4;21,4;21,9;21,9;21,6;22;21,8;21,6;21,9;21,9;22;22;21,9;21,9;21,6;21,8;22,2;22;21,8;21,8;21,8;21,8;21,8;21,8;21,6;22,1;21,5;21,6;21,9;20,8;20,9;21,8;21,5;21,1;21,5;21,5;21,5;21,2;20,8;20,9;21,6;20,4;20,7;21,1;20,8;20,8;20,9;21,1;20,6;20,7;20,8;21,2;21,1;20,7;20,9;20,6;20,4;20,6;20,8;20,6;20,7;20,8;20,6;20,6;20,7;20,8;20,7;20,5;20,4;20,7;20,7;20,2;20,5;20,4;20,1;20,4;20,2;20;20,5;20,6;20;20,1;19,9;19,9;20,1;20,2;20;20,5;20,2;19,9;20,1;20;20,1;19,8;20,1;20,2;20,2;20,2;20,1;20,1;20,4;20,1;20,1;19,6;20;20,4;20,6;19,9;20,2;20;20,6;20,7;20,1;20,4;20,6;20,6;20,5;20,2;20;20,2;20,6;20,2;20,5;20,5;20,2;20,2;20,4;20,1;20,6;20,4;20,4;20;20,6;20,5;20,4;19,9;20,5;20,6;20,8;20;20,2;20;20,2;19,9;20,6;20,2;20,1;20,2;20,9;20,4;20,1;20,1;20,4;20,1;20,6;20,2;20,5;20,2;20,4;20,4;20,2;20,6;20,1;20,4;20,1;20,5;20,2;20,2;20,5;20,7;20,8;21,4;23,6;25,5;25,5;25,5;26;26;26,5;28;29,7;30,1;30,4;30,4;30,5;30,8;31,1;31,2;31,6;32,2;32,4;32,2;32,5;32,5;32,4;32,1;32,1;31,7;31,7;32,4;32,2;32;31,8;31,8;32;32;32,5;32,2;32,1;32,1;32;31,8;32;32,1;31,7;31,8;31,4;31,8;31,3;31,2;30,8;31,2;31;31,3;31,2;31,5;31,1;31,6;31,8;31,3;31,3;31,5;31,1;31,7;31,1;31,6;31,6;31,8;31,1;31,8;32,1;32,4;32,1;32,5;32,4;33,1;32,9;33,1;32,8;33,5;34,2;34,4;35,2;35,7;36,2;36,6;37,4;37,9;37,2;34,6;30;26,3;24,8;24,8;27,1;31,5;36,2;38,9;39,5;38,9;37,8;37,2;36,3;35,5;35;34,2;33,8;33,2;32,5;32,1;32,2;31,8;31;30,3;27,5;23,1;21,4;21,2;21,9;20,5;20,4;20,5;20,6;21,2;20,8;20,6;20,1;20,6;20,7;20,7;21,1;20,9;21,2;20,2;20,6;20,9;20,5;20,8;20,8;20,7;20,9;20,6;20,6;20,9;21,1;20,7;20,7;20,8;20,8;21,8;24,7;28,8;31,1;31,7;31,8;32,5;32,9;32,9;33,5;34,2;34,6;35,4;36,5;37,1;38,2;39,1;40,5;41,6;42,6;41,2;39,5;37,7;36,1;34,6;33,9;31,4;28,5;27,2;26;25,3;26,7;30,8;34,2;36,7;37,5;38;37,2;36,6;37,4;36,8;36,6;36,7;36,9;37,1;36,8;37;36,9;37,9;37,9;38;37,2;35,7;33,9;32,5;32,4;32,6;32,6;33;33,1;33,2;33,9;33,5;33,7;33,5;32,8;32,6;32,5;32,4;32,4;32,4;32,7;33,7;34,3;34,2;34,2;34,2;34,3;34,1;33,7;33,6;33,7;33,7;33,4;33,4;33,5;33,2;33;33,2;33,1;33;32,8;32,8;33,2;32,9;32,8;32,7;32,9;32,4;32,1;31,8;31,4;31,1;30,9;30,6;30,5;30,7;30,7;30,3;30;30;29,4;28,5;27,6;26,5;25,8;25,7;26;25,3;23,7;22;21,6;20,6;20,5;20,5;20,2;20,5;19,9;20,6;20,4;20,5;20;20;20;20,5;20,7;21,1;20,1;20,2;20,1;20,5;20,2;20,2;20,7;20,2;20,2;20;20,2;19,9;20,5;20,1;20,5;20,4;20,2;19,9;20,6;20;20,8;20;20;20,1;20,5;20,1;20;20,4;20;20,2;20,4;20,4;19,8;19,8;20,4;20,1;20,1;20,6;19,8;19,6;20,4;20,1;19,9;20,4;19,8;20,1;19,6;19,5;18,9;20,4;20,1;19,4;20,2;19,5;20;19,5;19,6;19,9;19,9;20;19,8;20;20,2;20,2;19,6;20,2;20,5;20,5;20,5;20,2;20,1;20,2;19,9;19,9;19,9;19,8;19,8;19,8;20;20,2;20;20;20,4;20,7;20,5;20,5;19,9;20,1;20;20,7;19,9;20,1;19,9;19,8;19,5;19,4;20,2;20,1;20,1;20,5;20,7;20,2;20,1;20,7;20,8;20,4;20,2;20;20;20,1;20,5;20,5;20,1;19,8;19,8;20,4;20,4;20,1;20,5;20,7;20,5;20,2;20,2;20,4;20,5;20,2;20,2;20,6;20,7;20,7;20,4;20,4;20,4;20,1;20,5;20;19,9;20,4;19,9;20,5;20,7;20,1;20,2;20,6;20;20,2;20,5;20,4;20,2;20,6;20,6;20,4;20,1;20;20,2;20,1;20;20;20,4;20,4;20,122,2;21,6;21,5;21,6;21,9;21,5;21,9;21,5;22;21,8;21,5;21,5;21,6;21,8;21,9;21,8;21,8;22,2;21,4;21,2;21,4;22;21,4;20,8;21,6;21,8;22,1;21,2;21,4;21,6;21,5;21,4;21,2;21,5;21,6;21,5;20,9;20,9;21,5;22;21,9;21,6;21,8;21,6;21,5;21,5;21,4;21,5;21,5;21,5;21,6;21,6;20,9;20,9;21,8;21,2;20,9;21,4;21,4;21,2;21,2;20,6;21,1;21,2;20,6;20,6;21,1;21,1;20,9;20,6;21,2;21,1;20,7;20,9;21,1;20,8;20,8;20,9;20,7;20,6;20,8;20,9;20,6;20,6;20,9;20,8;20,7;20,6;20,7;21,1;21,1;20,7;21,1;20,9;20,6;21,1;20,8;20,6;20,6;20,7;21,1;20,7;21,1;20,8;20,9;20,8;19,9;20,4;20,6;20,4;20,6;20,7;20;20,4;20,2;20,9;20,9;20,2;21,1;21,1;20,6;20,2;20,4;20,5;21,1;20,8;20,8;21,6;20,5;20,7;20;20,7;20,5;20,4;20,7;20,8;20,8;20,2;20;20,6;20,2;20,4;20,4;20,5;20,4;20,5;20,6;20,1;20,6;20,7;20,4;20,7;20,5;20,2;20,4;20,7;20,7;19,9;20,1;20,7;20,5;20,6;20,1;20,5;20;20,7;19,9;20,6;20,6;20,4;20,4;20,6;20,4;20,6;20;20,4;20,6;20,7;20,6;20,5;20,4;20,4;20,5;20,6;20,4;20,5;19,9;20,4;20,4;20,2;20,4;20,6;20,4;20,7;21,5;23,7;25,1;25,5;25,8;25,7;26;26,2;27,8;29,7;29,7;30,4;30,5;30,6;30,7;30,9;31,3;31,6;32,1;32;32;32,2;32,2;32,2;32,5;32,4;32,1;32;32,1;32,1;31,8;31,6;31,7;31,8;31,8;31,7;31,7;31,3;31,3;31,7;31,5;31,7;31,7;31,5;31,4;31;31,3;31,4;30,9;30,9;31,3;30,7;30,8;31,6;31,4;31,1;30,9;31;31;31,1;31;30,7;30,9;31,6;31;31,1;31,1;32;32,2;31,3;31,8;31,7;32,4;32,1;32,4;33,1;33;32,6;33,7;34,1;34;34,6;35,1;35,5;36,7;37,5;37,9;37,2;34,5;29,3;25,4;23,9;24,4;26,2;30,9;36,1;38,8;39;38,2;37,2;36,7;36,1;35,6;34,7;33,8;33,5;33,3;32,7;32;31,6;31,4;31,1;30,1;27,1;22,8;21,4;20,9;21,4;20,7;20,5;20,9;20,8;20,1;20,2;20,5;20,6;20,5;20,9;20,2;20;20,1;20,4;20;20,5;20;20,6;20,7;20,7;20,6;20,7;20,5;20,7;20,8;21,1;21,1;21,1;20,9;20,8;21,5;24,6;28,1;30,1;31,1;31,8;32,4;33;33,2;33,4;34;34,5;35,2;36,4;37,2;38,2;38,9;40,6;41,7;42,7;41,2;39,5;37,9;36,4;34,9;33,2;31,4;28,8;26,8;26,1;25,5;26,5;31;34,2;37;37,2;37,7;37,9;36,9;36,7;37,2;37,2;36,6;37,1;37,1;37,7;37,4;37,8;37,8;38;38,1;36,5;33,7;33;32,8;32,5;32,9;33,7;34,9;36,2;37,2;37,6;37,6;37,5;36,9;35,8;34,9;34,2;33,1;32,4;32,2;32,1;32;32,9;33,7;33,8;33,8;34;33,9;33,7;33,3;33,3;33,6;33,5;33,5;33,3;33,3;33;33;33,2;33,2;32,9;32,9;33,1;32,7;32,8;32,5;33;32,6;32;31,6;31,2;31,4;31,3;30,8;30,6;30,5;30,3;30,2;30,1;30,3;29,7;28,2;27,2;26,2;26;25,6;25,8;25,6;23,7;22,5;21,9;20,8;20,5;20;20,7;20,7;19,9;20,6;20,7;20,4;19,9;20,1;20,2;20,4;20,6;20,7;20,7;20,1;20,5;20,4;20,2;20,4;20,2;20,1;20,5;20,2;20,5;20,4;20,2;20;20,2;20,5;20,2;20,4;20,5;20,4;21,4;20,4;20,2;20,7;20,5;20,5;20,7;20,6;20,1;20,1;20,5;20,5;20,4;20;20,4;20,1;20,7;21,4;20,8;20,4;20,7;20,5;19,3;20,6;20,2;20,7;19,9;20,5;20,6;20,4;20,7;20,7;20,8;19,8;20,7;20,7;19,8;20,5;20,8;20,5;19,9;20,1;20,4;20,2;20,5;20,4;20,6;20,6;20,4;20;20;20,5;20,5;20,4;20,6;20,4;20;20,2;20,4;20,2;20;20,1;20,1;20,2;20,4;20,6;20,5;20;20,2;20,6;20;20,2;19,9;20,1;19,8;20;20;20,5;20,2;20,2;20,5;20,2;20,2;20,5;20,8;19,5;20,1;20;20;20,1;20,4;20,5;19,9;20,5;20,2;20;20,1;20;19,9;19,8;19,8;20;20,1;20,2;20;20,1;20,2;19,9;20,2;20,1;19,9;20,1;20,4;20,2;19,6;19,8;19;20;19,4;20,2;19,8;19,5;20,4;20;19,6;19,9;20,5;20,4;20;20,2;20,4;20,1;19,9;19,9;20,1;19,9;19,9;20,1;20,4;20,5;19,522;21,6;21,4;21,6;21,9;21,6;21,8;21,4;21,5;21,4;21,4;21,1;21,1;21,2;21,5;21,2;20,8;21,6;21,4;21,1;21,4;21,5;21,4;21,1;21,1;21,1;21,4;20,9;21,1;20,9;21,2;21,4;21,6;21,6;21,6;20,9;21,1;21,4;21,6;21,4;20,9;21,1;21,2;21,4;21,1;20,9;20,9;20,6;20,8;21,1;20,9;20,7;20,9;20,6;21,6;21,1;20,8;20,6;20,8;20,6;21,1;20,6;20,7;21,1;20,7;20,5;20,7;20,7;21,1;20,6;20,7;21,5;20,7;20,9;20,9;20,6;20,7;20,6;20,5;20,6;20,9;20,7;20,5;20,6;20,7;20,8;20,7;20,6;20,4;20;20,7;21,1;20,6;20,9;20,8;20,2;20,4;20,5;20,7;20,8;20,4;20,7;20,5;20,6;20,6;20,5;20,1;20;20,1;20,2;20,6;20,7;20,5;20,1;20,6;19,9;20,2;20,2;20,2;19,9;20,5;20,6;20,8;20,4;20,2;20,1;20,7;20;20,4;19,8;20,6;20,2;20,2;20,4;20,8;20,2;20,4;20,4;20,2;20,6;20,6;20,6;20,8;20,1;20,9;20,1;20,7;20;20,4;20,8;20,4;20,6;20,4;20,2;20,6;20,4;20,5;20,2;20,1;20,5;20,6;20,8;20,2;20,4;20,5;20,5;19,9;20,7;20,6;20,4;20,2;20,7;20,7;20,5;20,2;20,5;20,9;20,6;20,9;20,9;20,2;20,2;20,6;20,8;20,6;20,7;20;20,6;20,7;20,6;20,2;20,6;20,2;20,8;21,8;24;25,5;25,6;25,8;26;26;26;28,5;30,1;30,3;30,5;30,5;30,5;30,9;31,2;31,4;32;32,5;32,7;32,7;32,7;32,2;32,2;32,8;32,7;32,1;31,7;32;32,4;32,5;32,1;32,1;32,4;32,2;31,7;31,7;32,1;32;31,6;32,1;31,7;31,7;31,7;31,5;31,4;31,6;31,6;31,6;31,4;31,4;31,4;31,3;30,9;31,8;31,4;31,3;31,3;31,2;31;31,8;31,4;31,7;31,8;31,8;32;31,7;32;32;31,7;32,6;32,1;32,8;32,2;33;33,1;33,2;33,9;33,7;34,2;34;34,7;35,4;36,3;37,1;37,4;37,8;37,7;34,6;29,3;25,6;24,7;25;27,3;31,5;36,4;39,3;39,6;38,9;37,9;37;36,5;35,7;35;34,1;33,6;33,4;32,7;32,2;32,4;31,6;31,4;30,5;27,5;23,1;21,5;20,9;20,9;20,7;20,7;21,2;21,1;21,1;21,9;20,8;21,2;20,7;21,1;20,4;21,5;20,6;21,2;20,8;20,7;21,2;20,6;20,9;20,9;20,9;21,4;20,6;20,8;20,7;20,9;20,9;20,9;21,5;21,6;21,6;24,6;28,6;30,5;31,3;31,8;32,5;33,1;33,4;33,5;34,1;35;35,7;36,6;37,5;38,6;39,3;40,3;42,4;43,1;41,2;39,6;37,7;35,9;34,4;33,6;31,2;29,3;26,7;26;25,3;26,7;31;35;37;38;38,1;37,8;38,1;37;37,2;36,9;37,1;37,8;37,7;38,5;37,7;37,9;38,8;38,9;37;34,6;33,4;32,6;32,8;33,2;35,3;37,4;39,2;40,3;40,8;40,4;40,2;39,9;39,4;38,9;38,1;36,9;35,4;33,9;33;32,6;32,6;33,1;33,9;34;34,3;34;33,7;33,9;33,6;33,9;33,6;33,3;33,3;33,7;33,4;33,5;33,2;33,3;33,5;33,3;33,5;33,4;33,2;33,1;32,7;33;32,4;32,2;32,1;31,3;31,4;31,1;31;30,5;30,6;30,3;30,5;30,7;30,3;30,1;28,9;27,4;26,6;26,2;26,2;26,1;25,5;23,7;22,7;22,1;21,5;20,6;20,4;20,8;20,8;20,1;20,6;20,2;20,5;20;20,2;20,8;20;20,4;20,2;20,4;20,2;20,6;20,5;20,6;20,2;20,1;20,6;20,6;20,4;20,5;20,4;20,4;20,4;19,8;20,1;20;20,6;20,2;20,1;21,5;20,2;19,8;20,5;20,8;20,5;20,5;20,6;19,2;19,9;20,2;20,2;20;19,6;20,2;19,6;20,6;19,9;19,8;19,6;20,2;19,4;20,2;20,4;19,9;19,8;20,6;19,8;20;20,6;20,4;20,4;19,8;20;20,5;20,4;20,5;20,1;20,1;19,8;20;20;20,2;19,9;19,9;19,9;19,9;20;19,6;20,2;20,4;20,4;20,1;19,8;20,1;20,1;19,8;19,6;20,1;20;20;20,1;20,1;20,1;20;20,2;20,2;19,9;20;20,1;20,1;20,5;19,5;20;19,4;20,1;20,1;20,1;20,4;19,9;19,9;20;19,8;19,9;20,1;19,5;20,2;19,8;19,9;19,9;20,1;20,5;20;19,9;20;19,6;19,8;20;20,2;20,4;20,1;20,4;20,2;20;20,2;20;20;19,8;19,8;19,6;19,3;19,8;20,1;20,1;20;19,8;20,2;19,9;20,1;19,6;19,6;19,8;20;19,9;19,9;20,4;20,2;20;19,9;19,9;19,8;19,8;20;20,1;20,4;19,6;19,3;20,2;20,2;20,2;19,622,3;21,8;21,4;21,6;22,1;22,1;21,9;21,2;21,8;21,9;21,6;21,9;22;21,8;21,9;21,5;21,2;21,5;21,4;21,6;21,1;22,1;21,9;20,9;21,6;21,6;22;21,8;21,5;21,8;21,8;21,6;21,9;21,8;21,6;21,6;21,9;21,6;21,6;21,5;21,4;21,4;21,2;21,5;21,5;21,8;21,8;21,1;21,1;20,9;20,9;20,9;21,6;20,9;21,4;21,2;20,9;20,7;20,9;20,9;20,8;21,1;20,4;20,9;20,5;20,7;20,8;20,8;20,6;21,1;20,5;20,8;20,6;20,6;20,9;20,7;20,6;20,4;20,4;20,7;20,8;20,6;20,5;20,7;20,8;20,7;20,8;20,7;20,4;20,2;20,2;20,6;20,9;20,7;20,5;20,5;20,4;20,5;20,7;20,4;20,2;20,4;20,5;20,1;20,5;19,8;20,6;20,1;20,4;20,2;19,5;20,5;20,1;19,4;20;20,1;20,4;19,6;20,2;20,2;20,1;20,2;20,2;20,5;20,4;20,1;20,4;20,2;19,5;20,7;20,1;20,7;19,9;19,8;20,2;19,8;20,4;20,1;20,5;20,2;20;20,5;20,4;20;20,2;20,5;20,5;20,1;20,1;20,2;20,2;20,2;20,2;20,1;20,1;20,4;20,1;20;20,2;19,9;20,4;20,7;20,4;20;20,4;20,4;20;20,2;20,2;20,4;20,4;20,7;20,6;19,9;20,4;20,4;20,7;20,5;20,5;20,5;19,9;20,6;20,2;20,5;20,8;20,1;19,9;20,1;20,5;20,4;20;20,4;20,5;20,6;21,4;23,4;25,3;25,5;25,4;26,2;25,8;25,7;27,8;29,3;29,3;30;30,5;30,7;30,9;31,1;31;31,5;31,8;31,7;32,5;32,6;32,1;31,8;32,1;31,8;31,7;32;32,2;32,2;32,2;32;32;32;31,7;32;32;32;32;31,6;31,6;31,8;31,5;31,3;31,4;31,5;31,5;31,2;31,3;31,1;31,1;30,6;31,5;31,2;31,1;30,9;31,2;31,2;31;31,1;31,4;31,1;31,3;31;31,2;31,8;31,7;32;32;31,6;32;31,8;32;32;32,2;33,1;33,3;32,8;33,2;33,6;34,1;34,7;35,6;36,1;37;37,2;37,8;37;34,1;29,5;25,8;24,3;24,6;27,2;31,6;36,4;39,2;39,3;38,6;37,9;37,1;36;35;34,5;34,1;33,8;33,1;33;32,1;31,5;31,3;31;30,4;27,5;23,1;21,1;20,6;21,4;20,9;20,9;20,4;20,8;20,9;20,5;20,6;20,4;20,6;20,6;20,5;20,7;20,6;21,1;20,2;20,5;20,2;20;20,5;20,7;20,5;20,6;20,6;20,6;20,7;20,6;20,4;20,7;20,7;20,6;20,9;24,4;28,8;31;31,1;31,4;32,2;32,9;33,4;33,5;34;34,9;35,5;36,1;37;38,1;39;40,3;42,2;42,5;41,3;39,1;37,7;36;34,4;33,6;30,5;28,9;27,2;25,6;25,5;26,6;30,8;34,7;37,2;37,7;38,1;38,2;37,6;37,8;37,1;37,4;37,9;37,2;38,2;38,8;38,1;38,8;38,7;38,4;36,1;33,8;33,1;33,1;33,6;35,3;38,9;40,9;41,5;41,9;41,6;41,9;41,9;41,4;41;40,4;39,4;38,8;37,8;35,9;34,1;32,7;32,5;32,9;33,3;34,1;34,6;34,3;33,9;33,9;33,6;33,5;33,6;33,5;33,5;33,4;33,2;33,6;32,9;33;33,1;32,9;32,9;33;33,2;32,9;32,5;32,6;32,2;31,6;31,4;31;31,3;30,9;30,9;30,3;30,6;30,5;30,8;30,6;30;29,5;29;27,6;26,7;25,8;26,1;25,8;25,3;23,4;22,5;21,6;21,1;20,6;20,4;20,6;20,5;20,4;20,4;20;20,6;20,1;20;20,4;19,8;20,1;20;19,8;19,9;20,2;20,5;20,1;20;20,2;20,2;20,4;20,2;20,2;19,9;20,6;20,4;20,2;20,2;19,9;20,2;20;20;20,4;20,2;20,1;20,2;20,4;20;20,6;20,2;19,8;19,5;20,7;20,2;19,5;19,6;20,2;19,9;20,1;19,8;19,9;19,2;19,6;20,1;20;20,1;19,8;20;19,9;19,9;19,9;20,1;20;20,4;19,9;20;19,9;20;19,4;19,5;19;19,5;19,9;19,6;19,6;19,9;19,8;19,8;19,8;19,9;20;20,2;20,1;20;19,8;20;20;19,4;19,6;19,6;19,8;20;20,4;20,4;20,2;20,1;20,1;20,2;19,9;19,8;20;20,2;20,2;20,7;19,6;20;19,8;19,8;20,4;20;20,1;20,1;20,1;20,2;19,6;20,4;20,2;19,6;20,5;20,7;20;20,1;20,1;20,1;19,9;20;20,1;19,9;20;19,8;20,2;20;19,9;19,9;20;20,5;20,4;20,1;20;19,9;20,2;20,2;20;20,2;20,1;20,1;19,6;19,9;20,1;19,8;20;19,8;19,9;20,1;19,9;19,9;20;19,8;19,5;19,8;20,1;20,2;19,9;19,5;19,8;20,2;20;19,3;19,4;20,4;19,6;19,9;2022,2;21,9;21,6;21,8;21,9;21,9;22,1;21,6;21,5;21,5;21,8;22;21,9;21,8;21,6;21,2;21,8;22,1;22,1;22;21,8;22;21,1;21,1;21,1;21,2;21,6;20,9;21,4;21,4;21,1;21,4;21,8;21,8;21,5;20,9;21,2;21,5;21,5;21,5;21,5;21,6;21,5;21,5;21,2;21,2;21,5;20,7;20,9;21,6;21,1;21,1;21,5;21,2;21,2;21,4;21,2;21,1;21,4;20,8;20,5;20,8;20,6;20,6;20,4;20,8;21,2;20,7;20,2;21,5;20,9;20,7;20,7;20,8;20,9;21,1;20,7;20,5;20,6;20,9;21,1;20,7;20,7;20,8;20,9;20,8;20,6;20,5;20,9;20,8;20,5;20,8;20,9;20,8;20,7;21,2;20,9;20,5;20,1;20,7;20,2;20,4;20,5;20,4;20,9;20,5;19,9;20,1;20,8;20,5;19,8;20,4;20;19,9;20,2;19,9;20,5;20;20,6;20,2;20,6;20,6;20,1;20,5;20,2;20,5;20,6;20,8;20,4;20,7;20,6;20,6;20;20;20,5;20,4;20,4;20,5;20,1;20,4;20,4;20,6;20,5;20,6;20,2;20,6;20,4;20,4;20;19,9;20,4;20,8;20,2;20,5;20;20,5;20,1;20;20,6;20,2;20,4;20,6;20,5;20,2;20,4;20,4;20,5;20,4;20,2;20,5;20,4;20,5;20,6;20,2;20,1;20,4;20,6;20,4;20,5;20,1;20,2;20,4;20,5;20,4;20,6;20,1;19,8;20,1;20,5;20,5;19,9;20,5;20,4;20,4;21,5;23,3;25;25,6;25,3;26,1;26,1;26,1;28;29,3;29,5;30,2;30,6;30,7;30,8;30,7;30,8;31,3;31,7;32;32,2;32,5;32,5;32,2;32;32;32,1;31,8;32,1;31,7;31,7;31,8;31,8;32,1;32;31,7;31,8;31,8;31,7;31,5;31,6;32;31,6;31,5;31,4;31,2;31,1;31,3;31,3;31;30,9;30,7;30,8;31,2;31;30,8;30,8;31,3;31,1;31,1;31;31;31,1;31;31,7;31,2;31,6;31,7;31,5;31,8;31,7;31,8;32,6;32,5;33;32,9;32,4;33,3;32,7;33,9;34,1;34,3;35,2;35,6;36,1;37,4;38;37,4;34,2;29;25,5;24,3;24,6;27,1;31,6;36,4;39;39;38,4;37,5;36,8;36;35,9;35,2;34,1;33,6;32,8;32,7;32,1;31,7;31,3;31;30,3;27,3;23;21,6;20,5;20,8;20,6;20,1;20,7;20,2;20,8;20,8;20,7;20,6;20,1;20,5;20,2;20,4;20,6;21,1;20,5;20,5;20,7;20,1;19,9;20,1;20,1;20,4;20,5;20,7;20,8;20,7;20,2;20,5;20,6;20,9;21,4;24,5;28,4;30,1;31,1;31,6;32,1;32,9;33,4;33,3;33,9;34,4;35,4;36,4;37,1;38,2;39,3;40,4;42;42,6;41,4;39,3;37,8;36,5;35,2;33,5;30,8;28,7;26,7;25,3;25,5;26,4;30,7;34,3;37,6;37,7;38,2;38,5;37,7;37,9;38;37,8;37,1;37,5;38,2;38,8;39,1;38,9;38,9;36,9;34,5;33,2;32,9;33,4;35,3;38,9;41,7;42,8;43,1;43,3;43,3;43;42,6;42,4;42,2;41,6;40,8;40;39,2;37,8;35,9;33,8;33;32,6;32,5;33;33,8;34,4;34,1;34;33,7;33,6;33,5;33,3;33,5;33,4;33,5;33,2;32,8;32,9;33;32,7;32,6;32,8;33,3;32,8;32,6;32,9;32;31,5;31,2;31,1;31,4;31,2;30,9;30,1;30,7;30,4;30,8;30,7;30,4;29,4;28,8;27,6;26,6;26;26;25,4;25,6;23,7;22,5;21,4;20,6;20,4;20,5;20,8;20,2;20;20,1;20,2;20,6;20,4;20,4;20,2;20,1;20,4;20,2;20;19,9;20,6;20,4;20;20,2;20,5;20,1;20,7;19,9;20;19,5;20,6;20,4;20,4;20;20,5;19,9;19,9;20,6;20,4;20,2;19,9;20,4;20,4;20,1;20,6;20,8;20;20,5;20,5;20;19,9;20,2;20,8;20,6;20;19,8;20;19,6;20;20,4;20,4;20,6;19,9;20,4;20,6;20;20;20,7;19,2;20,4;20,6;19,8;20,9;20,7;19,5;21,1;20,5;20,1;20;20;20,9;20,1;20,5;20,5;20,1;20,4;20,1;20,5;20,5;20,2;20,5;20,5;20,2;20,5;20,2;19,9;20,2;20,4;20,5;20,2;20;20,1;20,2;20,5;19,9;20,5;20,7;20,5;20,4;20,2;20;20,2;20,1;19,8;20,2;20,6;19,6;20,5;20,6;19,9;19,9;20,2;20,4;20,1;19,5;20,6;20,4;20,1;20,1;20,5;19,4;20;20;19,9;19,8;20,2;20;20,4;20,2;19,5;19,5;19,9;19,9;19,6;19,8;20;20,2;19,9;19,5;20,1;20;20;20,6;19,9;20,7;19,3;19,4;19,8;20,2;20,2;19,6;18,8;19,5;19,6;19,4;20;20,7;20,4;20;20;20,1;20,2;19,6;19,8;19,9;20,1;19,6;19,6;20,121,8;22;21,8;21,9;21,9;21,6;21,9;21,9;22,1;22,1;21,8;21,8;21,5;21,4;21,5;21,8;21,6;21,5;22;21,9;21,8;21,8;21,8;21,8;20,9;21,5;21,6;21,8;21,8;21,5;21,2;21,4;22;21,5;21,5;21,5;21,4;21,5;21,9;22;21,6;21,6;21,8;21,4;21,4;20,8;21,4;21,2;20,9;21,4;21,4;21,8;21,2;21,4;21,4;20,9;21,1;21,1;21,2;20,6;20,5;20,7;20,8;20,8;20,5;20,7;20,7;20,8;20,6;20,9;21,1;20,8;20,9;21,1;20,8;20,9;20,7;20,5;20,6;20,8;20,8;20,8;20,8;20,6;20,6;20,5;20,4;20,5;20,5;20,4;20,1;20,5;20,4;20,6;20,7;20,6;20,7;20,7;20,4;20,4;20,5;20,5;20,2;20,4;20,6;20,7;20,4;19,9;20,7;20,1;20;20,5;20,2;20,6;20,2;20,7;20,6;20,7;20,6;20,5;19,8;20,4;20;20,4;19,6;20,8;20,7;20,1;20,6;20;20,7;20,5;20,6;20,4;20,4;20,2;20,5;20,5;19,9;20,5;20,5;20,5;19,9;20,7;20,7;20;20,4;20,1;20;20,4;20,4;20,2;20,4;20,1;20,2;20,5;20,2;20;20,5;20,2;20,5;20,7;20,5;20,1;20,7;20,5;20,5;20,5;20,2;20,1;20;20,4;20,6;20,5;19,8;20,1;20,4;20,4;20,6;20,4;20,7;20,4;20,6;20,4;20,2;20,1;19,8;20,2;20,7;20,6;20,1;20,6;20,5;20,6;21,9;24;25,1;25,8;25,8;25,8;26,1;26,4;28,5;29,4;29,7;30,2;30,4;30,7;30,9;31;31;31,7;32,1;32,5;32,2;32,6;32,4;32,5;32,6;32,4;32;32,5;32,4;32,2;32,2;32,4;32,2;31,8;31,7;31,7;31,8;32;31,8;31,7;32;31,8;32,1;31,7;31,3;31,7;31,8;31,7;31,6;31,5;31,2;31,3;31,1;31;31,4;31,5;31,3;31,2;31,1;30,8;31,1;31,4;31,4;31,8;31,6;31,4;31,6;32,2;32,2;32,6;32,2;32,5;33,1;32,4;32,9;33;33;33,2;33,4;34,1;34,4;35,1;35,2;36,3;36,5;37;38;37,6;34,3;29,2;25,5;24,6;25,1;27,2;31,8;36,7;39,4;39,5;38,7;37,8;37;36,4;35,8;34,9;34,2;33,7;32,9;32,8;32,7;32;31,4;31,1;30,2;26,8;22,9;22;21,4;20,9;20,8;21,1;20,1;20,8;20,8;20,7;20,7;20,9;20,5;20,5;20,5;20,5;20,5;20,6;20,8;20,8;20,8;20,6;20,4;20,5;20,9;21,2;20,7;20,4;20,7;20,7;20,6;20,8;20,8;20,9;21,6;24,8;28,8;30,5;31,6;32;32;32,8;33,3;33,7;34,4;34,6;35,6;36,4;37,4;38,7;39,4;40,5;42,5;43,3;41,8;39,8;37,7;36;35,1;33;31,7;28,5;27,3;26,4;25,5;26,7;31,2;35;37,5;38,3;38,9;38,6;38,3;38;37,4;38,2;38,3;38,7;39;38,8;39,5;39,3;39,1;36,1;34,2;33,8;33,6;34,7;38,7;42,4;43,3;43,8;43,9;43,9;43,9;43,8;43,8;43,6;43,3;43,1;42,3;41,4;40,7;39,6;37,9;35,6;34;33,2;32,7;32,9;33,9;34,5;34,9;34,7;34,1;33,9;34,1;33,7;34;33,6;33,6;33,7;33,1;33,2;33;32,9;33;33,3;33,2;33,3;32,9;33;32,5;32,1;31,7;31,5;31,5;31,3;31,1;30,2;30,7;30,6;30,8;30,8;30,8;30,1;29;27,9;27,2;26,2;25,7;25,4;25,5;23,9;22,5;21,4;20,6;20,4;20,8;20,7;20,5;19,5;20,4;20;20,6;20,5;20,7;20,2;20,4;20,6;20,5;20,1;20,1;20,2;20,2;20,2;20,5;20;20,1;20,8;19,9;20,4;20;20,8;20,5;20,2;19,8;20,4;19,8;20,2;20,1;20,4;20;20;20;20,1;20;20,5;20,4;20,2;20,6;20;20,2;20,5;19,6;20,1;19,9;20,2;20,4;20;19,5;20,2;20,6;20,2;19,9;20;19,6;19,9;20,4;19,4;20;19,9;19,6;20;20,2;20;21,2;18,9;19,9;19,2;19,9;20,4;20,4;20,7;20,5;20,2;20,5;19,5;20,2;19,9;19,9;20,2;20,5;20,1;20,1;20;20;20,1;20,1;20,6;20,2;20,4;20,2;20;20,2;20,4;20,2;20;20,5;20,4;20,5;20,1;20;19,8;20,1;20;20,1;19,9;20,1;19,9;20,2;20,2;19,9;20,1;19,9;20,1;20,6;19,6;20,4;20,2;20,2;19,9;20,4;20,5;19,9;19,6;19,8;19,8;19,8;20,2;20,2;20;19,9;20,1;20,4;20,4;20,2;19,8;19,6;19,9;19,8;19,9;20,1;20;20;20,4;19,6;19,4;20,4;20,5;20,5;20,5;19,9;20,4;19,9;19,8;20,4;20,1;19,3;20,2;20,5;20,2;20,1;20,2;20,4;20,2;20,4;20;19,9;20,1;19,9;20,221,8;22,1;21,8;21,8;22,1;21,9;22,1;22;21,9;22,1;22,2;22;21,8;21,6;21,9;22;21,5;22,1;22,1;21,8;20,7;21,8;21,5;21,4;21,1;21,1;21,8;22,1;21,6;21,6;21,1;21,4;21,8;21,4;21,5;21,1;21,4;21,9;21,9;21,8;21,5;21,6;21,9;21,8;21,5;21,2;21,2;21,4;20,8;21,1;21,2;21,6;21,1;21,1;21,2;21,1;21,1;20,8;21,5;20,9;20,8;20,9;20,7;21,2;20,2;20,8;20,6;20,8;20,7;20,7;20,8;20,6;20,7;20,8;20,9;21,2;20,9;20,8;20,7;20,7;20,8;20,9;20,7;20,6;20,7;20,6;20,6;20,9;20,9;20,9;20,6;21,1;20,9;20,7;20,2;20,6;20,5;19,9;19,9;20,4;20,8;20,9;20,7;21,1;19,9;20;20,4;19,6;20,9;20,4;19,9;20;20,8;19,9;20,5;20,1;20,4;20,4;20,6;20,4;19,8;20,2;20,5;20,8;20,5;20,6;20,4;20,8;20,1;20,4;20,6;20,2;20,8;20;20,1;20,1;20,5;20,2;20,1;20,6;20,2;20,7;20,4;20,7;20,8;20,2;20,2;19,9;20,1;20,5;20,4;20,4;20,4;20,2;20,4;20,6;20,5;20,4;20;20,1;20,5;20,9;20,2;20;20,4;20,8;20,2;20,6;20,4;20,4;20,2;20,1;20,5;20,1;20,2;20,2;20,5;20,5;20,4;20,2;20,7;20,1;20,2;20,4;20;20,5;20;20,1;20,7;20,4;20,5;20,6;20,4;20,6;22,1;24;24,8;25,5;26,1;26,1;25,8;26,4;28,5;29,5;29,9;30,1;30,4;30,5;31;31,4;31;31,6;31,7;32,2;32,5;32,4;32,2;32,1;32,5;31,8;31,8;32,2;32,4;32,2;32,5;32,4;32;32,2;31,7;31,6;32,1;32;32,5;32,4;31,6;31,7;31,5;31,5;31,6;31,8;31,7;31,3;31,2;31,3;31,4;31,8;31,4;31,6;31,6;32,1;31,5;31,4;30,9;31,5;31,6;31,2;31,6;32,1;31,8;31,6;31,6;32;32,4;32,5;32,7;32,1;32,4;31,8;33;32,8;33,2;34,2;33,7;34,1;34;35;35,2;36;36,6;37,2;38,1;37,7;34,3;29;25,6;24;24,5;27,1;31,7;36,6;39,3;39,3;38,3;37,6;36,9;36;35,4;35;34,2;33,7;33,4;32,7;32,2;32,5;31,3;31;30,2;27,3;23,5;21,2;20,7;20,6;20,7;20,5;20,4;21,2;20,8;20,7;20,2;20,7;20,4;20,4;20,4;20,4;20,4;20,9;20,6;20,9;20,6;20,7;20,6;20,6;20,5;20,8;20,6;20,5;20,6;20,8;21,1;21,1;20,6;20,8;21,2;23,9;28,4;30,5;31,1;31,3;32,4;32,8;33,2;33,7;34,2;34,9;35,5;36,2;37,2;38,3;39,2;40,6;42;42,9;41,5;39,4;38;36,6;35,2;33,4;31,4;28,6;27,4;26,1;26;27,1;31;35,1;37,8;38,6;38,8;38,8;38,3;38,2;38,9;38,2;38,5;38,7;38,9;39,5;40,4;39,4;37,8;35,1;33,6;33,5;33,8;36,9;41,4;43,8;44;44,3;44,1;43,8;43,9;44;43,9;43,9;43,9;43,5;43;42;41,1;40,3;39;37;34,9;33,4;32,9;33;33,6;34,1;34,7;34,5;34,2;34,2;34;33,7;33,6;33,6;33,5;33,5;33,3;33;32,9;33;33;33,3;33,2;33,4;32,9;33,2;32,1;32,4;32;31,4;31,1;31,3;31,2;30,5;30,8;30,9;30,8;31,1;30,8;30,3;28,9;27,8;27,3;26,4;25,8;25,6;25,3;23,6;22,5;21,6;20,9;20,5;20,5;20,4;20,1;19,9;20,4;20;20,6;20,6;20,5;20,2;20,4;20,1;20,4;20,6;19,9;20;20,2;20,4;20,4;19,9;20,2;20,8;19,8;20,4;20;20,8;20,1;20,2;19,8;20,4;19,9;19,8;20;20,4;20,1;20,4;20,4;19,8;20,4;20,4;20,4;20,4;19,9;20,1;20,1;20,5;19,6;20,5;20,1;20,2;20,4;20,2;20;19,6;19,9;19,6;20;19,4;20,6;20,4;20,2;19,8;20,4;20,2;20,1;20,4;20,4;20,1;20,9;20;20,2;20,5;20,5;20,5;20;20,4;20,5;19,8;20,6;20,1;19,5;19,8;20,1;19,9;20;20,1;19,8;20;20,1;20,1;20;20,4;20,1;19,9;19,8;20,1;20,5;20,4;19,9;19,6;20,1;20,4;20,1;20,1;20,4;20;20,2;20,2;20,4;20;19,6;20,2;20,4;19,8;20,1;20,1;20;20,1;20,7;20,2;20,1;20;20,1;19,8;20,1;20,6;19,9;19,9;20,1;19,9;20;19,9;19,8;20,2;20,4;19,8;19,8;20,1;20,1;20,4;20,2;20,2;20;19,9;20;20,1;20,1;19,8;19,8;20,8;19,9;19,9;19,9;19,9;19,2;20,5;20;20,1;19,8;19,9;19,5;19,9;20,1;20;19,8;19,9;20;19,8;20;19,5;19,6;20;20,4;19,922,1;21,9;22,2;21,4;22;21,9;21,8;22;21,8;22;22,1;21,9;21,5;21,6;22;22;22,1;22,5;22,5;22,2;22;21,4;21,2;21,6;21,5;22;22;21,9;21,8;21,6;21,5;21,8;21,6;21,4;21,6;21,6;21,5;21,5;21,8;21,9;21,4;21,2;21,4;21,2;21,5;21,2;21,2;21,2;21,5;21,1;21,4;21,8;21,4;20,6;20,9;21,2;21,5;20,9;21,4;20,9;20,8;21,2;20,7;21,1;20,4;20,7;20,9;20,6;20,8;20,9;20,8;20,7;20,8;20,8;20,7;21,2;20,9;20,7;20,6;20,7;21,5;21,6;21,1;20,6;20,5;20,2;20,6;20,7;20,4;20,5;20,2;20,6;20,7;20,5;20,5;20,7;20,6;20,6;20,5;20,7;20,4;20,7;19,9;20,7;20,9;20,5;20,2;20,6;20,5;20,2;20;20;20,7;19,8;20,5;20,4;20,5;19,9;20,5;20,4;19,9;20,2;19,9;20,5;20,2;20,4;20,7;20,2;20;19,5;20,6;20,1;20,5;20,2;20,4;20,4;20,9;20,6;20,6;20,1;20,1;20,6;20,4;20,5;20,7;20,8;20,5;19,9;20,2;20,4;20,5;20,4;20;20,6;20,2;20,2;20,2;20,5;19,8;20;20,7;20,6;20,1;20,4;20,4;20,6;20,2;20,6;20,5;20,7;20,5;20,2;20,2;20,1;20,6;20,2;20,8;20,7;20;20,5;20,5;20,2;20,1;20,6;20,5;20,8;20,1;20,2;20,4;20,2;20,4;20,7;20,5;20,9;22,3;23,9;25,2;25,4;25,7;25,8;26,1;26,5;28;30,1;30;30,4;30,5;30,5;31;31;31;31,4;32,1;32,6;32,4;32,6;32,6;32,2;32,1;32,1;31,8;32,1;32,4;32,7;32,7;32,2;32,1;32,1;32,4;32,2;32,1;31,8;32;31,8;31,7;32;32;32;32;31,5;31,5;31,7;31,6;31,2;31,5;31,4;31,3;31,5;31,6;31,8;31,4;31,4;30,9;31,6;31,6;31,1;31,8;31,4;31,8;31,8;31,6;32;32;32,8;32,8;32,2;32,6;32,6;33,3;33,6;33,4;33,8;33,3;33,9;34,4;35;35,4;35,9;36,7;37,4;37,9;37,8;34,2;29,2;25,8;25;25,1;27,4;31,7;36,6;39,3;39,5;38,9;37,9;37;36,4;35,9;34,9;34,2;33,6;33,3;32,6;32,1;31,5;31,4;30,9;30,2;27,3;22,8;20,8;20,8;20,9;21,2;21,1;20,9;20,5;20,5;20,7;20,4;20,7;20,2;20,9;20,7;20,7;20,8;20,2;21,2;20,8;20,7;20,4;20,8;20,7;20,4;20,8;20,8;20,8;20,2;20,7;21,1;20,6;20,6;20,5;21,5;24,6;28,5;30,6;31,3;31,5;32,1;32,8;33,1;33,6;34,3;35;35,9;36,6;37,5;38,8;39,6;40,6;42,6;43,3;41,9;39,8;38,2;36,3;35,5;33,8;31,3;28,6;26,5;26;25,5;27,1;31,5;35,3;37,7;39;38,7;38,7;38,4;38,5;38,5;38,6;38,8;39,2;40,2;40,6;40,5;39,8;37;34,5;34,1;33,8;35,2;39,2;42,9;44;43,8;43,6;43,9;43,9;44;44,1;43,9;44,1;44,1;43,9;43,7;43,1;42;41,2;40,3;38,6;35,9;33,8;33,2;33,1;33,3;34,7;35,2;34,7;34,1;34;34;34,2;33,8;33,4;33,8;33,7;33,5;33,2;33,5;33,1;33,2;33;33,3;33,1;33,3;32,9;31,8;32,1;31,8;31,5;31,2;31,4;31,2;30,6;30,6;30,7;30,8;30,8;30,7;30,1;28,7;28,4;26,5;26,6;26;25,6;25,5;24,3;22,5;22,1;20,8;20,5;20,5;20,2;19,9;20,5;20,2;20,4;20,5;20,2;20,2;20,1;20,6;20,1;20,1;20,7;20;20,6;20,6;20,7;19,9;20,8;20,4;20,7;20,1;20,1;20,2;21,1;20,2;20,2;19,8;20,4;19,6;20,2;20,1;20,7;20,1;20,4;20,2;20,2;20,2;20,4;20,1;19,9;20,2;20,6;20,2;19,9;20;19,8;19,8;20,1;19,4;20,2;20,2;19,9;19,6;20,5;20,2;20,5;20;20,2;21,1;20,4;20,6;19,8;20,2;20,2;20,2;20,1;20,2;19,4;20,6;19,4;20;19,9;20,4;20;20,4;20;20,2;20,4;20,4;20,2;19,9;20,5;20,5;20,2;20,2;20,5;20,4;19,9;19,5;20,2;20,2;20,2;20,1;20,4;20,5;20,2;20,1;20,2;20,5;20,5;20,2;20,6;20,6;20,4;20,4;20,5;20,2;20,6;20,2;19,9;20,6;19,8;20,1;20,4;20,6;20,4;20,1;20,5;20;20;20;20,1;19,9;20,4;20,2;20,4;20,4;20,4;20,5;20,6;20,7;20,7;20,5;20,5;20,2;20,2;20,7;20,2;20;20,2;20,4;20,4;20,5;20,6;20,4;20;20,2;19,4;19,4;20,6;20;20,4;20,1;20,6;20,5;20,1;20,1;20,2;20;19,9;20,2;20,8;20,6;20,1;19,8;19,6;20,1;19,9;20,2;20,4;20,4;2022,2;21,8;21,8;21,4;21,4;21,5;21,6;21,4;21,4;21,8;21,9;21,4;21,4;21,8;21,6;21,2;21,1;21,4;21,8;20,9;22;21,4;22,5;21,6;20,9;22,1;21,4;22;21,8;21,4;21,5;21,5;21,5;21,4;21,4;21,4;21,5;21,6;21,6;21,5;20,8;20,9;21,9;21,5;21,5;21,4;21,1;21,1;21,5;21,1;21,5;21,9;21,1;20,6;21,1;21,4;20,9;20,8;20,7;20,8;20,6;21,2;20,8;20,8;20,8;20,6;21,1;20,7;20,9;21,2;20,9;20,2;20,7;20,9;20,8;21,1;20,9;20,5;20,5;20,9;21,1;21,4;21,1;20,5;20,6;20,4;20,6;20,7;20,6;20,7;20,7;20,7;20,5;20,7;20,5;20,6;20,7;20,6;20,6;20,6;20,4;20,9;20,7;20,8;21,4;20,7;20,5;20,7;20,1;20,8;20,1;21,1;20,5;20,4;20,6;20,4;20,1;20,1;20,9;20,1;20,2;20,2;20;20,4;20,6;20,6;21,1;20;20,5;20,2;20,4;20,6;20,4;20,2;20,8;20,8;20,9;20,7;20,4;20,2;20,7;20,7;20,6;20,5;20,4;20,6;20,7;20,1;20,2;20,6;20,5;20,5;20,5;20,6;20,6;20,9;20,4;20,8;20;20,2;20,7;20,7;20,1;20,4;20,7;20,5;20,5;20,5;20,5;20,5;20,6;20,2;20,7;20,5;20,4;20,4;20,1;20,6;20,2;20,6;20,4;20,5;20,6;20,6;20,7;20,6;20,2;20,5;20,5;20,5;20,5;20,5;20,5;20,8;22,6;24;25;26;25,6;25,7;26,2;26,7;27,9;29,9;30,1;30,4;30,7;30,7;31;31,2;31,3;31,8;32,1;32,2;32,2;32,8;32,7;32,5;32,6;32,1;32;32,2;32,1;32,2;32,2;32,2;32,5;32,6;32,5;32,4;32,2;31,7;31,6;31,8;32;31,8;31,7;31,5;31,4;31,5;31,7;31,4;31,2;31,3;31,1;31,1;31,1;31,5;31,6;31,6;31,4;31,5;31,3;31,6;31,3;31;32;31,7;32,4;32,1;31,6;32;32,8;32,7;32,6;32,8;32,9;32,7;32,5;33,2;33,5;33,4;33,7;34,2;34,9;34,6;35,4;35,7;36,5;37,1;37,9;37,7;34,3;28,8;25,4;24,4;25;27,4;31,8;36,7;39,4;39,4;38,8;38;37,4;36,5;35,9;35,3;34,5;33,8;33,3;33;32,7;32,4;31,5;30,9;30,2;26,6;22,9;21,1;21,1;20,4;20,9;20,7;20,6;20,7;20,8;21,1;20,6;20,9;20,6;20,6;20,5;20,7;20,5;20,7;20,8;20,5;21,2;21,2;20,7;20,2;20,5;20,7;21,1;20,6;20,4;20,4;20,2;20,6;20,7;20,9;21,4;24,5;28,6;30,5;31,3;31,7;32,5;32,7;33,2;33,6;34,1;34,9;35,8;36,6;37,6;38,8;40;40,8;42,4;43,2;41,9;39,8;38,1;36,3;35,1;33;30,9;28,9;27,8;26,1;25,7;27,2;31,1;35,2;38,1;38,7;39;38,9;38,6;39,1;38,8;38,7;39,4;40,3;40,9;41,1;40,7;38,7;36,2;34,5;34,3;34,6;36,4;41;43,3;43,9;43,7;44;44;43,8;43,8;43,8;43,8;43,9;44;44;43,9;43,5;42,6;41,8;40,9;39,2;36,9;34,9;33,5;33,3;33,8;34,6;35;35;34,4;34;34,4;34;33,6;33,6;33,9;33,8;33,6;33,3;33,2;33;33,1;33,2;33,6;33,4;33,3;32,9;32;32,4;32,1;31,6;31,5;31,2;31,2;31,1;30,8;30,8;30,8;31;30,8;30,6;28,9;28,6;27,1;26,2;26,1;25,8;25,6;24,6;22,6;21,9;20,7;20,8;20,6;20;20,4;20,5;20,1;20,4;20,6;20,2;20,5;19,9;20,5;20,4;20,4;20,7;20,1;20,8;20,6;20,6;20,4;20,7;20,5;20,5;20,1;20,4;20,4;20,9;20,1;20;20,1;20,2;19,9;20,2;20,2;20,9;20,4;20,8;20,7;20,6;20,1;20,5;20,5;20;20,2;20,8;21,4;20,4;20,1;20,7;20,6;20,6;21,1;20,2;19,9;20,6;20,8;20,5;20,4;20,4;20,7;20,4;20,1;20,1;20,2;20,5;20,1;20,5;20,2;20,4;20,9;19,9;19,9;20,2;21,2;20,2;20,5;20,6;20,1;20,8;20,9;20,6;20,6;20,4;20,1;20,6;20,8;20,4;20,4;20,4;20,1;20,5;20,4;20,4;20,1;20,4;20,5;20,5;20,4;20,1;20,2;20,5;20,6;20,7;20,6;20,5;20,4;20,2;20,4;20,1;19,9;20,6;20,4;19,8;20,6;20;20,6;20,4;20,4;20,2;19,9;20,4;20;19,5;20,1;20,1;19,8;20;20,7;20;20,2;20,2;20,2;20,4;20,6;20;19,8;20,1;20,6;20,2;20;20,1;19,8;20;20,5;20,4;19,9;20,4;20,5;19,6;19,4;20;19,3;20,2;20,2;20,4;20,1;20,7;19,8;18,8;19,9;20,6;19,8;20,5;20,2;20;20;20,1;19,8;19,6;20;19,9;20;20,4;19,9;2021,9;21,9;21,5;21,6;21,6;21,4;21,5;21,6;21,6;21,5;21,6;21,6;21,5;21,6;21,2;20,9;21,5;21,6;21,8;21,6;21,6;21,8;21,4;21,5;21,8;22,2;21,6;21,9;21,8;21,2;21,6;21,5;21,5;21,6;21,5;21,5;21,6;21,6;21,6;21,6;21,4;21,1;21,4;21,5;21,6;21,2;21,1;20,8;21,2;20,8;21,2;21,6;20,9;20,9;21,1;21,5;20,8;20,9;21,2;20,7;20,7;20,6;20,8;21,1;20,9;20,5;20,8;20,6;20,8;21,2;21,1;20,4;20,7;20,8;20,6;20,9;20,8;20,4;20,2;20,7;20,5;20,6;20,8;20,9;20,6;20,6;20,7;20,9;20,6;20,7;20,7;20,6;20,7;20,6;20,4;20,6;20,6;20,2;20,1;20,1;20,4;20,9;20,5;20,7;20,4;20,5;20,2;20,6;20,2;20,4;20,2;21,1;20,5;20;20,2;20,7;20,2;20,5;20,6;20,1;20,7;19,9;20;20,6;20,2;20,6;19,9;20,5;20,6;20,2;20,4;20,2;20,2;20,2;20,5;20,8;20,8;20,6;20,6;20,1;20,9;20,7;20,6;20;20,6;19,9;20,5;20,6;20,2;20,6;20,2;20,9;20,6;20,5;20,5;20,8;20,6;20,6;20,1;20,5;20,4;20,4;20,1;20,4;20,2;20,5;20,2;20,6;20,2;20,5;20,6;20,5;20,8;20,8;20,5;20,6;20,2;20,7;20,4;20,7;20,4;20,6;20,6;20,6;20,7;20,2;20,5;20,5;20,6;20,6;20,5;20,2;20,6;20,5;22,3;24,7;25,1;26,2;25,6;25,6;26,4;26,8;28,7;30;30;30,6;30,7;30,6;31;31,1;31,3;31,8;32;32,4;32,7;32,7;32,6;32,5;32,7;32,7;32,5;32,6;32,5;32,5;32,9;32,7;32,4;32,5;32,4;32,4;32,1;32,4;32,6;32,2;31,8;32;32,2;32,4;32,4;31,8;32;31,6;31,6;31,7;32;31,8;31,6;31,3;31,6;31,4;31,6;31,5;30,9;31,7;31,5;31,7;32,5;31,6;32,8;32,6;32,5;32,8;32,1;32,5;33;33,2;33,5;32,9;33;33,5;33,2;33,9;33,9;34,5;34,9;35;35,6;36;37,6;38;38,3;37,7;34;29,3;26;24,6;25,1;27,7;32,5;37,1;39,6;39,9;39,1;38,1;37,5;36,9;35,8;34,9;34,6;34;33,5;33;32,6;32,7;31,6;31,5;30,7;27,4;22,6;21,5;21,1;20,9;21,2;20,9;20,8;20,8;20,6;21,2;20,6;21,2;20,9;21,2;20,9;20,4;20,6;20,5;20,5;20,7;20,8;20,9;21,1;20,7;20,8;21,1;21,5;20,9;20,5;20,9;21,1;21,2;20,8;21,4;21,9;24,8;28,8;30,7;31,6;31,5;32,4;33,1;33,5;34,1;34,6;35,5;36,3;36,9;38;39,1;40;41,2;42,6;43,3;42;40;38,1;36,4;35,3;33,4;31,2;28,9;26,8;25,8;26;27,3;31,4;35,6;38,2;39;39;38,9;39;39,1;39,3;40,1;40,1;40,3;41,3;41,3;41;39;36,5;34,9;34,5;34,6;37,5;41,9;44;44,2;44,3;44,6;44,2;43,9;43,9;43,9;43,8;43,9;44;44,2;44,3;44,1;43,6;42,7;41,8;40,3;38;35,4;33,9;33,4;33,5;34,2;35,2;35;34,9;34,3;34,3;34,4;34,2;34;33,6;33,5;33,7;33,5;33,1;33,4;33;33,7;33,7;33,1;33,1;32,8;32,5;32,7;32,6;31,5;31,8;30,7;31,3;31,2;31;31;31;31;30,9;30,7;29,3;28,4;27,5;26,6;26;25,8;25,4;23,8;22,7;22;20,9;20,7;20,5;20,2;20,5;20,7;20,1;20,2;20,6;20,7;20,5;20;20,1;20,6;20,8;20,6;20,2;20,5;20,7;20;20,4;20,5;20,4;20,5;20,4;20,5;20;20,7;20,1;20,4;20,1;20,1;20,2;20,1;20,2;20,9;20,4;20,4;20,2;20,5;20,5;20,1;20,5;19,9;20,5;20,2;20,7;20;19,9;19,9;20,1;20,5;20,5;20,7;19,6;20,1;20,1;20,8;20;19,9;20;20,6;20,4;19,6;20,6;20;20,4;20,1;20,8;20,2;20,1;20,1;20,2;20;20,2;19,9;20;20,5;20,4;20,1;20,2;20,4;20,6;20,6;20,4;20,2;20,2;19,6;20;20,2;20,1;20;20;20,5;20;19,6;19,9;20,1;20,1;20,1;20,1;20;20,2;20,4;20,2;20,2;20,4;20,5;20,4;19,8;19,9;20,1;20;20,1;20,7;20,2;20,1;19,9;20,1;20,2;19,9;20,1;19,9;19,9;20,1;19,9;20,1;20,7;20,6;20,1;20;20,1;20,1;19,9;19,6;19,8;20,4;20,5;20,4;20,1;19,8;19,6;19,8;19,9;19,9;20;20,5;20,5;20,1;20,1;20,1;20,2;19,6;19,5;19,9;19,5;19,4;20,1;19,9;19,9;19,9;20,1;19,8;20,4;20,2;19,6;19,6;19,8;19,6;19,6;20;19,9;19,9;20,1;19,5;19,821,5;21,6;21,4;21,4;21,8;21,6;21,6;21,4;21,5;22;22;21,5;21,2;21,8;22,2;21,1;20,9;22,2;21,8;21,5;21,4;21,6;21,1;20,9;21,4;21,6;21,5;20,8;21,2;20,9;20,7;21,4;21,5;21,5;21,4;21,2;21,2;21,1;21,2;21,4;21,2;20,8;20,9;20,9;21,2;21,1;21,2;20,9;21,1;20,7;20,6;21,2;20,9;20,6;21,1;21,2;20,7;20,8;21,5;20,6;20,7;20,2;20,7;21,1;20,8;20,2;20,6;20,6;20,8;20,9;20,9;20,4;20,4;20,8;20,8;20,7;20,6;20,6;20,7;20,9;20,6;20,5;20,4;20,5;20,7;20,6;20,8;20,9;20,7;20,8;20,8;20,7;20,9;20,9;20,9;20,9;20,4;20,4;20;20,5;20,7;20,5;20,9;20,6;20,6;20,4;20,6;19,9;20,5;20,4;20,2;20,1;20,2;20;20,4;20,2;19,9;19,9;20,4;19,6;20,4;20;20,1;20,4;20;20,7;20,1;19,9;20,1;20,7;20,4;20,7;20,4;20,2;20,2;20,5;20,4;20;20,5;20,1;20,2;20,4;20,5;20,4;20,1;20;20,1;20,4;20,2;20,4;20,5;20,6;20,2;20,4;20,1;20,6;20,4;20,5;19,9;20,4;20,5;20,2;20;20,4;20;20,2;20,2;20,7;20,2;20,5;20,6;20,2;20,5;20,4;20,7;20,5;20,6;20,8;20,2;20,6;20,6;20,6;20,5;20,4;20,9;20,1;20,2;20,6;20,1;20,1;20,5;20;20,6;20,7;21,8;24,6;25,3;26;25,7;26,1;26,3;26,6;28,6;29,5;29,9;30,3;30,5;30,4;30,9;31;31,3;31,5;31,6;32,2;32,6;32,7;32,4;32,6;32,7;32,4;32,4;32,2;32,4;32,2;32,1;32,1;32,1;32,2;32;32;32;32,1;32,2;32,1;31,8;32,2;32,2;31,8;32,2;31,5;31,4;31,5;31,6;31,3;31,3;31,3;31,6;32;31,4;31,8;32;31,8;31,3;31,7;31,8;31,8;31,8;32,4;31,8;32,8;32,6;32,4;32,7;32,2;33,4;32,7;33,6;33;33,3;33,1;33,2;34;33,4;34,3;35,1;35,4;35,7;36,4;36,9;37,2;38,1;37,5;34,7;29,4;25,7;24,4;24,6;27,1;32,1;37,5;40;40;39;37,8;36,9;36,3;35,6;35,1;34,5;33,9;33,2;32,8;32,1;31,8;31,1;31,1;30,6;26,8;22,7;21,6;20,9;20,9;20,8;20,9;20,7;20,5;20,5;20,8;20,2;20,7;20,5;20,8;20,1;20,6;20,5;20,8;20,5;20,2;20,5;20,7;20,8;20,8;20,6;20,8;20,9;20,9;20,8;21,2;20,7;20,9;21,2;21,4;22;25;28,9;30,5;31,2;31,5;32,4;32,8;33,1;33,5;34,2;35;36,2;37;38;38,7;39,8;41,2;42,7;43,5;41,7;39,9;37,8;35,9;35,1;33,7;31,1;28,6;26,7;26,2;25,3;26,6;31,4;35,6;37,9;39;39;39,2;39,2;38,9;39,4;40;40,3;40,6;41,5;42,5;40,9;38,9;36,6;34,5;34,3;34,7;37,9;42,6;44;44,1;44,3;44,5;44,8;44,6;44,3;43,9;43,8;43,9;43,8;43,9;44,3;44,5;44;43,3;42,4;40,7;38,5;35,9;34,2;33,7;33,4;34,3;34,7;34,7;34,3;33,9;34,1;34,7;34,5;34,3;33,7;33,4;33,3;33,2;33,2;33,2;33,4;33,6;33,5;33,3;32,8;33,1;32,6;32,6;32,1;31,4;31,4;31,1;31,2;30,9;30,7;30,9;30,8;31,1;30,8;30,8;29,1;28,4;27,5;27,1;26;25,7;25,4;23,8;22,6;22,1;20,7;20,5;20,7;20,4;20,5;20,6;20,5;20,5;20,5;20,6;20,4;20,2;20,4;20,6;20,8;20,7;20,5;20,1;20,7;20,1;20,4;20,6;20,2;20,1;20,1;20,2;19,9;20,6;20,7;20,5;19,5;20;19,8;20,4;19,9;20,7;20,4;20,5;19,9;20,2;20,4;19,4;20,2;20,1;20,5;19,9;20,8;19,9;20;20,5;20,1;20;20,4;20,5;20,1;20,4;19,8;20,2;20,7;19,9;20,8;20,1;20,6;19,9;20,5;19,6;20,2;20,6;20,2;20,2;20,6;19,8;19,8;20,1;20;19,6;19,6;19,9;19,6;19,8;19,8;20,5;20,1;19,9;20,2;19,8;20;20,1;20,4;20,6;20,4;19,9;19,5;20,1;20,1;19,9;20,2;20,4;20,1;20;19,9;19,6;19,9;20,2;20,4;20,1;20,1;20;19,8;19,6;20,1;20,2;19,6;20;20,4;19,9;19,9;19,8;20,4;20;20;20;19,5;20,1;20;19,6;20,1;20,2;20,5;20;19,5;20,1;20;19,9;20,1;20;20;19,8;19,9;20,1;19,9;19,8;19,4;19,6;20,2;20;20,4;20,2;19,8;20,1;20;20,6;19,5;19,6;19,4;19,9;19,6;19,9;20,1;19,9;19,9;20;19,9;20,1;20,1;20;19,8;19,4;19,3;19,5;19,5;19,6;20;20,2;19,8;19,622,3;22;21,9;21,4;21,8;22,1;22,3;22;21,8;22;21,9;21,5;21,5;21,6;21,8;21,8;21,6;21,9;21,8;22,1;21,6;21,2;22;22;21,8;21,5;22;21,9;21,8;22,1;21,6;21,9;21,9;22,2;22,1;21,5;21,8;21,9;21,4;21,4;21,5;21,5;21,5;21,1;20,9;21,2;21,6;21,4;21,8;20,7;20,8;21,2;21,4;20,7;21,4;21,4;20,8;20,8;20,9;20,8;20,8;20,6;20,6;20,7;20,7;20,6;20,6;20,7;21,1;20,9;20,7;20,9;20,4;20,7;20,8;20,7;20,6;20,4;20,5;20,7;20,6;20,6;20,8;20,7;20,6;20,5;20,4;20,1;20,6;20,7;20,2;20,1;20,5;20,5;20,6;20,4;20,4;20,4;20,4;20,4;20,5;20,6;20,2;20,1;20,5;20,7;20,5;19,9;20,7;20,4;20,1;20,2;20,1;20;20,4;20,5;20,4;19,9;20,2;20,1;20,2;20;20,5;20,5;20,6;20;20,2;20,5;20,1;20,6;20,5;20,6;20,4;20,6;20,5;20,5;20,6;19,8;20,2;20,4;20;19,8;20,1;20,5;20,4;19,9;19,9;20,4;20,4;20,4;20,2;20,8;20,1;20,2;20;20,6;20,2;20,4;20;20,2;20,1;20,4;20,1;20,2;20,2;20,2;20;20,6;20,1;20,1;20,4;19,9;20,5;20,1;20,4;20,4;20,4;20,7;20,4;20,2;20,6;20,5;20,6;20,5;20,5;20,6;20;20,6;20,2;20,5;20,5;20,4;20,5;20,4;22;24,3;25,8;25,6;25,8;26;26,2;26,6;28,6;29,5;30,1;30,4;30,5;30,4;30,8;31,1;31,4;31,6;32,1;32,6;32,4;32,5;32,6;32,5;32,6;32,4;32;32,1;32,1;32,2;32;32;32;32,2;32,5;32,6;32,2;31,8;32;31,8;31,7;32;32;31,7;31,6;31,8;31,7;31,4;31,6;31,4;31,3;31,2;31,2;31,6;31,1;31,1;31,5;31,5;31,6;31,4;31,1;31,1;31,6;31,8;32;32;32,4;32,8;32,6;32,7;33,1;33;32,6;33;33,7;33,4;33,5;33,6;33,9;34,4;35,2;35,3;35,2;35,8;36,6;37,1;37,9;37,5;34,1;29;25,6;24,4;25,1;27,8;32,5;37;39,4;39,4;38,7;37,7;37,1;36,2;35,7;35,1;34,3;33,8;33,1;32,5;32,2;32,2;31,5;31,2;30;26,5;22,9;21,8;20,7;20,7;20,8;20,6;20,8;20,7;20,6;20,6;20,4;20,7;20,2;21,1;20,4;20,5;20,5;20,7;20,8;20,9;19,8;20,5;20,7;20,5;20,6;20,5;20,8;21,1;20,8;20,9;20,9;20,6;20,8;21,1;21,6;24,8;28,7;30,4;31,3;31,7;32,6;32,9;33,4;33,9;34,5;35,2;35,8;36,5;37,8;39;40;41,1;42,7;43,5;41,9;39,6;38;36,2;35,1;33,1;31,3;28,4;27,2;26,1;26,4;26,8;31,8;36,3;38,2;39,1;39,4;39,6;39,1;39,4;40,3;40,2;39,9;41,3;42,4;42;40,7;38,5;35,9;34,6;34,3;35,3;38,4;42,9;44,8;44,7;44,8;44,8;44,7;44,7;44,6;44,2;43,9;43,8;43,9;43,7;44,1;44,8;44,3;43,4;42,4;41;38,9;36,4;34,3;33,6;33,5;34,4;34,9;35,1;34,7;34,4;34;34,3;34,1;33,7;33,6;33,6;33,3;33,5;33,4;33,1;33,5;33,4;33,5;33,4;33,2;33;32,6;32,5;31,8;31,4;31,4;31,3;31,5;31,2;30,7;31,1;30,8;31,4;30,8;30,8;29,2;28,4;27,6;26,4;26,2;25,8;25,3;23,7;22,8;22;20,8;20,6;20,8;20,4;20,1;20;20,4;20,4;20;20,5;20,6;20,2;20,6;20,2;20,8;20,5;20,4;20,1;20,2;19,8;20,4;20,4;20,1;19,9;20,1;20,4;19,6;20,6;20,8;20,4;19,6;19,9;20,1;20,1;20;20,6;20,4;20,6;20;20,1;20,6;20,1;20,6;20;20;20,2;20,4;20;20,2;20,7;19,5;19,9;20,2;19,6;19,9;20,5;20,2;20,5;20,2;19,4;19,6;20,4;19,6;20,2;20;20,5;20;20,1;20,4;19,9;20,4;20,2;19,9;20,4;20,4;19,4;19,3;20,7;20;19,4;20,1;19,3;19,8;20,1;19,6;20,1;20,2;19,9;20;20;19,9;19,6;19,6;20,2;20;20,1;20,1;20,2;20;20,4;20,1;19,9;19,9;19,9;20,2;19,9;20;20,2;19,9;19,9;19,9;20,5;19,5;19,8;20,4;20;20,1;20;20,1;19,5;19,9;19,9;19,5;20,5;19,8;20,1;20,1;20,4;20,4;19,9;19,5;20;20,1;20,2;20,4;20,2;20,5;20,5;20,6;20,5;20,4;20,4;20,1;20;20;20,2;20,6;20,7;20,6;20,1;20,1;19,8;20,5;19,8;20;20,4;20,4;20;20;19,8;20;20,5;20;20,7;20,7;20,5;20,6;20,6;20,5;20,2;20,2;20,5;20,2;20;19,9;20,122;21,9;22;21,5;21,2;21,2;21,6;21,5;21,4;21,6;21,9;21,9;21,6;21,1;21,2;21,5;21,2;21,1;21,4;20,9;21,2;22,1;20,8;21,5;21,2;21,5;21,5;21,9;21,6;21,5;21,5;21,8;21,8;21,4;20,9;20,9;21,1;20,9;20,8;20,9;20,5;20,7;21,1;21,2;20,8;21,1;21,2;20,9;20,9;20,7;20,8;21,1;21,2;20,7;21,4;20,8;20,8;20,7;20,9;20,7;20,8;20,6;20,7;20,8;20,5;20,6;20,8;20,9;21,2;21,2;20,5;20,6;20,9;21,1;20,9;20,8;20,7;20,6;20,6;20,6;20,6;20,8;20,8;20,5;20,5;20,8;20,8;20,7;21,1;20,7;20,6;20,2;21,1;20,5;20,2;20,4;20,5;20,9;19,6;20,9;20,6;20,9;20,9;20,8;20,8;20,7;20,5;19,9;20,6;20,4;20,7;20,7;19,9;20,5;21,2;20,2;20,9;20,4;20,5;20,7;19,9;20,4;20,6;20,6;20,9;20,1;20,2;20,2;20,5;20,6;20,5;20,6;20,2;20,5;20,7;20,5;20,5;20,1;20,2;20,1;20,6;20,2;20,1;20,7;20,1;20;20,5;20,5;20,6;20,6;20,2;20,8;20,1;20,1;20,1;20,7;20,4;20,5;20,4;20,1;20,4;20,5;20,6;20;20,4;20,5;20;20,6;20,7;20,4;20,4;20,6;20,2;20,5;20,1;20,5;20,1;20,4;20,5;20,6;20,6;20,4;20,4;20,7;20,5;20,8;20,4;20,2;20,5;20,4;20,2;20,2;20,7;20,7;22,5;24,5;26;25,8;25,7;25,6;25,8;27,1;28,4;29,7;30;30,6;30,3;30,6;31,3;31,3;31,3;31,4;32,1;32,5;32,4;32,6;32,6;32,5;32,4;31,7;32,2;32;31,8;32;32,1;32,2;32,2;32,1;31,8;32;32;32,2;32,2;32;32,1;32;31,8;31,7;31,8;31,6;31,6;31;31;31,2;31,5;31,2;31,5;31,3;31,6;31,4;31,6;31,5;31,2;31,6;32;32;32,4;31,7;32;32,2;32,6;32,6;32,7;32,4;32,8;33;33,1;33;33,1;33,7;33,1;34,1;33,9;34,4;34,9;35;35,8;36,2;37;37,8;38,1;37;33,6;28,8;25,2;24,3;24,7;27,3;32;36,9;39,3;39,2;38,5;37,9;37,2;36,5;35,8;35,1;34,5;34;33,2;32,8;32,4;31,8;31,4;31,2;30,3;27,1;23,1;21,5;20,8;20,8;20,7;20,5;20,5;21,1;21,1;20,8;20,4;20,2;19,9;20,6;20;20,9;19,9;20,6;20,5;20,4;20;20,5;20,6;21,1;20,8;20,2;20,6;20,5;20,4;20,7;20,8;20,9;20,9;20,8;21,4;24,6;28,6;30,5;31,2;31,6;32,4;32,9;33,2;33,6;34,5;35,2;35,8;36,8;37,9;39;40,2;41,1;42,7;43,6;42,3;39,9;37,9;36,5;35,3;33,5;31;28,9;27,2;25,5;25,7;26,7;31,4;35,8;38,5;39,2;39,8;39,5;39,4;39,4;39,9;40,5;40,9;41,6;42,7;41,8;40,6;38,4;36,2;34,4;34,4;34,9;37,6;42,6;44,3;44,9;44,5;44,7;44,8;44,6;44,5;44,2;43,8;43,9;43,8;43,5;43,7;44,3;44,3;43,6;42,5;41,2;38,9;35,9;34,2;33,7;34;34,5;35,3;35;34,1;34,1;34,2;34,1;33,9;34;33,7;33,9;33,7;33,4;33,1;33;33;33,6;33,4;33,2;33,3;32,9;32,7;32;32,1;31,5;31,6;31,4;31,3;31,3;30,9;31,3;31,1;31,1;30,9;30,8;29,5;28,2;27,4;26,2;26,4;26;25,3;23,8;22,9;21,8;21,1;20,7;20,7;20,7;20,4;20;20,4;19,9;20,2;20,4;20,6;20,5;20,4;20,1;20,5;20,4;20,4;20,4;20,4;20,1;20,1;20,4;19,9;20,1;20,4;20,9;20,1;20,4;20,5;20,5;20,2;20,6;20,2;20,7;20;20,5;20,5;20,6;20,4;20,5;20,4;20,4;20,4;19,5;20,1;20,4;20,5;20,6;20,1;20,7;20,4;20,4;20,5;20,2;20,1;20,5;20,2;20,6;20,4;20,5;20,1;19,8;20;20,6;20,7;19,5;20,5;19,9;20,7;19,9;21,2;19,6;19,9;20,2;20,2;20,2;20,4;20,8;20,2;20;20,1;20,1;20,7;20,6;20,2;20,5;20,6;20,9;20,6;20,6;20,2;20;20,1;20,4;20,2;20,1;20;20,5;20,2;20,2;20,1;20,2;20,6;20,6;20,5;20,1;19,9;20;19,8;19,9;19,9;20,1;20,1;20;20,5;20,4;19,9;19,8;19,8;19,8;20;19,9;20,2;20;19;20;19,8;20;20,2;19,8;19,4;20,4;20,2;20,2;19,9;19,5;19,6;20;20,1;20,1;20,1;19,9;19,8;20,2;20,5;20;19,8;19,9;20,2;19,5;19,6;20;20,2;19,9;20,2;20;19,4;20;20;19,4;20,1;20,4;19,5;19,9;19,9;19,2;19,8;20,1;19,6;19,5;19,9;20,1;20;19,5;19,9;19,621,9;21,6;22,1;22;22,1;22,1;22;21,5;21,5;21,9;21,8;22,2;22,2;21,9;21,8;21,4;21,8;22,1;22,2;22;22,5;22,3;22;21,5;21,2;21,5;22;21,8;21,8;21,8;21,4;21,5;21,6;21,6;21,5;21,4;21,6;21,5;21,4;21,5;20,9;21,1;21,4;21,4;20,7;21,1;21,1;20,7;20,8;20,8;21,1;21,1;20,8;20,4;21,6;20,8;21,1;20,9;21,2;20,6;20,8;20,8;20,7;20,8;20,6;20,5;20,8;20,8;20,8;20,7;20,7;20,6;20,7;20,9;20,9;20,6;20,4;20,5;20,6;20,4;20,7;20,7;20,5;20,9;20,8;20,5;20,5;20,4;20,4;20,9;20,6;20,6;20,7;20,8;19,9;20;19,8;19,8;20,4;20;20,5;20,6;20,4;20,1;20,1;20,4;20,1;20;20;20,1;20,6;19,8;20,6;19,8;19,4;20,5;20,1;19,6;20,5;20,5;20,2;20,4;20,4;20,2;20,2;20,2;19,4;20,4;20,5;20,7;20,1;20,6;19,8;20,1;20;20,2;20,7;20,4;20,5;19,9;20,5;19,6;20,4;20,5;20,2;19,9;20,5;20,4;20,5;20,4;20,2;20,4;20;20,2;19,9;20,5;20,4;20,6;20,2;20,1;20,7;20,5;20,7;19,9;20;20,2;20,1;20,5;20,8;20,5;20,7;20,8;20,4;20,4;20,2;20,7;20,2;20,7;20,6;20,4;20,6;20,5;20,2;20,7;20,7;20,8;20,6;20,2;20,4;20,2;20;20,4;20,6;21,1;22,6;24,5;25,7;25,8;25,8;25,8;26,1;27,1;28,5;30,1;29,9;30,4;30,4;30,8;31,2;31,4;31,3;31,6;32,1;32,6;32,6;32,5;32,7;32,8;31,8;32;32;32;32,4;32,6;32,5;32,2;32,4;32,1;32;32,2;32,7;32,8;32,5;32,2;32,4;32,1;32;32,2;32;31,8;31,7;31,7;31,8;31,4;31,6;31,7;32;32;31,8;31,4;31,3;31,6;31,5;32,2;32,1;31,6;32,5;32,2;32,5;32,6;32,6;33,3;33,1;33,1;32,9;33,5;33,2;33,5;33,6;34;33,6;34,2;34;34,1;35;36,2;36;36,2;36,9;37,2;37,8;37,6;34;29,1;26,1;25,1;25,2;27,7;32,6;37,5;40,3;40,2;39;38,3;37,7;36,9;35,8;35,3;34,9;34,1;33,4;33,1;32,5;32,1;31,6;31,4;30,2;26,8;22,7;21,8;21,2;21,6;20,7;20,8;20,8;20,8;20;20,9;20,8;20,7;20,7;21,1;20,2;20,6;20,5;20,6;20,1;21,2;20,8;20,8;21,5;21,4;20,8;20,9;20,5;20,9;20,8;20,9;20,6;20,7;20,7;20,7;21,5;24,7;28,9;30,9;31,7;32;32,7;33,2;33,7;34,1;34,6;35,3;36,1;36,9;37,9;38,9;40,4;41,2;42,8;43,9;42;39,9;38,2;36,6;35,3;33,7;31,5;29,2;27,3;25,8;25,6;27,4;31,4;36,4;38,7;39,6;39,4;39,3;40,1;40;40,6;40,8;41,1;42,3;42,7;42,4;40,8;39;36,9;35,1;34,2;34,7;37,9;42,8;44,9;45,4;45,4;45,3;45;44,8;44,9;44,9;44,6;44,2;43,9;43,8;43,9;44,5;44,5;44;43,1;41;38,3;35,6;34,1;34,2;34,1;34,6;35,3;35,2;35,1;34,9;34,3;34,1;34,2;34,2;33,6;33,9;33,6;33,4;33,1;33,4;33,2;33,6;33,4;33,5;32,8;33;33;32,4;31,8;32;31,5;31,2;30,9;31,1;31,3;31,3;31,1;31;31,1;30,6;30;28,7;27,6;26,5;26,5;25,6;25,5;24,3;22,9;21,8;21,1;20,6;20,5;20,5;20,4;20,5;20,6;19,8;20,4;20,1;20,2;20,1;20,1;19,9;19,9;20,7;19,8;20,4;20,4;20,5;20,1;20,5;19,5;20,2;19,6;20,1;20,2;20,4;20,2;20,5;20,1;19,9;20,5;20,6;19,5;20,5;19,5;20;20,2;20,1;20,8;20,2;19,9;19,6;19,9;20,1;19,6;20,1;19,6;20,6;19,8;20,1;19,4;21,1;20,1;20,1;19,6;19,3;20;19,8;20;20,1;19,9;19,3;19,8;19,5;19,9;20,5;19,5;19,6;20,7;19,5;19,3;20;20,1;20,1;19,4;19,6;19,8;20,1;19,9;20,2;19,4;20,4;20,4;19,5;19,9;20;20,2;19,6;19,9;20,5;20,4;20;20,2;20,2;19,9;20,5;20,2;20;20;19,8;20;20,1;20;19,9;20;20;19,8;19,9;19,8;20;20,1;20,2;20,2;20,1;20;20;20;20,2;20,1;20,2;20,2;20;19,4;20,4;20,1;20;20,5;19,9;20,1;20,2;20,4;20,4;19,9;20;20;20;20,1;20,5;20,1;20,2;20,5;20,2;20,2;20,2;20,2;19,8;19,9;20;19,8;20,1;19,9;19,5;20,1;19,6;19;20,1;19,8;19,9;20,2;20,4;19,8;19,5;20,1;20,4;20,2;20,2;19,9;20,1;20,4;20,1;20,1;19,8;19,6;19,521,8;21,6;22;22,2;22;21,6;21,8;22;22;22,1;22,1;21,8;22;21,8;21,8;21,6;21,5;21,6;22,3;21,5;21,1;21,8;21,8;20,8;21,9;20,9;21,2;21,5;21,2;20,9;21,4;21,2;21,2;21,6;21,6;21,4;21,5;21,2;20,7;21,1;21,5;21,4;21,2;21,2;20,7;20,6;21,4;20,9;21,1;20,9;21,2;21,4;20,9;20,7;22;20,9;21,2;21,1;21,4;21,2;20,8;21,2;20,9;20,9;21,1;20,8;20,9;20,9;20,6;20,6;20,8;20,8;20,8;20,9;21,2;20,9;20,4;20,6;20,8;20,9;21,4;20,8;20,5;20,6;20,8;20,5;20,5;20,5;20,4;20,6;20,9;20,8;20,7;20,7;20,7;20,6;20,5;20,6;20,2;20,6;20,6;20,4;19,8;20,9;20,9;20,6;20,6;20,4;20,7;19,9;20,1;20,7;20,4;20;20,6;20,1;20,6;19,9;20,5;20,7;20,5;20,8;20,1;20,6;20,6;20,6;20,2;20,4;20,5;20,4;20,5;20,1;20,4;20;20,6;20,4;20,8;20,2;20,9;20,2;20,5;20,1;20,5;20,4;20,4;20,1;20,5;20,2;20,1;20,6;20,5;20,7;20,6;20,5;19,9;20,1;20,1;20,5;19,9;20;20,6;20,4;20,2;20,1;20;20,5;20,1;20,4;20,6;20,4;20,5;20,5;20,5;20,2;20,5;20,4;20;20,7;20,7;20,1;20,6;20,6;20;20,6;20,7;20,5;20,4;20,4;20,5;20,4;20,2;20,8;20,2;20,4;22;24,4;25,3;25,6;25,5;26,1;26,2;26,6;28,8;29,7;30;29,9;30,2;30,5;31;31;31;31,4;32,2;32,9;32,5;32,2;32,1;32,4;32,5;32,4;32,4;32,2;32,1;31,8;32,2;32;31,8;32,2;32,2;32,4;32,5;32;32,1;32,1;31,7;31,7;32;31,8;31,7;32,1;31,5;30,9;31,2;31,7;31,7;31,2;31,4;31,2;31,2;31,6;31,6;31,7;31,6;31,8;31,1;31,8;31,1;31,5;31,5;32,2;32,4;32,9;32,5;32,4;32,5;32,9;32,9;33;33,4;33,3;33,5;33,6;34,1;34,7;34,7;35,1;35,5;35,8;36,8;37,2;38;37,6;34,1;29;26;24,4;24,7;27,1;32;37,1;39,8;39,6;38,8;38,1;37,2;36,3;35,6;35,3;34,5;33,6;33;32,7;32,1;32,4;31,2;31,3;30,4;26,3;22,6;20,9;20,7;20,9;20,5;20,2;20,5;20,8;20,1;20,4;20,8;20,5;20,7;20,6;19,9;20,1;20,1;20,7;20,5;20,4;20;20;20,4;20,6;20,8;21,1;20,2;20,4;20,4;20,4;20,8;20,8;21,1;20,7;21,6;24,5;28,7;30,7;31,4;32;32,6;32,7;33,5;34,1;34,6;35,5;36,1;36,7;38,1;39;40,5;41,4;42,7;43,3;41,8;40,1;37,8;36,2;34,7;33,4;31,1;28,2;26,7;26,3;26,1;26,8;31,7;35,4;38,3;40;40,3;39,5;39,2;40;40,3;40;41,2;42;43,1;42,5;41,1;39;37;35,2;34,6;34,4;36,5;40,8;43,7;44,9;44,9;45;45,3;44,8;44,6;44,3;43,9;43,9;43,8;43,2;43,2;43,9;44;43,6;42,6;40,8;38;35,1;33,9;33,7;33,9;34,4;34,9;35,2;34,6;34,1;34,1;34,4;33,9;34;33,6;33,6;33,2;33,6;32,8;32,9;33,2;33,2;33,3;33,6;32,9;32,8;32,5;32,2;31,8;31,8;31,3;31;31,1;30,8;31,2;31,5;31,1;31,1;31,2;30,6;30,3;28,7;27,5;26,5;26,1;25,6;25,6;24,5;22,8;22;21,1;20,6;20,8;20,4;20,1;20,4;20,4;20;20,2;20,4;20,6;20,5;20,2;20,2;20,1;20,5;19,8;20,1;20,4;20,5;20,4;20,4;19,8;20,2;19,6;20,7;20,4;20,5;20,4;20,4;19,9;20,1;20,1;20,5;19,9;20,8;20,2;20,1;20,4;20,4;20,5;20,5;20,4;20;20,1;20,1;20,2;20,4;20,1;21,2;19,5;20;20,1;20,2;19,9;20,2;19,5;19,8;20,5;20,8;20,4;20,5;20,6;20,2;19,9;19,8;20;20,7;20,4;20,4;21,2;20,4;19,6;19,9;20,9;19,9;20,2;19,8;19,6;20,2;20,9;20,9;19,6;20,4;19,9;20,1;20,8;20,4;20,2;20;19,9;19,8;19,6;20,2;20,5;20,5;20,2;20,2;20;20,1;20,2;20,1;20,4;20,5;20,2;20,6;20,9;20,4;20,4;19,9;19,8;20,1;19,9;20;20,5;20,2;20,2;19,9;19,9;20,2;20,2;20,2;20,1;20,2;20,1;20,4;20,7;20,1;20,2;19,9;20,4;20,1;20,4;20,4;20;20,1;20,4;19,9;20,1;20,5;20,6;20,4;20,1;20,1;20;19,9;20;19,9;20,4;20,6;20;20,1;20;20,1;20,2;20,2;19,8;20;19,3;19,5;20,4;20,2;20,1;20,2;20,1;20,2;20,1;19,9;20,1;19,8;19,5;20,2;20,4;19,8;19,3;2022;21,5;21,9;21,6;21,5;22;22;21,9;22;22;22;21,8;21,4;21,6;21,6;22;21,8;21,4;21,4;21,4;21,1;21,9;22,1;21,5;21,6;21,8;21,8;21,8;21,8;21,9;21,4;21,1;21,4;21,2;21,2;21,6;21,8;21,4;21,2;21,1;21,2;21,5;21,5;20,9;20,8;20,9;21,2;21,1;21,1;20,9;21,1;21,2;20,9;20,7;21,6;20,9;21,1;20,9;21,1;21,4;20,8;20,9;21,1;21,2;21,2;20,8;20,8;20,8;20,6;20,7;20,9;20,8;20,6;20,8;21,4;21,1;20,5;20,4;20,4;20,8;20,5;20,5;21,1;20,6;20,5;20,5;20,6;21,5;21,2;20,8;20,7;20,4;20,5;20,6;20,1;20,6;20,5;20,7;20,1;20,4;20,6;20,5;20,8;20,8;20,6;20,5;20,7;20,6;20,2;20,5;20,4;20,7;20,8;20,1;20,4;20,7;20,1;20,4;20,6;20,4;20;20,5;20,5;20,6;20,6;20,4;20,6;20,6;20,4;20,6;20,7;20,7;20,6;20,4;20,6;20,4;20,7;20,5;20,6;20,9;20,7;20,7;20,2;20,2;20,7;20;20,6;20,4;20,4;20,8;20,6;20,8;20,5;20,6;20,2;19,9;20,2;20,4;20,2;20,1;20,4;20,4;20,1;20,5;20,2;20,6;20,4;20,2;20,5;20,5;20,2;20,6;20,5;20,6;20,4;20,4;20,6;20,7;20,7;20,5;20,8;20,8;20,4;20,8;20,8;20,7;20,7;20,5;21,1;20,8;20,8;21,1;20,6;20,4;22,3;24,7;25,7;25,8;25,7;26,2;26,6;26,8;29;30,3;30,2;30,2;30,7;31;31,1;31,1;31,6;31,6;32,4;33;32,8;32,8;32,6;32,2;32,8;32,8;32,2;32,2;32,5;32,2;32,4;32,5;32,4;32,4;32,2;32,2;32,5;32,4;32,4;32,1;32,4;32,5;32;32;32;32,4;32,1;31,7;32;31,8;31,7;31,5;31,7;32,4;31,7;31,7;31,6;31,7;31,7;32;31,8;31,8;32,7;32,5;32,7;32,4;32,4;32,7;32,7;32,8;33,4;33,2;33,2;33,1;33,4;33,5;34,2;33,6;34,2;34,9;35,4;35,4;36;36,5;37,1;38;38,3;37,5;34;28,7;25,1;24,7;25,2;27,7;32,4;37,6;40;39,6;39;38,2;37,6;36,5;35,7;35,1;34,9;34,3;33,5;33,1;32,4;32,1;31,6;31,3;30,2;26,8;23,5;21,9;20,8;20,5;20,7;20,9;20,6;21,6;21,1;21,1;20,6;20,7;20,9;20,8;20,6;20,5;20,9;20,9;20,5;20,9;20,7;20,7;20,8;20,9;21,1;20,6;20,6;20,7;20,6;20,9;20,8;20,9;20,9;21,2;21,6;24,7;28,9;30,7;31,4;32;32,8;33;33,5;34,3;35;35,3;36,1;37,1;38;39;40,3;41,3;43,2;43,9;42,5;40,5;38,6;36,5;34,7;33,4;31,3;28,5;27,7;26,3;26,1;27,1;32,5;36,4;38,9;39,9;40,2;40,1;40;40,4;40,7;41,2;41,5;42,7;43,7;43;41,2;39,8;37,8;35,7;34,6;34,4;35,8;39,2;43,2;45;45,3;45,2;45,4;44,9;45;45;44,2;44,1;44;43,7;43,9;44,2;44,1;43,3;42,4;40,7;37,2;35;34;34;34,2;35;35,2;35,3;35;34,5;34,6;34,4;34,2;33,9;33,5;33,9;33,5;33,3;33;33,2;33,3;33,5;33,6;33,7;33,5;33,1;32,5;32,5;31,8;31,8;31,8;31,4;31,4;31,1;31,2;31,5;31,2;31,4;31,3;30,9;30,1;28,7;27,7;26,7;26,1;25,8;25,6;24,3;22,8;22,6;21,2;20,6;21,2;20,5;20,1;20,4;20,5;20,5;20,5;20,6;20,6;20,7;20,1;20,6;20,4;20,4;20,2;20,1;20,6;20,2;20,1;20,1;20,1;20,5;19,9;20,7;20,5;20,7;20,5;20,2;20,1;20,6;20;20,5;20;20,7;20,2;20,5;20,7;20,1;20,2;20,6;20,1;20;20,1;20,6;20,4;20,5;20,2;20,4;20;20,1;20,2;20,6;20,1;19,8;20,5;20,4;20,5;19,6;20,1;20,6;20,8;20,6;20,1;19,3;20;20,7;20,2;20,2;20,9;20,2;19,6;20,1;20,5;19,8;20,1;20,1;19,8;19,8;19,9;20,5;20,1;20,2;20,4;20;20;20,1;20,1;19,8;20,1;20,4;19,6;20,1;20,2;20;20,1;20,2;20;20,1;20,4;20,4;20,6;20,2;20,1;20,4;20;20,1;20,4;19,9;19,9;20,6;20,2;19,8;20,5;20,4;20,4;19,5;19,9;19,9;20,4;20,1;20;20,1;20,1;20,1;20,5;20,4;20,8;19,8;19,6;20,6;20,6;19,6;19,9;20,1;20,6;20,2;20,1;20;20;20,4;20,1;20,1;20,6;20,7;20,5;20;20,1;20,1;20;20;19,5;20,8;20,1;20;19,8;19,9;19,6;19,8;20;20,4;20,1;20,1;20,1;19,8;19,5;19,4;19,8;20,4;20,4;20;19,9;20;19,9;2022,1;22;22;21,9;21,8;21,5;21,5;21,6;21,6;21,6;21,6;21,6;21,2;21,2;21,6;21,2;20,6;21,4;21,6;21,5;21,5;21,4;20,9;20,8;20,9;21,4;21,5;21,4;21,5;20,9;21,1;21,2;21,2;21,1;21,4;21,5;21,4;21,4;20,9;21,2;21,2;20,9;21,5;21,1;20,8;20,8;21,1;20,9;20,8;20,6;20,8;20,9;20,9;20,5;21,1;20,7;20,6;20,6;20,7;20,8;20,9;20,8;20,7;20,8;20,9;20,6;20,7;20,8;20,6;21,1;21,4;20,7;20,6;20,9;20,9;20,8;20,8;20,8;20,8;20,7;20,6;20,2;20;20,5;20,9;20,5;20,8;20,5;20,8;20,9;20,5;20,5;20,7;21,4;20,5;20,5;20,1;20,2;20,7;20,4;20,8;20,5;21,1;20,5;20,1;20,5;20,2;20,5;20,5;20,4;20,2;20,1;20,2;20,4;20,4;20,6;20,7;20,2;20,8;20;20,4;20,2;19,9;20,5;20,5;20,7;20,6;20,5;20,2;20,8;20,7;20,6;20,8;20,1;20,4;20,2;20,6;20,5;20,5;20,9;20,5;20,2;20;20,5;20,5;20,1;20,1;20,6;20;20,5;20,4;20,4;20,4;20,6;20,4;20,2;20,4;20,5;20,7;20,4;20,6;20,4;20,6;20,6;20,5;20,4;20,4;20,5;20,5;20,5;20,2;20,5;20,4;20,5;20,2;20,6;20,9;20,8;20,2;20,7;20,5;20,5;20,6;20,6;20,9;20,7;20,7;20,4;20,9;20,5;20,8;20,8;20,9;20,8;22,6;25,1;25,5;25,7;25,6;26,2;26,5;27,1;29,2;30;30,3;30,5;30,4;30,9;31,1;31,3;31,5;31,6;32;32,8;32,9;32,5;32,7;32,7;32,6;32,7;32,6;32,4;32,5;32,6;32,4;32,6;32,2;32,1;32,2;32,5;32,6;32,4;32,4;32,1;32,2;32,2;32,1;31,8;31,7;31,5;31,8;31,8;31,6;31,7;31,7;31,7;32,1;31,8;32,1;31,7;31,5;31,7;31,7;32,4;31,8;31,7;32,5;32,6;32;32,1;32,6;33;32,9;33,4;33,1;33,3;33;33,5;33,6;33,8;34,1;34,2;34,3;34,6;34,6;35,8;36,3;36,5;37,4;37,8;38,2;37,8;34,2;29;25,7;24,5;25,2;27,9;32,8;37,7;40;39,6;38,9;38,1;37,5;36,6;35,5;35;34,2;34,2;33,8;33,3;32,5;32,1;32,1;31,6;30,6;27,4;23,5;21,1;21,1;20,9;21,1;20,7;20,7;20,7;20,9;20,4;20,2;20,2;20,4;20,7;21,2;20,7;20,8;21,1;20,4;20,9;21,4;20,4;21,2;21,1;20,5;20,4;20,5;20,9;21,4;21,4;20,8;20,7;20,7;21,1;21,9;25,1;29;31,1;32,1;32,1;32,6;32,9;33,9;34,4;34,5;35,4;36,3;37,2;38;39,2;40,5;41,9;43,4;43,8;42,2;40,3;38,7;36,9;35,2;33,9;31,2;28,8;26,8;25,7;26;27,3;32,1;36,3;38,8;40,2;40;39,6;40,1;40,4;40,6;41,4;41,7;43,1;43,7;42,7;42,2;40,7;38,6;36,7;35,2;34,4;35,1;37,5;41,1;43,9;45;45,1;45,3;45;44,7;44,6;44,2;43,9;43,8;43,1;43,5;44,1;44;43,5;41,9;38,9;35,8;34;33,8;34;34,5;35,2;35,3;35,2;35,2;34,9;34,6;34,2;34,2;34,1;33,9;33,8;33,7;33,4;32,9;33,2;33,4;33,5;33,6;33,1;33,6;33,1;32,8;32,6;31,7;32,1;31,7;31,4;31,5;31,1;31;31,2;31,2;31,2;31,3;31,2;30,5;29,2;27,6;26,5;26,2;25,6;25,4;23,8;22,6;22,3;21,4;20,5;20,7;20,5;20,2;20,4;20,6;20,5;20,6;20,4;20,2;20,2;20,1;20,5;20,4;20,4;20,1;20;20,6;20;20,1;20,5;20,6;20,8;20,1;20,1;20,4;20,8;20,5;20,2;20,5;20,5;20,2;20,2;20,1;20,9;20;20,2;20,5;20,2;20,2;20,4;20,7;20,6;20,1;20,5;20,2;20,1;19,8;20,1;20;19,9;20,2;19,9;19,9;20,1;19,6;20,5;20,2;20,1;20;19,9;20,4;19,6;20,4;19,5;20;20,2;20,9;20,1;20,6;19,5;20,2;20;20,7;20,2;20,1;19,9;20,1;20,2;19,9;20,6;20,7;19,8;20,4;20,1;20;20,6;20,7;20,4;20;19,8;20;20,5;20,1;19,6;20,1;20,2;20;20,2;19,9;20;20,2;20,2;20,1;20;20;20,2;20;19,9;20,1;20,6;20,2;19,9;20,2;20,1;20,1;19,8;19,9;20;20;19,9;19,6;20;19,9;19,8;20,2;20,2;20,4;20,1;19,9;20,1;20,2;20,1;20,2;19,9;19,8;19,8;19,8;19,9;19,6;19,4;19,8;19,9;20;20;19,8;19,9;19,9;19,6;20;19,8;19,8;18,9;20,1;19,8;19,5;19,8;20,1;20,1;19,8;20,8;19,9;19,6;19,5;20,2;20,1;19,9;19,6;19,6;19,6;19,3;19,6;20;19,9;19,521,6;21,5;21,4;21,6;21,6;21,8;22;22;21,9;21,9;21,5;21,2;21,5;21,2;20,8;22;21,9;22;22;21,8;21,4;21,5;21,5;21,6;21,4;21,4;21,8;21,6;21,4;21,1;20,9;21,1;21,5;21,4;20,8;21,1;21,6;21,5;20,9;21,1;21,1;20,7;21,1;21,5;20,9;20,7;20,7;20,6;20,9;20,6;20,9;20,7;20,7;20,5;20,9;20,7;20,6;20,5;20,8;20,6;20,6;20,6;20,4;20,5;20,6;20,6;20,7;20,7;20,7;20,6;20,8;20,6;20,2;20,4;20,6;20,9;20,7;20,2;20,1;20,5;20,6;20,5;20,2;20,4;20,5;20,4;20,2;20,4;20,6;20,6;20,6;20,6;20,4;20,5;19,9;20,1;19,9;20;20,4;20;20,2;20,6;20;19,6;19,9;20,7;20,4;20,4;20,5;19,8;20,1;20,5;20,1;20;19,5;20,4;20,4;19,6;20;20,5;20,1;20,1;20,1;20,1;20,1;20;20;20,4;20,1;20,5;20,4;20,1;19,8;20,4;20,2;20,5;20,4;20,5;20,1;20,1;20;20;20;20,1;20;19,9;19,8;20,6;19,9;20,2;20,1;20,5;20,4;20;20,2;20,7;20,4;20,4;20;20,2;20,5;20,4;20,4;20,4;20,4;20,2;20,4;20,6;20,5;20,5;20,4;20,8;20,2;20;20,4;20,7;20,5;20,8;19,9;20,6;20,4;20,2;20;20,8;20,5;20,5;20,1;20,4;20,5;20,6;20,4;20,4;20,4;20,6;22,7;25,2;25,5;26;26,2;26;26,2;27,1;29;29,9;30,2;30,4;30,5;30,6;31;31,4;31,1;31,7;32,5;32,9;32,6;32,5;32,8;32,8;32,5;32,4;32,8;32,7;32,7;32,7;32,6;32,2;32,6;32,7;32,5;32,4;32,5;32,5;32,2;32,1;32,6;32,4;32,2;32,2;32,1;31,7;32;31,7;31,5;31,7;31,7;31,8;31,6;31,8;31,8;31,7;31,7;31,7;31,5;31,4;32,1;32;32,5;32,2;31,8;32,6;33,1;33;33,1;33,3;33,3;33,7;33,7;33,3;33,6;33,7;34,1;34;34,9;34,7;35;35,6;36;36,7;37,2;37,8;38,5;38,1;34,6;29,3;25,8;24,5;25;27,8;32,8;37,8;40,3;40,1;39,1;38,3;37,7;36,9;36,2;35,5;34,6;33,9;33,6;32,9;32,7;32,6;32;32,1;30,5;26,6;22,8;21,4;21,2;20,8;21,1;20,8;20,9;20,7;20,4;21,5;20,8;20,7;20,9;21,1;20,6;21,1;21,4;20,7;20,7;20,7;21,1;20,4;20,7;20,6;20,9;21,2;21,1;21,5;20,9;20,7;20,8;21,4;21,4;21,4;22;25,4;29,4;30,7;31,6;32,5;33;33,4;33,7;34,2;34,9;35,2;36,2;37,4;38,5;39,2;40,2;41,3;43,1;44,2;42,9;40;38,5;36,7;34,3;33,8;31,3;28,5;27,2;25,4;26,5;27,3;31,4;36,4;39;39,9;40,8;39,6;40,2;40,5;41,1;40,9;41,4;43;44;43,7;42;41,2;39,2;37,4;35,8;34,6;35,3;36,2;38,9;42,4;44,5;44,9;45;45,1;45;44,8;44,5;44,1;43,9;43,9;43,8;43,9;44;43;40,8;37,1;34,9;34,3;34,1;34,3;34,9;35,4;35,4;35,2;34,9;34,6;34,3;34,4;34;34,1;34;33,7;33,7;33,6;33,7;33,1;33,3;33,1;33,5;33,4;33,1;33,2;32,9;32,4;31,8;32,4;31,4;31,3;31,2;31;30,9;31,3;31,1;30,9;30,9;31,2;30,4;29,1;27,6;26,3;26,3;25,6;25,4;24;22,8;21,9;21,4;20,7;20,2;20,5;20,7;20,5;20,4;20,6;20,1;20,1;20,2;20,4;20,1;20,1;20,4;20,2;19,8;19,9;20,2;20,1;20,4;20,8;20,1;20,4;19,6;20,1;20,4;20,8;20,5;20,2;20,4;19,8;20,1;19,9;20,1;20,9;20;20;20,2;20,2;20;20,2;20,6;19,9;19,5;20,4;20,2;19,6;19,9;20;19,8;20;20;19,9;19,8;19,8;20,5;19,6;20,4;19,5;19,8;19,6;20,6;19,2;20;19,4;19,5;20,2;20;19,8;20,6;19,2;19,6;20;19,8;20;19,8;19,3;19,4;19;20,1;19,8;20,2;19,6;19,9;19,9;19,9;19,9;19,9;19,9;19,9;20,2;19,8;20;20,2;19,8;20,1;20,5;20;20,2;20,6;20,2;20,1;19,9;20,1;20,2;19,8;19,4;19,8;20;19,8;19,8;20;20;20,1;19,8;20,5;19,8;20,2;19,9;19,9;20;19,8;19,6;20;20;20,2;19,9;19,8;20,2;20,2;20,1;19,6;20,4;20,5;20,5;19,9;20,1;20,2;20,1;19,9;20;20;19,8;20;20,5;20,2;20,2;20,5;20,7;19,9;19,8;19,5;19,9;20;20,4;19,3;20,6;20,5;20,5;20,2;19,9;19,5;20;20;20,1;19,8;19,8;19,9;20,4;20,1;19,9;20;19,8;19,8;19,921,9;21,6;21,5;21,2;21,4;21,5;21,5;21,9;22,1;22;21,6;21,2;21,6;21,2;21,9;21,2;21,8;21,5;21,5;20,6;21,2;21,5;21,8;21,9;21,5;21,2;21,1;20,8;20,7;21,4;21,1;21,1;21,5;21,5;20,9;20,7;21,1;21,1;20,8;21,1;20,8;20,9;20,9;21,2;20,9;20,7;20,9;20,5;20,8;20,8;20,9;20,8;20,8;20,8;21,6;21,1;20,6;20,6;20,9;20,5;20,4;20,6;20,6;20,5;20,6;20,6;20,8;20,7;20,6;20,8;21,1;20,9;20,7;20,5;20,8;20,8;20,7;20,8;20,8;20,8;20,7;20,2;20,4;20,5;20,6;20,6;20,4;20,4;20,6;20,5;20,5;20,4;20,2;20,9;20,6;20,7;20,6;20,4;20;20,5;20,2;20,4;20,4;20,4;20,8;20,5;21,1;20,2;20,5;20,9;19,9;20,5;20,2;19,6;19,9;20;20,7;20;20,9;19,8;20,4;20,4;20,2;20;19,9;20,5;20;20,7;20,2;20,8;20,5;20,4;20,1;20;20,6;20,1;20,2;20,2;20,1;20,4;20,2;20,1;20,2;20,4;20,4;20;20,2;20,5;20;20,4;20,1;20,7;20,7;19,6;20,1;20,7;20,2;20,4;20;20,4;20,1;20,4;20,1;20,4;20,1;20,2;20,5;20,5;20,5;20,5;20,5;20,8;20,2;20,4;20;20,6;20,1;20,5;19,9;20,6;20,5;20,4;19,8;20,6;20,1;20,4;20;20,7;20,5;20,7;20,2;20,4;20,2;20,6;22,7;25,1;25,6;26;26,1;26;26,3;27,2;29,2;29,5;29,9;30;30,6;30,5;31;31,2;30,8;31,5;32,5;32,6;32,2;32;32,4;32,5;32,4;32,1;32,1;31,7;32;32,1;32,2;32,6;32,5;32,6;32,5;32,4;32,1;32,1;32,1;32;32;32;32,2;32,1;31,7;31,7;32;31,7;31,7;31,5;31,5;31,7;31,8;31,8;31,5;31,3;31,7;32;32;31,6;31,8;31,5;32,4;32,4;32,6;32,9;32,6;32,8;32,7;32,5;32,9;33,5;33;33,2;33,4;33,4;33,6;33,5;34,4;34,5;35,4;35;35,8;36,7;37,1;37,9;38,7;38,1;34,3;29,3;25,3;23,8;24,8;27,7;32,7;37,6;40;39,8;39,2;38,4;37,4;36,7;35,9;35,1;34,5;34,3;33,8;33,1;32,9;32,4;32;31,4;30,6;27,3;23;21,2;21,2;20,8;20,6;20,1;20;20,6;20,1;21,4;20;20,5;20,6;20,6;20,1;20,6;20,7;21,2;20,6;20,2;20;20,2;20,5;20,5;20,4;20,7;20,5;20,5;20,5;20,7;20,6;21,1;21,1;20,7;21,6;25,3;29,2;30,8;31,6;32,4;32,9;33,2;33,4;33,7;34,3;35,3;36,2;36,9;38;39,2;40,3;41,4;43,1;44,2;42;39,9;38,4;36,4;34,4;33,5;31,3;28,9;26,8;25,7;25,4;26,5;31,8;36,3;38,8;40,2;40,5;40,4;40,1;40,3;40,6;41;41,6;42,7;43,8;43,6;42,4;41,1;39,9;37,9;36,3;35;34,6;34,7;36,4;39,3;42,6;44,1;44,8;44,7;44,5;44;43,8;43,7;43,5;43,6;43,7;43,6;43,1;41,3;37,9;35,1;34,1;33,8;33,8;34,4;35,2;35,3;35,4;35,1;34,9;34,6;34,4;34;33,9;33,5;33,4;33,9;34;33,5;33,6;32,8;33,4;33,6;33,8;33,1;33,3;33,2;32,6;32;31,8;31,7;31,5;31,4;31;31,2;30,8;31;31,2;31;30,9;31,1;30,2;28,8;27,4;26,2;26;25,5;25,5;24,4;22,9;21,5;21,4;20,8;20,5;20,4;20,5;20,2;20,2;20,2;20;20,6;20,2;20,4;20,6;20,1;20,5;19,9;19,9;20,2;20,2;20,5;20,4;20,5;20,2;20,4;20,1;20,4;20;20,7;20,2;20,5;19,8;20,4;20;20;20,6;20,7;20,4;20;20;20,1;20,2;20,5;20,7;20;19,6;19,9;20,4;20,1;20,4;20,8;20,5;20,5;20;20,6;20,1;20,8;20,2;20,4;20,4;19,9;20,6;20,2;19,8;20,4;20,4;19,6;20,2;20,6;20,2;20,5;20,8;19,4;19,4;20;20,6;19,5;20,2;20;20;19,3;19,8;20,1;20,1;19,9;19,9;19,9;20,4;20,4;19,9;20,7;20,2;19,9;19,9;20;20,4;20,7;20,1;20,4;20,6;20,2;20;20;20,4;20,6;20,5;20,4;20,1;20,2;20,1;20;19,8;19,9;20;19,8;19,9;19,9;20,6;19,8;20,5;19,8;19,8;20,5;20;19,8;19,9;20;20,1;19,8;20;20,2;20,7;19,8;20;20,1;19,9;20,2;20;20,1;20,1;19,9;19,9;19,9;19,9;20;19,6;19,9;20,1;19,8;19,6;19,8;20;19,9;19,9;19,9;20,1;18,6;20;20,5;19,5;19,5;19,6;19,3;19,8;19,6;20,1;20,2;20;19,6;19,8;20,2;20;19,8;19,9;20;19,8;19,322,1;21,6;21,9;21,5;21,4;21,2;21,4;22;22,2;22,2;21,8;21,5;21,5;21,9;21,9;20,6;20,8;21,2;20,9;20,7;21,9;21,1;21,4;21,4;21,2;21,4;21,5;21,5;21,2;21,2;20,9;20,9;21,4;21,6;21,5;21,1;21,1;21,4;20,9;21,2;21,2;20,9;21,2;21,1;20,8;20,7;21,1;20,4;20,7;20,8;20,6;20,8;21,2;21,2;21,4;21,1;20,5;20,1;20,7;20,6;20,6;20,6;20,9;20,4;20,2;20;20,6;20,7;20,5;20,6;20,9;21,1;20,9;20,7;20,5;20,5;20,7;20,7;20,6;20,5;20,7;20,2;20,1;20,6;20,6;20,4;20,5;20,8;20,2;20,5;20,1;20,7;20,8;20,5;20,4;20,2;20,5;20,6;20,7;20;20,6;21,4;20;20,5;20;19,9;20;20,2;19,6;19,9;20,4;19,9;19,9;19,5;19,9;20,4;19,8;20;20,5;20,1;20;20,2;20,6;20,7;20,1;20,2;19,3;20,2;20,4;20,7;20,4;20,1;20,4;20,2;20,1;20,4;19,9;19,9;20,2;20,2;20,2;19,9;20,4;20,2;20,2;20;20,1;20,1;20,1;20,1;20,1;20,5;20,5;19,9;20;20,2;20,2;20,2;20,4;20,2;20,1;20,4;20,2;20,4;20,2;20;20,4;20,2;20,4;20,6;20,5;20,4;20,5;20,5;20;20,5;20,4;20,4;20,1;20,7;20,5;20,2;19,9;20,5;20,5;20,6;20,1;20,9;20,6;20,4;20,1;20,7;20,5;20,5;22,7;24,8;25,8;25,7;26;26;26,1;27,3;29,1;29,7;30,1;30,2;30,6;30,6;30,4;31,4;30,8;31,6;32,1;32,7;32,6;32,9;32,9;32,8;33;32,8;32,5;32,4;32,1;32,6;32,7;32,8;32,8;32,6;32,5;32,4;32,6;32,7;32,7;32,4;32,4;32,5;32,2;32,2;32,2;32,1;32;31,7;31,7;31,8;31,7;31,7;32,1;31,8;31,8;32;31,6;32,1;32,2;32;31,8;32,4;32;32,8;32,2;32,4;32,6;32,6;32,6;33,2;33,1;33,4;33,5;33,4;33,7;33,9;33,8;33,6;34,6;34,4;35,4;35,7;36,3;36,9;37,5;37,9;38,3;37,9;34,9;29,2;25,4;24,4;24,8;27,7;32,7;37,7;40,3;40,3;39,4;38,4;37,6;36,8;36,1;35,5;34,9;34,4;33,8;33,3;33,1;32,4;32,1;31,7;31,1;27,1;23,3;21,6;21,2;20,9;20,8;20,5;21,1;20,8;20,2;20,8;20,1;20,5;20,9;21,4;20,7;20,2;20,6;20,8;20,6;20,2;20,5;20,4;20,7;20,6;20;20,5;20,6;20,7;20,5;20,6;20,7;20,9;20,9;20,9;21,8;25,1;29,1;30,8;31,6;32;32,5;33,3;33,6;34,4;35;35,8;36,6;37,1;37,9;39;40,6;41,7;43,7;44,6;42,7;40,4;38,5;36,9;35,4;34,2;31,8;28,7;27,2;26,2;25,6;27,7;31,6;36,7;39;39,6;40,6;40;39,9;40,4;41,3;41;41,7;42,2;43,7;43,6;42,5;41,8;40,2;39;37,7;35,6;34,6;35,1;35,8;36,7;39,3;41,8;43,5;43,9;43,9;43,9;43,9;43,9;43,6;43,1;43,3;42,9;41,2;38,1;35,5;34,4;34;33,8;34,4;35,5;35,7;35,5;35,3;35,4;34,9;34,3;34,4;34,2;34,1;33,7;33,3;33,8;34;33,6;33,6;33,3;33,6;33,9;33,4;33,4;33,9;33;32,6;32;32,1;31,5;31,6;31,4;31,1;31,3;30,8;31,3;31,3;31,4;31,1;31;30,5;29,1;27,5;26,4;26,1;25,7;25,4;24,4;22,8;21,6;21,2;20,8;20,5;20,5;20,5;19,9;20,4;20,2;20,4;20,7;20,2;20,2;20,8;20;20,8;20,2;20,2;20,1;20,5;20,5;20,2;20,1;20,4;20,7;20,4;20,1;20,1;20,8;20,4;20,7;19,6;20,1;20,2;20,4;20,4;20,9;20,2;20,1;19,6;20,4;20,1;20;20,5;19,5;20;19,8;20,2;20,4;20,4;20,4;20,4;20,2;19,5;20,9;20,7;20,1;20,1;19,9;20,2;20,1;19,9;19,9;20,2;20,6;19,5;19,9;20,2;19,6;20,5;20,4;20,7;19;19,8;20;20,5;19,5;20,1;19,9;20;20,1;20,4;19,8;20,4;20,1;19,6;20;20;19,9;20,1;20,2;19,9;20;19,6;19,9;20,1;20,2;19,9;20,2;20,2;20,2;20,2;20,1;20,4;20,1;20;20,1;20,4;20,2;19,8;19,5;19,6;19,8;19,8;19,9;20,2;20,1;20;19,6;19,9;20;20,1;20,4;20;19,9;20;19,6;19,9;20,1;20;20;20,5;19,9;20,1;20,1;20,1;19,8;20;20;19,8;19,8;20,4;20,2;20,1;20;20;20;19,8;19,8;19,9;20,2;19,9;19,6;19,8;20,1;19,5;19,9;19,8;19,8;20,1;19,2;20,1;20;19,3;20,4;19,9;19,4;19,8;20;19,9;19,6;19,6;19,8;19,6;19,4;19,4;19,521,5;21,2;21,5;21,5;21,5;21,5;21,5;21,4;21,2;21,2;21,9;21,8;21,2;21,5;21,8;20,7;20,9;21,2;20,9;21,5;21,5;20,7;21,2;20,8;21,1;20,9;21,2;21,2;21,1;20,9;20,8;20,9;21,2;21,4;21,6;21,4;20,9;21,1;20,8;20,8;21,2;20,7;21,6;20,9;20,7;20,6;20,9;20,2;20,8;20,7;20,7;20,7;20,9;20,8;20,9;20,9;20,5;20,5;20,6;20,6;20,8;20,6;20,6;20,4;20,2;20,2;20,6;20,6;20,6;20,5;20,7;20,8;20,7;20,7;20,7;20,9;20,7;20,5;20,5;20,6;20,6;20,6;20,7;20,5;20,7;20,5;20;20,5;20,2;20,6;20,6;20,4;20,8;20,7;20;20,2;19,8;20,4;20,9;20,2;20,4;20,2;20,4;20,6;20,8;20,2;20,8;20,1;20,5;20,2;20;20,2;20;20;20,2;20,2;20,5;20,4;20;20,2;20;20,2;20,5;20,5;20;20,1;19,9;20,7;20,5;20,5;20,2;20,4;20,7;20,1;20,2;20,7;20,2;20,1;20,2;20,1;20,2;20;20,4;20,2;20,4;20,4;19,9;20,2;20,2;20,1;20,4;20,4;20,4;20,1;20;20,1;20,5;20,1;20;20,4;20,4;20,4;20,2;20,5;20,6;20,1;20,1;20,2;20,1;20,5;20,4;20,1;20,5;20,1;20,1;20,6;20,5;20,5;19,8;20,5;20,4;20,1;20;20,4;20,6;20,2;20,1;20,2;19,9;20,2;19,6;20,6;20,8;20,7;22,8;25,1;25,6;26;25,5;25,8;26,1;27,1;29,1;30;30,2;30,4;30,6;30,8;30,6;31,3;30,8;31,6;31,7;32,5;32,4;32,7;32,7;32,7;32,4;32;32,6;32,4;32,4;32,5;32,6;32,5;32,2;32,4;32,2;32,4;32,7;32,5;32,5;32;32;32,4;32,2;31,7;31,6;31,7;32,1;31,8;31,7;31,7;31,8;31,6;32,1;31,7;31,2;31,4;31,5;32;31;31,8;32,1;31,6;32,6;32,2;32,2;32;32,6;32,4;33,2;32,6;33,2;32,8;33,2;33,1;33,3;33,7;33,8;33,6;34,4;34,1;35,1;35,5;36,5;36,8;37,6;37,8;38,9;37,9;34,3;28,7;25,1;24,5;25,1;27,7;33,1;38;40,3;40,2;39,4;38,7;38;37,2;36,2;35,4;34,9;33,9;33,4;33,5;32,8;32,4;32;31,5;30,8;27,1;23;21,1;20,4;20,7;20,6;20,5;20,8;20,4;20,2;20,8;20,2;20,4;20,8;20,9;20,2;20,6;20,6;20,9;20,4;21,4;20,4;20,9;19,9;20,5;20,8;20,8;20,6;20,8;20,6;20,7;20,1;20,4;20,9;21,2;22,1;25,2;29,1;31;31,5;32,1;33;33,4;33,7;34;34,4;35,2;36,1;37;38,4;39,2;40,3;42;43,7;44,5;42,4;40,1;38;36,6;35,4;33,8;31,8;28,7;27,3;26,1;25,5;27,2;31,8;36,4;39;40,1;40,4;39,9;40,3;40,6;40,4;40,9;41,2;42,6;43,4;43,6;43,5;42,6;40,9;39,6;38,6;36,3;35,2;34,5;34,6;34,7;35,9;38;40,2;41,6;42,6;42,7;42,9;42,8;42,4;41,9;41,2;39,5;37,2;35,4;34,2;33,9;34;34,1;35,1;35,8;35,3;35,2;35,1;35;34,7;34,2;34,2;34;33,8;33,8;33,5;34;33,5;33,3;33,3;33;33,5;33,8;33,3;33,1;33,5;32,9;32,4;32,2;32,4;31,4;31,4;31,2;30,9;31;30,9;31,3;31;31,4;31,3;31;30,7;28,9;27,5;26,3;26,4;25,7;25,5;24,3;23;22;20,9;20,8;20,1;20,2;20,7;19,6;20,1;20,5;20,6;20,6;20,4;20,2;20,6;20,4;20,5;20,2;20,2;19,8;20,7;20,6;20,5;20,4;20;20,5;19,8;20,1;19,9;21,1;20,2;20,4;20;19,9;20,1;20,1;19,9;20,7;19,8;20,5;20;19,8;20,1;19,5;20,4;19,9;20,4;20,4;20,1;19,8;19,8;20,1;20,5;21,1;20,1;19,9;20,5;20,2;20,1;20,6;20,1;20,2;19,8;20,5;19,8;19,9;20,1;19,4;20,1;20,5;20,1;19,6;20,4;19,3;20,1;19,8;19,8;19,9;20,4;20,1;20,1;20,1;20,1;20,2;19,6;20,5;19,5;19,6;20,1;20,2;20,1;20,4;20;19,5;19,4;20,4;20,2;20,2;20,1;20,4;20,1;20,4;20,2;19,8;20;20,2;20,4;20,1;20,1;20,4;19,8;19,6;20,1;20;19,9;20,1;19,9;20;19,8;19,9;19,9;20,1;20,1;20;20,2;20;20;19,4;20,1;19,9;20,1;19,8;20,1;20;19,9;19,8;20;19,9;19,9;20;19,6;20,1;20;19,8;19,9;20,1;19,9;19,5;19,6;19,6;19,8;19,8;19,8;19,9;19,8;19,5;19,5;19,9;19,6;20,5;19,9;19,5;20,2;20,4;20;20;20,2;20,2;20;19,9;19,8;20;20,1;19,9;20;19,8;19,4;2021,9;21,6;21,8;21,9;22,2;22;21,4;21,5;21,9;22,1;21,5;20,9;21,1;21,5;21,6;21,6;21,5;21,8;21,5;20,7;21,1;21,6;22;21,6;21,5;21,6;21,4;20,9;21,1;21,5;21,4;20,9;20,8;21,1;21,2;21,1;20,7;20,9;21,2;21,4;20,9;20,7;21,4;20,8;20,7;20,6;21,1;20,6;20,7;20,6;20,5;20,6;21,2;20,6;20,9;20,9;20,5;20,8;20,6;20,6;20,6;20,4;20,4;20,6;20,7;20,9;21,1;20,4;20,5;20,6;20,4;20,4;20,5;20,6;20,8;20,7;20,4;20,2;19,8;20,2;20,5;20,7;20,8;20,7;20,4;20,6;20,4;20,7;20,7;20,7;20;20,5;20,2;20,4;19,8;20,8;20,1;20,5;20,1;19,8;20,2;20,4;20,2;20;20,4;20,2;20,1;19,8;20,4;19,4;19,9;20,1;20;19,9;20;20,2;20,1;19,8;20,4;19,6;20,4;20,7;19,9;20,4;20,5;20,1;20,2;20,8;20,1;20,5;20,4;20,2;20,4;20,2;20,1;20,6;20,4;20,2;20,5;20,1;20;20;20;20,4;20,4;20,5;20,2;20;20,4;20,1;20,5;20,2;20;20,1;20;20;20,4;20,2;19,9;20,2;20,4;20,2;20,2;20,4;20,9;20,2;20,4;20,1;20;20,2;20,4;20,1;20,4;20,2;19,9;20,6;20,5;20,8;19,9;20,4;20,5;20,5;20,4;20,4;20,4;20,2;20;20;19,9;20,5;19,8;20,1;20,7;20,9;22,9;25,1;25,8;25,8;25,7;26;26,4;27,3;29;30,2;30,4;30,6;30,4;30,6;30,9;31,2;31,4;31,6;32,4;32,4;32,5;32,8;32,5;32,2;32,5;32,6;32,8;32,7;32,8;32,8;32,2;32,2;32,5;32,7;32,8;32,6;32,6;32,4;32,1;32,5;32,4;32,8;32,9;32,1;31,8;31,8;32,1;32;31,6;31,7;31,5;31,6;31,7;31,7;31,7;31,7;31,3;31,8;31,7;32,2;32,4;31,4;32;32,2;32,8;32,7;32,2;32,5;32,6;32,7;33,3;33,3;33,7;33,3;33,8;34,1;34,3;34,6;34,6;35,3;35,4;35,8;36;36,7;37,8;38,5;39;38,1;34,1;28,8;25,5;24;24,8;27,6;32,7;37,9;40,6;40,3;39;38,4;37,9;37;36,3;35,7;34,9;34,3;33,6;33,6;33,3;32,8;32,2;31,8;31,2;27,3;22,8;21,5;21,1;20,6;21,1;20,7;20,6;20,8;20,8;20,9;20,2;20,6;20,7;21,1;20,7;20,8;21,2;20,7;20,7;20,8;20,5;20,5;20,5;20,8;20,9;20,8;21,1;20,9;20,7;20,7;20,9;20,9;20,7;20,7;21,4;24,7;29,1;31;31,4;31,8;32,9;33,5;34;34,4;34,9;35,6;36,7;37,8;38,7;39,5;40,5;41,5;43,6;44,3;42,7;40,5;38,8;36,3;35,3;33,7;31,7;28,6;27,5;26,2;26,2;27,3;32,2;35,9;38,8;40,2;40,4;40,4;40,3;40,3;39,9;40,6;41,3;41,6;43,2;43,9;43,6;42,7;41,6;40,4;39;37,8;36,5;35,3;34,7;34,2;34,4;35;36;37,7;38,9;39,5;40;40;39,4;38,2;36,6;35,4;34,4;34,1;33,8;34;34,5;35,3;36,3;36,5;35,8;35,4;35,1;35,3;34,5;34,1;34,4;34,5;34,4;34,3;33,7;34,1;33,6;33,6;33,6;33,3;33,4;33,9;33,5;33,4;33,4;33,1;32,5;32,2;32,1;31,6;31,6;31,2;31,2;30,7;30,7;31,4;31,1;31,2;31,1;30,9;30,3;28,8;27,7;26,1;26,5;26;25,3;24,6;23;21,9;21,2;21,1;20,6;20,4;20,6;19,8;20,1;20,4;20,6;20,6;20,4;19,9;20;20,5;20,4;20,2;20,4;20,4;20,4;20,5;20,5;20,5;20,2;20,2;19,6;20,2;19,9;20,5;20,4;20,2;20,4;19,9;20;20,2;20,4;21,1;20,1;19,9;20,2;19,9;20;19,5;20,1;20;20,2;20,1;20;20,1;20;19,5;19,9;20,6;20,2;19,6;20;19,9;20,2;20,5;19,8;20,2;20;20,1;19,5;20,8;20,2;20,1;19,5;19,3;20,1;20,2;19,5;19,6;19,9;19;19,8;19,5;20,4;19,6;19,9;20,9;20,4;20,1;19,5;19,8;19,3;19,8;19,9;20,1;19,8;20,5;20,1;19,9;19,8;20;20,2;19,9;19,9;19,9;19,6;20,4;20;19,6;19,6;19,9;20,2;20,2;20,1;19,9;19,6;20,4;20,2;19,8;19,8;20;19,9;20,2;20;20,1;20,2;20,2;20,1;19,6;20,4;19,9;20,4;19,6;20,4;20;20,2;19,9;20,6;20,1;20,1;19,8;19,4;19,9;19,9;20;19,6;19,9;20;19,9;19,9;19,9;19,6;19,5;20,1;20,5;20,2;20;19,8;19,6;19,6;19,6;20,1;20,7;20,2;20,1;19,5;19,9;20,6;19,8;19,6;19,4;19,8;19,8;19,6;19,5;19,9;20,2;20,2;20,1;20,2;20;19,5;19,622;21,6;21,5;21,9;22,3;22,3;22;21,8;21,4;21,8;21,9;21,5;21,6;21,6;21,5;22,1;21,1;21,5;21,2;21,5;21,6;21,5;21,5;21,2;21,2;21,1;21,4;21,6;21,5;21,5;21,4;21,4;21,5;21,5;21,4;20,9;20,8;20,8;21,2;21,6;21,2;21,2;21,2;21,4;20,7;20,8;21,1;21,1;20,9;20,6;20,6;20,7;21,2;20,6;20,8;21,2;20,9;20,7;20,8;20,5;20,4;20,6;20,5;20,8;20,8;20,6;21,1;20,7;20,5;20,6;20,5;20,4;20,6;20,6;20,6;20,8;20,6;20,1;20,1;20,2;20,5;20,4;20,6;20,8;20,7;20,4;20,5;20,8;20,4;20,6;20,4;20,4;20,6;20,2;20,6;20,4;20,7;20,7;20,1;20,2;20,4;20,6;20,6;20,5;20,4;19,9;20,7;20,4;20,4;20;20,6;20,1;20,7;20,4;19,6;20,4;19,9;19,9;20,6;20,2;20,1;20;19,9;20,1;20,7;20,7;20,2;20,4;20,1;20,6;20,4;20,5;20,2;20,6;20,5;20,5;20,4;20;20,8;20,2;20,5;20,2;20,1;20,4;20,4;20,2;20,2;20,4;20,6;20,1;20,7;20,2;20,4;20,4;20,1;20,1;20,2;20,5;20,2;20,4;20,5;20;20,2;20,5;20,6;20;20,2;20,5;20;20,4;20,1;20,5;20,2;20,2;20,1;20;20,6;20,6;20,2;20,5;20;20,6;20,1;20,4;20,5;20,4;20,2;20,2;20,2;20,5;20,1;20,4;20,5;20,9;23;25,4;25,7;25,6;25,6;26,1;26,6;27,7;29,3;30;30,4;30,4;30,5;30,8;30,9;31,5;31,2;31,4;32,1;32,2;32,5;32,7;32,7;32,7;32,7;32,6;32;32;32,6;32,4;32,2;32,5;32,5;32,4;32,4;32,2;32,1;32,2;32,2;32,2;32,2;32,4;32,4;32,2;32,2;32,2;32,2;32;32,1;31,8;31,6;31,6;31,4;31,6;32;31,7;31,4;31,6;31,6;31,7;32;31,6;32,4;31,2;32,2;32,6;32,4;33,2;32,6;32,4;32,6;33,1;33;33,4;33,8;33,6;34,1;34,1;35;35,1;35,4;35,2;36,2;37,1;37,6;38;38,9;37,9;34;28,6;25,4;24;24,5;27,5;32,8;37,9;40,3;40,2;39,2;38,5;37,9;37;36,2;35,8;35,1;34,4;34;33,6;33,3;32,7;32,1;31,4;30,7;27,2;23;21,1;20,7;20,1;20,5;20;20,4;20,7;20,6;21,1;20,6;20,7;20,2;20,6;20,5;20,7;20,4;20,6;20,7;20,5;19,4;20;20,6;20,1;20,6;20,9;20,8;20,5;20,9;20,9;20,6;20,5;20,6;20,7;21,5;25;29,1;30,9;31,6;32,6;33;33;33,7;34,6;35,3;35,9;36,8;37,6;38,6;39,3;40,4;41,5;43,5;44,6;42,6;39,6;38,7;36,5;34,6;33,8;31,5;28,8;27,4;26,2;26,1;27,1;31,6;36,4;39,2;40,3;40,6;40,2;40;40,1;40,3;41;41,1;41,6;42,3;43,9;43,9;43,6;42,6;41,5;40,4;38,9;37,2;36,1;35,3;34,7;34,6;34,9;34,7;34,4;34,7;34,9;35,4;35,3;34,6;34,6;34,5;34,3;34;34;34;34,2;35,6;36,5;36,4;36,1;35,5;35,2;35,1;35;34,7;34,2;34,1;34,3;34,2;34;33,6;33,7;33,2;33,2;33,6;33,4;33,4;33,4;33,2;33,8;33,1;33;32,7;32,1;31,8;31,7;31,7;31,2;30,8;30,4;30,8;31,2;30,9;30,9;31,1;30,7;29,9;28,8;27,5;26,5;26,2;26;25,4;24,8;22,7;22,2;20,9;20,4;20,4;19,9;20,1;20,1;20,1;20,5;20,4;20,8;20,1;19,8;19,9;20,1;20,5;20,5;20,2;20,4;20,1;20,4;20,5;20,7;20,5;20,5;19,9;20;19,9;20,6;20,7;20,6;19,8;20;20;20,6;20,6;20,5;20,2;19,8;20,2;19,9;20,2;20;20,6;20,1;20,6;20,8;20,5;19,9;20,4;20,5;20,2;20,9;20;20,6;20,4;20;19,6;20,6;20,2;20;20,1;20,5;19,9;19,8;20,4;19,4;20,1;20;20,2;20,7;20,7;20,1;19,3;19,5;20;19,6;19,8;20,6;20;20,1;19,5;19,8;20,1;20,1;20,4;20,5;20,1;19,6;20,1;19,6;20,1;20;19,9;20,1;19,9;19,8;20;20,4;20,1;20,1;20,2;20;19,6;19,8;20;20,4;20,5;20,2;20,4;20,2;19,8;19,9;20;20,6;20,5;20,2;19,9;20,2;20,4;20,1;20,8;19,9;20,2;20;20,7;20,1;20,2;20,2;20,2;20;20,7;20;19,9;20;19,9;20,4;20,1;20,2;20,2;20,1;20,1;20,4;20,4;20,1;20,1;20,2;20,2;20,5;20,4;20;20,2;20,4;20,7;20;20,1;20,2;19,8;20,4;20,1;19,6;20,4;19,9;19,8;20,8;20,2;20;20;19,9;20,1;20,6;20,2;19,9;20,1;20,2;19,9;19,922;21,6;21,4;21,6;21,9;21,6;21,4;21,2;20,9;21,9;21,8;22,1;21,6;20,6;20,9;21,8;21,2;21,2;21,4;20,9;20,6;21,5;21,5;21,6;21,4;21,2;21,5;21,2;20,9;20,9;21,1;21,1;21,2;21,4;21,4;20,9;20,9;20,8;21,1;21,4;21,2;21,4;21,2;21,5;20,8;20,8;21,2;20,9;21,2;20,9;20,7;20,7;20,7;20,5;21,2;21,2;20,8;20,7;20,8;20,6;20,5;20,8;20,9;20,8;20,7;20,2;20,6;20,8;20,9;20,7;20,9;20,9;20,4;20,4;20,7;21,2;21,6;21,1;20,7;20,7;20,6;20,8;21,4;20,7;20,8;20,6;20,5;20,7;20,5;20,2;20,4;20,5;21,2;20,6;20,2;20,1;20,5;20,5;21,2;20,8;20,5;20,9;20,6;20,8;20,6;20,7;20,7;20,8;20,5;19,9;20,1;20,6;20;20,8;21,2;20,5;20,1;20,2;20,6;20,1;20,4;20,2;20,4;20,6;20,5;20,4;20,4;20,6;20,2;20,2;20,5;20,7;20,5;20,4;20,2;20,7;20,8;20,1;21,2;20,1;20,4;20,9;20,4;20,2;20,5;20,2;20,6;20,5;20,5;20,2;20,6;20,4;20,5;20,9;19,8;20,1;20,5;20,7;20,6;20,4;20,5;20,2;20,6;20,6;20,4;20,1;20,5;20,8;20,2;20,8;20,5;20,9;20,5;20;20,4;20,4;20,8;20,7;20,7;20,5;19,9;20,1;19,9;20,5;20,7;20,8;20,2;20;20,4;20,6;20,6;20,6;20,6;20,9;23,4;25,7;26;26;26;26,3;26,4;28;29,3;30;30,3;30,5;30,8;31,1;31;31,1;31,1;31,6;32,6;32,6;32,7;32,9;32,9;32,9;32,5;32,5;32,6;32,8;32,8;32,9;32,5;32,4;32,4;32,8;32,7;32,2;32,7;32,9;32,7;32,6;32,5;32,6;32,5;32,2;32,1;32,1;32,2;32,5;32,2;31,8;31,8;32,1;32,1;32,1;32,2;32,1;31,6;31,7;32,2;31,6;31,8;32;32,5;32,4;32,7;32,4;32,7;33,3;32,6;33,3;33,2;33;33,4;33,7;34;33,8;34,4;34,3;34,4;35,1;35,6;36,1;36,2;37,1;37,8;38,4;38,7;38,1;34,1;28,9;25,5;24,3;25;27,9;33,1;38,1;40,7;40,3;39,3;38,5;37,7;36,9;36,4;36,1;35,2;34,5;34,2;33,4;33;32,9;32,6;32,1;31;27,4;23;21,2;20,5;20,8;20,4;20,8;20,5;20,4;20,7;20,5;20,5;20,6;20,5;21,4;20,5;20,6;20,6;20,2;20,5;20,1;20,5;21,1;20,7;20,7;21,4;21,1;20,8;20,7;20,6;20,7;20,5;20,8;20,9;20,8;22,1;25,2;29,2;31,3;32,2;32,7;32,9;33,5;34,1;34,7;35,9;36;36,8;37,7;38,4;39,5;40,5;41,6;44;44,7;42,9;40,5;38,4;36,2;35,5;33,7;31,7;28,6;27,7;25,8;26,5;27,6;32,4;36,1;38,8;40,2;40,1;40,1;40,2;39,6;40,5;40,4;40,5;41,5;42,2;43;43,8;43,9;43,7;42,6;41,2;39,9;38,8;37,7;36,5;35,7;34,9;34,5;34,4;34;34,3;34,7;34,4;34,2;34,4;34,1;33,7;33,7;33,8;34,1;34,9;36,3;37,1;37,4;36,6;36,1;35,7;35,2;34,7;34,7;34,5;34,4;34,2;34,2;34,1;34;33,6;33,7;33,5;33,8;33,4;33,4;33,5;33,6;33,7;34;33,2;33,2;33,1;32,2;32,5;32,2;31,5;31,2;31;30,7;30,8;31,1;30,9;31;30,9;31;30,4;28,9;27,6;27,1;26,1;26;25,6;24,7;22,8;22,6;21,2;20,4;20,4;19,8;20,1;20,9;19,8;21,1;20,4;20,8;20,1;20,1;20,5;20,1;20,8;20,7;20,1;20,1;20,4;20,5;20,5;20,8;20,7;20,7;20,4;20,4;20,1;21,2;20,4;20,6;19,9;20,6;20,2;20,2;20,1;20,8;20,4;20,2;20,1;20,1;20,6;20,6;20,7;20,2;20,2;20,7;20,7;20;20,2;20,7;20,1;20,8;20,1;20,4;20,1;19,6;19,5;20,6;20,5;20,5;20,2;20,2;20,8;19,9;20,4;19,8;20,5;20;20,2;20;20,1;19,5;20;19,6;20,1;19,8;19,5;20,7;20;20;20,2;20,1;20,1;20,2;19,6;20,1;19,9;19,9;20,1;20,1;20,4;20,5;20,1;20,2;20,6;19,9;20,4;20,4;20,1;20,2;19,9;20;20,1;20,6;20,5;20,1;20;20,1;20,1;19,8;19,6;19,8;20;20,4;20,5;19,9;19,8;19,9;20,5;20,2;20,5;20,4;20,5;20;20,5;20,1;20,2;20,1;20,2;19,8;20,6;19,8;20,2;20,2;20,7;20;20,1;20,1;20;19,9;20,4;20,5;20;20,2;20,5;20;20;20,2;20;19,8;19,9;19,9;19,8;20;19,8;20,2;20,1;20,7;19,6;19,5;19,9;19,9;20;19,5;20;20;19,5;19,5;19,6;20,4;20;19,6;20;20;19,6;19,622;22;21,9;22;22,1;21,8;21,5;21,9;21,9;21,6;22,3;21,9;21,6;21,2;21,6;21,1;21,5;21,9;21,9;21,1;20,8;21,2;21,4;21,4;21,1;21,6;21,9;21,6;21,2;21,1;21,1;21,2;21,5;21,4;21,4;21,4;20,8;20,8;21,2;21,4;20,9;21,4;21,2;20,7;20,6;20,9;21,1;20,6;20,9;21,4;20,9;20,9;20,6;20,4;21,4;20,9;20,6;20,7;20,5;20,5;20,7;20,7;20,7;21,1;20,7;20,4;20,2;20,6;20,9;20,8;20,6;20,7;20,7;20,9;20,9;21,1;20,8;20,4;20,6;20,9;20,8;20,6;20,7;20,6;20,9;20,5;20,5;20,8;20,9;20,2;20,2;20,1;20,9;20,1;20,6;20,8;20,9;20,2;20,4;19,9;20,4;20,2;20,6;20;20,2;20,5;20,2;20,2;20,2;20,2;19,9;20,2;20,7;20,5;20;20,5;20,2;20,2;20,5;19,9;20,4;20,4;20,6;19,9;20,6;20,5;20;20,6;20,5;20,1;20,4;20,4;20,1;20,5;20,1;20,7;20,7;20,1;20,7;20,2;20,1;20,4;20,1;20,6;20,2;20,2;20,4;20,2;19,9;20,4;20,8;20,7;20,2;20,7;19,9;20,5;20,4;20,4;20,4;20,4;20,7;20,4;20,4;20;20,2;20,1;20,5;20,6;20,5;20,6;20,7;20,7;20,5;20,7;20,6;20,6;20,9;20,8;20,4;20,2;20,5;20,5;19,9;20,6;20,6;20,9;20,1;20;20,7;20,7;20,5;20,6;20,5;21,1;23,5;25,4;26;26,2;26,3;26,3;26,6;28,2;29,3;30,1;30,3;30,7;30,6;30,7;30,8;31,3;31,2;32;32,4;32,8;32,9;33,1;32,9;32,8;32,6;32,8;32,5;32,2;32,5;32,7;32,5;32,1;32,4;32,8;32,8;32,6;32,9;32,9;32,6;32,6;32,4;32,6;32,7;32,6;32,4;32,1;32,2;32,2;32,2;32,2;31,8;31,7;32;32,1;32;32,1;32,1;32,2;31,8;32;32,4;32,1;32,7;32,6;32,9;32,4;32,8;32,9;33,2;32,9;33,1;33,4;33,6;33,2;34;33,9;34,3;34,4;34,5;35,1;36;35,9;36,1;36,7;38;38,5;39;38,5;34,7;29,3;25,8;24,6;25;28;33,6;38,9;41,2;40,8;39,8;38,8;38,1;37,6;36,8;36;35,3;34,6;34,2;34,1;33,8;33,3;32,8;32;31,3;27,4;23,5;21,6;21,2;20,8;20,7;21,2;21,5;21,2;21,1;20,4;20,7;20,8;20,5;20,6;20,7;21,1;21,2;20,9;20,8;21,2;20,4;20,7;21,4;20,8;21,2;21,1;20,7;20,8;20,8;21,1;20,9;21,1;21,2;21,4;22,2;25,7;29,9;31,4;32,1;32,9;33,3;33,6;34,3;35;35,4;36;37;38;39,3;40,1;41;42,4;43,7;44,3;42,8;40,6;38,9;36,5;35,9;34,1;31,7;29;27,5;26,2;26,5;27,6;32,4;36,4;39,1;40,1;40,8;40,6;40,7;40,2;40,1;40,3;40,5;41,3;41,9;42,6;43,6;43,9;43,7;43,5;42,2;41,1;40;38,8;37,9;36,8;36,2;35,3;35,1;34,7;34,7;34,3;34,1;34;34;34,2;34,2;34,4;34,9;36,1;37,2;37,9;37,9;37,7;36,8;36,2;35,9;35,4;35,3;34,9;34,4;34,2;34,5;34,4;34;34;33,9;33,8;33,4;34;33,6;33,4;33,6;34;33,8;33,8;33,2;33,3;32,8;32,4;32,5;32,4;31,5;31,4;31;31,3;30,8;30,9;31;30,9;30,9;30,5;30;29;27,6;26,6;26,3;25,8;25,7;24,6;22,9;22,5;21,5;20,6;20,6;20,7;20,7;20,8;20;20,8;20,5;20,4;20,4;20,6;20,5;20,1;20,9;20,8;20,2;20,2;20,7;20,2;20,4;20,7;20,7;20,1;20,5;20,6;20,4;20,9;20,2;20,4;20,4;20,4;20,4;20,2;20,2;20,6;20,1;20;20,6;20,6;20,5;20,7;20,2;20;20,2;20,6;20,7;20,1;20;20,6;20,5;19,8;20,1;19,6;19,9;19,9;20,4;19,6;19,8;20,5;19,3;19,6;20,5;20,5;19,3;19,9;20,2;20,5;19,8;20;20,5;19,6;20,2;20,2;20,1;19,8;19,9;19,8;19,4;20,1;20,2;20,5;19,8;19,2;20,1;20,2;20;19,6;20,1;19,8;20;19,9;19,6;20,6;20,1;19,8;20,4;20,4;20;20,2;20,1;20,1;20,1;20,1;20,5;20,5;20;19,6;19,8;19,8;19,6;19,8;20,2;20,4;20,2;19,9;20;19,9;20,2;20,4;20,4;20,1;20,5;20,4;20,2;20;20,1;19,9;20;19,9;20,6;19,6;20,5;20,2;20,2;19,4;20,6;20,5;19,9;20,1;20,5;20,2;20,2;20,5;20,6;20,4;20,1;20,2;20,1;19,9;20,2;20,5;20,2;20,5;19,9;19,9;19,9;19,6;19,6;19;20,1;20;20,1;20,1;20;20;19,9;19,9;20,5;20,6;20;20,1;20,2;19,6;19,5;19,921,6;21,4;21,1;21,2;21,2;20,8;20,8;21,1;20,8;20,8;21,1;21,6;20,9;20,2;21,1;20,4;21,2;20,7;21,5;21,2;20,8;20,8;20,8;20,6;20,5;20,8;21,2;21,2;20,9;21,1;21,2;20,7;20,6;20,6;20,6;20,7;20,9;21,1;20,9;21,5;20,6;20,7;21,1;20,5;20,5;20,7;20,6;20,4;20,7;20,8;20,8;20,6;20,7;20,4;21,1;20,5;20,7;20,8;20,6;20,6;20,5;20,7;20,8;20,9;20,8;20,8;20,6;20,5;20,7;20,8;20,7;20,8;20,8;20,7;20,8;20,7;20,7;20,5;20,2;20,4;20,5;20,5;20,6;20,7;20,8;21,4;21,5;21,6;20,7;20,7;20,5;20,1;20,6;20,2;20,6;20,5;20,1;20,2;20,2;20,5;20,5;20,4;20,6;20,6;20,2;20,4;21,1;20,1;20,2;20,2;20,5;20,4;20,4;19,6;20,7;20;20,5;19,9;20,7;20,1;19,9;20,7;20,5;20,1;20,2;20,6;20;20,4;20,8;20,5;20,4;20,6;20,5;20,4;20,1;20,2;20,4;20,5;20,1;20,9;20,4;20,2;20,5;20,5;20;20,6;20,2;20,4;19,9;20,5;20,9;20,7;20,6;20,6;20;20,6;20,2;20,4;20,1;20,5;20,7;20,5;20,1;20;20,5;20,5;20,2;20,5;20,5;20,4;20,6;20,7;20,6;21,1;20,1;20,1;20,7;20,7;20,1;20,4;20,5;20,7;20,1;20,6;20,4;20,5;20,1;20,2;20,7;20,8;20;20,4;20,9;21,5;22,8;25,5;26,3;26;26,3;26,5;26,4;28,5;29,4;30,4;30,2;30,6;30,6;30,8;30,9;31,1;31,8;32,1;32;32,8;32,6;32,8;32,8;32,6;32,6;32,5;32,6;32,5;32,5;32,4;32,5;32,5;32,6;32,7;32,4;32,2;32,5;32,7;32,7;32,5;32,5;32,6;32,5;32,4;32,5;32,5;32,5;32,4;31,7;32;31,7;32;32,4;32,4;32,1;32;32,2;31,8;32,1;31,8;31,6;32,2;32,7;32,2;32,4;33;31,8;32,8;32,6;32,9;33,1;33,8;33,5;33,7;33,4;33,5;34;34,2;34,9;34,7;35,2;35,7;36,4;37,4;38,6;39;39,1;38;34,3;28,9;25,6;24,6;25;28,1;33,4;38,5;41,1;40,8;39,9;39;38,4;37,4;36,5;35,9;35,3;35;34,3;33,7;33,1;32,7;32,6;32;30,9;27,3;23;21,6;21,2;20,7;20,4;20,4;20,9;20,8;21,4;20,5;19,9;20,6;20,4;21,2;20,6;20,8;21,1;20,4;20,5;20,9;20,5;20,5;20,2;20,6;20,5;20,7;21,1;20,9;20,9;21,1;20,8;21,1;21,4;21,4;22,1;25,8;30;31,6;32,7;33,1;33,8;34,3;34,4;34,7;35,7;36,1;36,8;37,9;38,9;39,9;40,9;42,3;44;44,9;43,3;40,6;38,9;36,8;35,3;34,5;31,7;28,8;27,7;26;25,7;27,5;31,8;37,5;39;39,6;40;39,8;40,1;40;39,9;40,2;40,3;40,8;41,2;41,8;42,7;43,6;43,8;43,4;42,9;42;41,1;40,2;39;38,5;37,8;36,7;36,1;35,4;35,1;34,9;34,4;34,3;34,7;34,9;35,4;35,9;36,6;37,7;38,4;38;37,1;36,5;36,2;35,6;35;34,4;34,9;34,4;34,4;34,1;34,7;34,5;34,1;34,2;34,1;34,1;33,3;33,9;33,6;33,2;33,6;33,6;33,9;33,7;33,2;33;32,7;32,5;31,8;31,7;31,3;31,3;30,8;31,4;30,8;30,8;31,1;30,8;30,8;30,3;29,9;28,6;27,4;26,7;26,3;25,8;25,7;24,6;23;22,5;21,2;20,6;20,5;20,8;20,7;20,2;20,5;20,2;20,7;20,6;20,2;20,4;20,6;20,2;20,7;20,6;20,5;20,6;20,6;20,4;20,8;20,6;20,5;20,2;20,4;20,5;20,4;20,5;20,2;20,4;20,5;20,2;20,6;20,6;20,1;20,5;20,4;20;20,7;20,6;20,4;20,6;20,2;20,2;20,6;20,5;20,8;20,4;20,7;20,7;20,1;20,1;20,4;19,4;20,5;19,9;20,6;20,1;20,4;20,2;20,2;20,5;20,6;20,6;20,7;19,9;20,2;20,5;20;20,5;20,2;20,2;20;20,1;20;20;19,9;19,9;20,1;20,1;20;20,1;20,1;20;19,9;20,5;20,6;19,5;20,1;20,8;19,6;20;19,6;19,9;19,9;20,2;20,6;20,8;20,6;20,6;20,1;20,2;20;20;20,2;20,4;20,5;20,6;20,4;20,1;19,9;19,8;19,9;20;20,2;20,2;20;19,6;19,9;20;20,2;20;20;20,5;20;19,9;19,9;19,6;19,6;20;20,2;19,5;20,1;19,8;19,6;20;20,1;20,2;20,1;20,1;19,5;19,8;19,8;19,9;20,2;19,6;19,5;19,8;19,5;19,9;20;19,8;20;19,9;20;19,5;19,4;20,4;19,2;19,6;19,2;20,1;19,5;19,4;19,6;19,2;19,5;19,4;19,4;19,9;19,6;19,8;19,8;19,3;19,3;19,321,8;21,6;21,6;21,6;21,6;21,4;21,1;21,4;21,6;21,4;21,5;21,5;20,7;21,4;20,9;20,7;20,7;21,2;21,1;21,5;21,6;21,2;20,8;20,8;21,5;21,1;20,8;21,5;21,5;21,1;21,1;21,1;20,8;20,8;20,7;20,7;20,8;21,1;21,2;21,4;20,8;20,6;20,9;21,2;21,1;20,7;20,6;20,2;20,8;20,4;20,6;20,4;20,8;20,6;21,2;20,2;20,6;20,5;20,5;20,7;20,5;20,5;20,5;20,6;20,4;20,4;20,4;20,5;20,5;20,5;20,5;20,1;19,9;20,2;20,5;20,5;20,1;20,1;20,2;20;19,5;20,1;20,4;20,8;20,5;20,1;20,1;20,4;20,4;20,4;20,4;19,8;20,2;20,1;19,9;20,1;20,4;19,8;19,8;20,1;20,1;20,2;20,1;20,1;20,4;20;19,8;20,4;19,9;19,9;20,1;19,6;19,8;19,5;20;19,8;19,9;19,8;20,2;19,9;19,9;20;19,6;20,1;19,9;20,2;20;20,1;20,5;20,2;20,1;20,5;20,7;20;19,8;19,8;19,9;20,1;20,2;20,1;20,6;19,8;20,2;20;20,1;20,4;20,1;20;19,6;20,2;20,2;20;20,5;20,5;19,9;20,2;20;20,2;19,9;20,4;20,1;20,2;20,2;20;20,2;20,2;20,2;20,2;20,2;20,5;20,1;20,6;20,4;20,5;19,6;20;20,2;20,4;20;20,4;20,1;20,2;20,2;20,2;19,9;20,2;19,8;20,4;20,4;20,7;20,1;20,1;20,7;21,4;22,8;25,3;26,4;25,8;26,6;26,6;26,3;28;29,7;30,3;30,6;30,3;30,2;30,9;30,9;31,1;31,1;31,8;32;32,9;32,6;32,8;32,8;32,9;32,7;32,2;32,5;32,7;32,7;32,7;32,9;32,9;33;32,6;32,7;33,1;32,8;32,7;32,9;32,7;32,6;32,7;32,4;32,5;32,6;32,4;32,4;32,1;32,2;32,6;32,1;31,8;32,2;31,8;31,8;32,4;32,4;32,4;32;32,1;32;32;32,1;32,8;32,1;33;32,1;32,8;33,1;33,4;33,6;33,1;33,4;33,3;33,8;34,2;34,5;34,1;35,3;35,1;35,9;36,3;36,8;37,5;38,7;39,2;39,3;38,4;34,6;29,2;25,5;24,7;25;27,8;33,8;39;41,2;41,1;40,1;39;38,1;37,5;36,8;36,1;35,5;35,1;34,4;33,7;33,4;33,6;33,1;32,5;31,3;27,5;23;21,9;21,2;20,8;21,2;20,6;20,8;21,5;20,6;21,1;20,6;20,6;20,7;20,8;21,2;20,6;21,1;21,2;20,8;20,7;20,6;20,8;20,6;21,1;20,9;20,9;21,1;21,2;20,9;20,9;21,1;20,8;21,2;21,2;22;25,5;29,9;31,8;32,9;33,1;33,5;33,9;34,1;34,5;35,4;36,2;37;38;39;40,3;41,1;42,3;43,7;44,8;42,6;40,8;38,7;36,9;35,3;33,9;31,7;29,3;27,6;26,1;25,8;27,7;32,6;36,1;39,3;40,6;40,4;40,4;40,1;39,9;40;40,2;40,1;40,8;41,2;41,4;41,7;42,7;43,5;43,9;43,6;43,1;42;41,1;40,3;39,8;38,9;38,2;37,8;37,4;36,8;36,6;36,4;36,2;36,5;36,9;37,5;38,2;38,8;38,9;38,2;37,7;36,8;36,3;36,2;35,7;35,6;35,3;35,1;34,5;34,1;33,8;34,4;34,2;34,5;34,2;33,7;33,9;33,5;33,5;33,3;33,5;33,5;33,4;33,7;33,5;33,1;32,9;32,8;32,7;31,6;31,7;31,2;31;30,9;31,2;30,5;30,9;30,8;30,9;30,8;30,5;30;28,5;27,2;26,7;26;26,3;25,7;24,6;22,9;22,2;20,9;20,6;20,1;20,5;20,2;20,2;20,2;20,2;20,6;20,4;20;20,2;20;20,6;20,4;20,4;20,1;20,4;20,6;20,1;20,4;19,8;20;20,1;20;20;20,6;19,9;20,2;20,5;20,1;20,2;20,2;20,1;19,8;20,1;20;19,9;19,8;20,4;19,8;20,1;20,4;20;19,6;20,5;20,4;19,8;20,2;20,2;19,9;20,2;19,8;19,9;19,2;19,9;20,4;20,2;20;20,4;19,5;19,9;20;19,2;20;19,5;19,4;20,1;19,3;19,5;19,8;19,4;19,5;19,5;20,2;19,2;19,9;20,2;19,4;19,3;20;19,5;20;19,9;19,6;19,3;19,8;19,6;19,8;19,2;19,9;19,9;20,2;20,1;20;19,5;19,9;19,6;19,5;19,9;19,8;19,8;19,5;19,3;19,6;20,1;19,9;19,2;19,2;19,4;19,8;20;20;19,8;20,2;20,2;19,5;19,6;19,8;19,6;19,8;19,9;19,5;20,1;19,6;19,8;19,9;19,9;20,1;20;20,1;19,6;20,4;20,1;20,1;20,5;20,2;20;20,4;20,1;19,9;20,1;20,2;20,1;20;19,6;19,5;20,1;20,1;19,8;19,8;19,8;19,8;19,9;19,9;19,9;19,9;19,3;19,8;20;19,8;20,7;19,6;20,2;19,5;19,5;19,9;19,9;20,4;20;19,8;19,5;19,5;19,5;19,8;19,821,8;21,6;21,5;21,5;21,5;21,6;21,6;21,1;21,4;21,6;21,4;21,5;21,1;21,2;20,9;21,2;21,8;21,8;21,4;21,6;20,7;21,6;21,5;21,1;21,2;21,1;20,9;21,5;21,2;20,9;21,1;21,1;20,9;21,1;21,2;21,4;20,9;20,9;20,8;21,5;21,4;20,6;21,2;21,5;21,2;20,4;20,9;20,6;21,5;20,8;20,8;20,7;20,8;20,7;21,1;20,5;20,7;20,7;20,4;20,4;20,5;20,6;20,6;20,8;20,8;20,8;20,5;20,5;20,6;20,6;20,7;20,4;20,4;20,6;20,9;21,2;20,8;20,4;20,2;20,7;20,4;20,2;20,4;20,2;20,1;20,5;19,9;20,6;20,5;20,2;20,4;20,4;20,9;20,2;20,1;20,7;20,5;20,2;20,6;20,6;20,4;20,6;20;20,2;20,6;20,1;20,2;20,8;20,4;20,5;19,4;20,5;20,1;19,9;19,8;19,9;19,6;19,8;21,1;19,9;19,9;19,8;19,6;20;19,5;20,4;20,1;20,5;20,2;20,2;20,2;20,4;20,1;20;19,9;20,4;20,2;20,1;20,5;20,1;20,4;20;20;20,1;20,4;20,2;20,1;20,4;19,5;20,6;20,2;20,2;20,5;20,1;20,1;19,9;19,9;20;19,8;20,2;20,2;20,2;20,5;20;20;20;20,5;20,1;20,2;20,4;20,1;20,1;19,9;19,9;20,1;20,4;20,4;20,5;20;20,4;20,2;20,5;20;20;20;20;19,5;19,8;20,1;20,2;20,1;19,8;20,2;20,8;23;25,3;26,1;25,8;26,4;26,2;26,4;27,8;29,4;30,2;30,5;30,5;30,5;31;30,5;31,1;30,9;31,6;31,8;32,8;32,6;32,7;32,8;32,5;32,5;32,4;32,5;32,5;32,7;32,4;32,5;32,4;32,4;32,2;32,4;32,5;32,4;32,4;32,2;32,1;31,8;32,2;32,1;32,1;32;31,8;31,8;31,6;32,1;31,7;31,6;31,6;31,4;31,4;31,7;32,1;32,1;32,2;32,1;31,6;31,8;31,7;32,4;32,5;32,5;32,5;31,6;32,9;32,4;32,5;33,1;33,2;33,3;32,8;33,4;33,6;33,5;33,8;34,5;34,6;35,4;36;36,6;36,8;38,2;38,9;39,2;38,6;34,3;28,7;25,4;24,3;24,6;28;33,3;38,6;41;40,5;39,3;38,8;38;37;36,2;35,9;35,2;34,4;34,2;33,7;33,1;32,7;32,7;32,1;31,4;27,3;23,4;21,8;21,5;20,6;21,1;20,8;20,4;20,2;20,8;20,5;20,5;20,7;20,6;20,9;20,5;20,4;20,5;20,6;20,5;20,9;21,5;20,4;20,6;20,6;20,9;20,7;20,8;20,8;20,6;20,5;20,8;20,7;20,8;21,2;22,1;26;30,2;31,4;32,2;32,6;33;33,5;34;34,3;35,1;36,2;37;37,6;38,7;39,6;41;42,3;43,9;44,5;43;39,9;38,4;36,7;35,4;33,7;31,3;29,2;26,7;25,8;25,7;26,5;31,6;36;38,6;40,8;40,6;40,1;40;39,1;39,3;39,1;39,8;40,1;40;40,5;41,2;41,6;42,4;43;43;43;42,2;41,7;41,1;40,5;40;39,2;39;38,5;38,2;38,1;37,8;37,6;38,1;38,5;39;39,1;38,4;37,8;37,6;36,7;36,3;36,1;35,6;35,2;35,2;34,9;34,7;34,4;34,1;34;34,1;34;34,4;33,5;33,5;33,5;33,4;33,1;33,1;33,3;33,4;33,5;33,5;33,2;33;32,7;32,5;32,5;31,7;31,7;31,4;31;30,9;30,8;30,5;30,8;30,5;30,8;30,6;30,4;29,5;28,4;27,3;26,4;25,8;26,3;25,7;24,5;22,6;22;21,5;20,4;20,1;20,6;20,4;20,4;20,1;20,2;20,5;20;19,9;20,4;20;20,7;20,5;20,2;20,2;20,4;20,5;19,9;20;19,6;20,2;20,2;20,2;19,6;20,4;20,1;20,4;20,1;19,9;19,9;20,6;20;20;20,2;19,8;19,8;20,1;20,1;20,1;20,2;21,1;20,5;19,6;20,2;20,2;20,4;20;20,5;19,9;20,2;20,2;20,1;20,1;20;20;20,2;20,5;20,5;19,9;20,1;20,1;20,1;20,4;19,8;20,2;19,8;18,8;19,8;19,9;19,6;20,5;20,5;20,4;19,5;20;19,5;20,2;20,4;19,9;20,4;20,7;19,6;20,1;20;20;19,3;20;19,6;19,5;20,6;20,2;20,1;19,9;20,2;20,4;20,1;20,1;20,4;20,4;20,2;20,4;20,2;20;20;20,2;20;19,6;19,9;20,1;20,4;20,2;19,9;20,1;19,9;19,8;20;20;19,9;19,8;19,6;20;20,1;20,1;20;20,2;20,1;19,9;19,9;19,9;20,2;20,6;20,4;20,4;19,9;20,1;20,1;19,9;20,2;20,2;20,1;20,4;20,2;20,1;19,9;20,2;20,5;20,4;19,9;19,6;19,6;19,9;19,6;20,2;20,5;19,8;20;20;18,9;20,2;19,3;19,6;20,4;19,5;20,1;19,9;20,1;19,9;19,5;19,9;19,9;20,1;20,1;19,6;19,521,8;21,6;21,9;21,9;21,6;21,8;21,6;21,5;22,2;22;21,8;21,6;21,6;21,8;21,1;21,6;21,5;20,8;20,9;22;21,4;21,4;22,2;21,8;21,5;21,6;21,5;21,4;21,2;21,1;21,1;21,2;21,2;20,9;20,7;20,9;20,9;21,1;21,2;21,5;21,1;21,2;21,6;21,4;21,1;20,6;21,4;20,7;21,8;21,1;20,8;20,9;21,1;20,6;20,8;20,7;20,6;20,8;20,7;20,8;20,9;20,7;20,7;20,7;20,5;20,4;20,6;20,6;20,9;20,9;20,6;20,7;20,7;20,7;20,8;20,9;20,7;20,1;20,1;20,6;20,7;20,6;20,7;19,9;20,2;20,5;20,9;20,4;20,4;20,2;20,8;20,2;20,5;20,7;20,6;20,6;20,2;20,2;19,9;20,5;20,1;20,7;20,4;20,2;20,4;20,6;20,6;20,6;20;20,4;20;20,1;19,9;20,1;19,5;19,6;20,2;20,1;20,8;20,5;20,2;20,5;20;19,9;20,1;20;20,1;20,6;20,2;20,2;20,2;20;20;20,1;19,8;20,6;20,1;19,9;20,5;20,6;19,9;20,1;19,8;19,8;20,1;20,2;20;20,5;20,6;20,5;20,1;20,6;20,1;20,2;20,2;20,4;20,2;19,9;20;20,4;20,6;20,2;20,5;20,2;20,4;20,4;20,2;20,2;20,2;20,5;20,4;20,5;20,1;20,2;20,5;20,4;20,7;20,5;20,2;20,6;20,6;20,6;20,2;20,2;20,8;20;20,2;20,1;20,5;20,2;20,5;20,1;20,2;21,2;23,1;25,7;26,2;26,2;26,3;26,4;26,8;28,1;30;30,3;30,5;31,1;30,7;30,7;30,8;31,3;31,2;31,8;32;32,5;32,7;32,9;33;32,8;33,1;32,9;33,1;32,7;32,2;32,6;32,9;32,7;32,4;32,5;32,8;33;33;32,9;32,6;32,5;32,7;32,7;32,8;32,6;32,5;32,6;32,7;32,6;32,4;32,1;32,6;32,2;31,7;32,1;32,2;32,7;32,4;32,1;32,1;32,1;31,8;31,6;32,9;32,5;32,7;32,5;32,4;32,6;33,4;32,9;33,5;33;33,6;33,3;33,9;34;34,7;34,5;35,2;35,6;35,5;35,8;37;38;38,5;39;39,4;38,6;34,3;28,5;25,1;24,7;25,6;28,6;33,9;38,8;41,2;41,2;40,1;39;38,4;37,5;36,9;36,2;35,5;35;34,2;33,9;33,5;33,4;33,1;32,6;31,7;28;23,9;22,6;22,6;22,2;21,5;21,5;21,8;21,8;22;22;22,1;21,6;21,2;21,6;21,5;21,6;21,4;21,8;21,5;21,5;22;21,5;21,5;21,5;21,4;21,6;21,4;20,8;21,2;21,5;21,4;21,2;21,6;21,9;22,3;26;30,5;32,5;33,1;33,1;33,7;34,2;34,5;34,9;35,6;36,1;37,1;37,7;39;40,3;41,2;42,6;44;44,9;43;40,3;38,8;36,7;35,5;34,2;32,2;29,2;27,2;26,5;25,7;27,5;31,8;36,5;39,2;40,2;40,7;40,2;39,3;39;39,5;39,2;40,2;39,5;39,8;40,4;40,7;40,7;41,3;41,8;42,7;43,1;42,6;42,6;42,2;41,7;41,4;41,1;40,6;40,4;39,9;39,5;39,9;40,1;40;39,8;39,2;38,9;38,2;37,8;37;36,5;36,4;35,8;35,1;35,1;35;34,7;34,7;34,6;34,1;34,2;34,1;34;34,4;33,8;34;34;33,5;33,2;33,4;33,4;33,6;33,6;33,7;33,4;33,5;32,9;32,5;32,5;32,1;31,5;31,6;30,8;31,1;30,4;30,8;30,8;30,5;31,2;31;30,6;29,2;28,7;27,5;26,6;26,1;26,2;25,7;24,6;22,7;22;21,6;20,4;20,4;20,9;20,6;20,5;20,1;20,1;20,5;20,5;20,1;20,1;20,2;20,2;20,7;20,2;20,4;20,2;20;20;20;19,8;20,4;20,5;20,2;20;20,7;20,7;20,2;20,4;20,1;20;20,4;20,2;20,1;20,6;20;19,9;20,1;20,2;20,1;20,5;20,5;20,1;19,8;20,4;20,5;20,9;20,1;20,1;20,2;20,2;20;20,2;20,6;19,9;20,4;20,1;19,8;19,8;20,2;19,9;19,4;20,7;20,4;19,9;20,2;20,2;20;20,4;20,4;19,8;20,1;19,5;20,4;20,2;19,9;20,7;19,3;20,6;20,1;19,9;19,9;19,8;20,1;19,8;19,6;19,5;19,9;20,2;19,6;20,4;20;20;20;19,8;20,1;20,2;20,4;20,1;19,8;20;20;20,1;20,1;20,1;20,1;20;20,1;19,8;19,4;19,8;20;20,1;20,2;20;20,2;20;20,1;19,8;20,1;19,9;20,5;19,8;20,6;20;20,4;20,1;19,6;19,9;19,8;20,2;20,8;20,2;20;19,9;20,5;20,5;20,1;20,4;20,1;20;20,2;20,4;20,4;20,2;20,5;20,4;20,1;19,9;19,3;20;20,7;20,1;20,2;20,2;20,1;20,5;20,2;19,8;20,5;19,6;20,6;20,1;19,8;19,3;19,8;19,9;19,6;20;19,8;19,9;20;20,5;20,4;19,821,9;21,9;21,6;21,4;21,6;21,6;21,5;21,2;21,5;21,6;20,7;21,1;21,5;21,4;20,7;20,9;21,5;21,2;21,6;20,5;21,4;21,4;21,4;21,2;21,1;20,7;21,2;21,4;20,9;20,9;21,1;21,1;20,9;20,8;20,6;21,1;21,4;20,9;21,5;21,1;20,7;20,9;21,5;20,9;21,2;20,9;21,1;20,6;21,2;20,7;20,6;20,9;20,8;20,4;20,9;20,8;20,8;20,6;20,6;20,9;21,2;20,8;20,6;20,7;20,6;20,6;20,7;20,6;20,4;20,8;21,2;21,1;20,9;21,1;21,2;21,2;21,2;20,7;20,5;20,7;20,7;20,4;20,5;20,2;20,9;20,8;20,7;20,4;20,4;20,9;20,5;20,8;20,1;20,7;20,2;20,5;20,8;20,2;20,7;20,6;21,1;20,6;20,2;20,6;21,1;20,6;19,9;20,5;20,6;20,1;20,5;20,4;20,4;20,5;20;19,6;20,5;20;20,6;20,6;20,1;20,1;20;20;20,9;20,4;20,2;20,1;20;20,7;20,6;20,6;20,5;20,5;20,4;20,8;20,8;20,5;20,5;20,5;20,4;20,2;20;20,4;20,2;20,4;20,5;20,2;20,5;20,4;20,1;20,4;20,1;20,4;20,4;20,7;20,5;20,2;20,6;20,6;20,8;20,5;20,1;20;20,5;20,6;20,6;20,5;20,5;20,4;20;20,5;20,5;20,5;20,4;20,2;20,8;20,5;20,1;20,6;20,6;20,4;20,5;20,4;20,7;20,1;20,5;20,5;20,5;20,6;20,5;20,5;20;21,2;23,1;25,7;26;26,2;26,4;26,6;27,3;28,1;29,5;30,5;30,2;30,5;31;30,7;31;31,7;31,4;31,8;32,4;32,7;32,4;32,9;33,1;33;33,1;32,8;32,9;32,7;32,4;32,7;32,9;33,1;32,8;32,6;32,7;32,7;32,7;32,7;32,5;32,1;32,2;32,7;32,6;32,6;32,5;32,1;32,4;32,2;31,8;32,2;32,1;31,8;32;31,7;32,6;32,4;32,4;32,5;32,1;32;32,4;32,2;32,6;32,6;32,6;32,4;33,1;32,5;32,9;33,2;33,3;33,4;33,1;33,1;33,9;34,2;34,3;34,9;35;35,1;35,9;36;36,9;38,2;38,7;39,1;39,4;38,6;34,4;28,6;25,3;24,8;25,4;28,4;34,2;39,2;41,5;41,2;40,2;39,2;38,4;37,7;36,7;36,2;35,7;35,3;34,7;34,1;33,8;33,1;33;33;32,1;29,1;25,3;23,7;23,5;23,4;23,4;23;22,8;23,1;23,3;23,4;23,3;23,1;23,5;22,9;23;23,4;23;22,8;23,5;22,9;22,1;23,3;22,7;23;22,9;23,3;22,5;23,3;23,3;23,3;22,8;23;23;22,6;23,6;27,4;31,2;32,6;32,9;33,4;33,8;33,8;34,4;35,3;36,1;36,6;37,4;38,2;38,9;40,5;41,5;42,6;44,5;45,3;42,6;40,7;37,8;36,5;35,9;34,5;31,8;28,9;27,3;26,2;26,6;27,1;32;36,2;39,3;40,1;39,6;40;40;39,8;39,2;39;39;39,6;39,5;40,2;39,6;40,2;40,5;40,6;41,4;41,8;41,8;42,3;42,5;42,7;42,2;41,6;41,4;41,1;41;41;40,8;40,7;40,1;39;38,6;38,3;37,7;37,2;36,6;36,1;35,7;35,2;35,4;35,2;34,6;34,6;35;34,6;34,2;34,2;34,4;34,1;34,2;34;34,2;34,2;33,7;33,6;33,2;33,1;33,6;33,9;33,6;33,5;33,6;33,2;32,6;32,6;32,1;31,6;31,7;31;31,1;31;30,9;31,2;30,6;30,9;30,9;30,7;29,5;28,6;27,5;26,4;26,1;26,3;25,5;24,8;23;22,1;21,5;20,4;20,5;20,7;20,6;20,8;20,1;19,9;20,7;20,7;20,4;20,2;20;20;20,8;20,5;20,5;20,1;20,1;20,4;20,4;19,9;20,5;20,6;20,2;20,5;20,6;20,7;20,5;20,6;20,6;20,4;20,5;20,5;20,2;20,9;20,4;20,6;20,4;20,4;20,4;20,5;20,5;19,9;20;20,9;20,6;20,6;20;20,2;20,2;19,9;20,6;20,5;19,5;20;20,6;19,8;19,9;20,6;20,1;20,5;20,5;20,1;19,9;20,1;20,5;20,1;20,5;20,4;20,1;19,6;20;20,2;19,9;20,5;20;20,1;19,8;19,6;20,7;20,2;19,9;19,6;20;20,5;20;19,3;20,1;20,6;20;20,4;20;20,6;20,8;20,2;20;20,4;20,6;20,9;20;20,4;20,6;20,2;20;20,2;20,6;20,5;19,9;19,8;20,2;20,5;20;20,4;20,6;20,4;20,2;19,8;20;20,1;20,4;20,1;20,4;19,9;20,2;20;20,2;20,2;20,1;19,9;20,2;20;20,6;20,4;20,2;20;20,2;20,6;20,4;20;20,1;20,1;20,1;20,1;20,4;20,2;20,1;20,4;20,5;20,2;20,1;20,2;20,2;20,1;20,2;19,9;19,8;20,6;20,1;19,9;20,5;20,2;20,2;20,4;19,9;19,8;20,5;20,5;20,1;20,1;19,6;19,5;19,8;20;19,8;19,522,2;22;21,6;21,5;21,9;21,8;20,9;21,5;22;22,2;22;21,2;21,2;21,4;21,2;21,1;20,7;21,5;22,1;21,1;21,2;20,9;21,5;21,4;21,2;20,9;21,1;21,4;21,4;21,2;20,9;21,1;21,2;21,2;21,1;21,2;20,9;21,4;20,8;21,1;21,1;20,7;21,4;20,9;21,1;20,8;21,2;20,4;20,8;20,5;20,7;20,9;20,5;20,4;21,1;20,8;20,8;20,9;20,5;20,4;20,5;20,8;20,7;20,7;20,8;20,7;20,7;20,7;20,5;20,2;20,5;20,2;20,2;20,4;20,9;20,9;20,8;20,4;20,1;19,9;20,5;20,8;20,6;20,4;20,5;20,5;20,5;20,7;20,1;20,8;20,6;20,7;21,1;20,5;20,2;20,4;20,4;20,2;20,6;20,7;20,9;21,4;20,2;20,7;20,7;20,4;19,9;20,2;20,4;19,6;20,4;20,6;19,9;20,2;20;20,1;19,9;20,4;20,1;20,2;20,2;20,8;20,7;20,1;19,8;20,4;20,4;20,6;20,4;20,4;20,5;20,4;20,6;20,4;20,4;20,7;20,5;20,4;20,5;20,1;20,5;20,2;20,2;20,4;20,1;20,5;20,2;20,1;20;20,5;20;20,5;20;20,4;20,1;20,5;20,6;20,5;20,1;20,6;20,8;20,7;20;20,1;20,6;20,7;20,7;20,4;20,5;19,9;20,4;20,4;20,1;20,1;20,2;20,4;20,6;20,4;20,1;20,4;20,4;20,2;20;20,4;20,2;20,8;20,4;20,2;20,7;20,9;20,1;20,5;20,4;21,2;23,1;25,8;26,4;26,2;26,2;27,1;27,4;28,2;29,3;30,3;30,6;30,8;31,1;30,7;31,1;31,8;31,2;32,4;32,5;33;32,9;33;33,3;32,8;33,1;33;33,2;32,7;32,7;33,1;33,1;32,9;32,8;33;33,2;33,1;33,3;33,1;32,7;32,6;32,6;32,4;32,5;32,6;32,7;32,6;32,6;32,6;32,5;32,4;32,5;32,4;32,4;32,4;32,6;32,7;32,4;32,5;32,5;32,9;32,6;31,5;32,5;32,7;33;33;32,9;33;32,8;33,5;33,5;33,1;33,7;34;33,8;34,3;35,1;34;35,4;35,9;36,2;36,6;37,7;38,3;39;39,5;39,8;38,6;34,5;29,2;25,7;24,8;25,3;28,5;34,2;39,2;41,7;41,2;40,1;39,3;38,7;38,1;37,4;36,4;35,5;34,9;34,4;34,2;33,8;33,6;33,6;33,5;32,7;31,3;30,2;29,3;28,9;28,6;28,7;28,2;28,6;28,2;28,1;28,5;27,9;28,4;27,3;28,1;27,7;27,8;27,7;27,8;27,8;27,7;27,8;27,7;27,7;27,8;28;27,7;28;27,5;27,6;27,8;27,8;27,7;27,8;27,9;28,5;30,6;32,7;32,9;33,1;33,7;33,7;34,1;35,1;35,5;35,9;36,6;37,9;38,7;39,6;40,8;41,5;42,7;44,3;45,1;43,5;41;38,8;36,8;35,8;34,3;31,8;29,4;28;26,5;25,7;27,7;31,7;36,8;39,3;40,1;40;40,3;39,8;39,9;39,6;39,1;38,7;38,9;39,5;39,3;39,8;39,9;39,6;40;40,8;41;41,1;41,3;41,4;41,4;41,5;41,5;41,4;40,9;41;40,7;40,1;39,3;38,9;38,7;38,3;37,8;37,5;37;36,5;36,1;35,9;35,6;35,2;35;34,9;34,7;34,7;34,4;33,9;34,1;34,5;34,3;34,3;34;34,2;34,1;33,9;34,1;33,9;33,1;33,4;34;33,5;33,6;33,3;33,1;32,6;32,5;31,8;31,7;31,5;31,2;31,2;31,2;30,8;30,9;30,8;30,8;30,6;30,5;29,9;28,6;27,3;26,5;26,1;26,2;25,6;25;23,1;22,5;21,8;20,4;20,6;20,5;20,7;21,1;20,6;19,8;20,6;20,8;20,4;20,1;20;20,5;20,7;20,4;20,7;19,9;20,4;20,4;20,6;20,5;20,5;20,9;20;20,2;20,2;20,7;20,5;20,7;20,5;20,4;20;20,4;20;20,2;20,1;20,7;20,7;20,8;20,1;20,2;20,4;19,8;20,1;20,6;20,2;20;20,1;20,4;19,5;19,8;20,5;19,5;19,5;19,9;19,8;20;19,9;19,9;19,9;20,2;20,8;19,9;20,1;19,9;20,1;20;20,2;21,5;19,9;19;20;20,7;20,2;20;19,6;20,6;19,8;20;20,1;20,8;19,9;19,9;19,3;19,8;20,2;20;20,2;20,2;19,4;20;20,2;20,5;20,5;20,6;20,1;20;19,4;19,8;19,8;20,2;20,2;20,1;20,4;20,4;20,2;20,1;19,8;19,8;20;19,9;20;20,1;19,9;19,9;19,9;19,8;20,1;20,2;20,1;19,5;20,2;20,2;20,2;20,2;20,6;20,1;20,2;20,1;20,5;20,4;20,5;20,7;20,5;19,8;19,8;20,2;20,1;20,1;20,5;20;20;20;20,2;20,4;20,1;20,4;20,5;20,4;20,5;20,1;19,9;20;19,8;20,1;20,4;20,9;19,5;20;19,9;20,4;19,8;20,8;19,9;19,5;20,2;20;20,1;20,1;19,6;19,6;20,1;20,4;20;19,622,1;22;21,8;21,8;21,8;21,5;21,6;21,6;21,4;20,9;21,6;21,1;21,2;21,4;22;21,1;21,2;21,1;21,5;21,5;20,9;21,4;21,6;21,4;21,2;21,2;20,9;21,1;21,4;20,9;20,7;20,8;21,1;21,1;21,1;21,4;20,9;21,6;20,8;21,4;21,1;21,2;21,2;21,1;20,6;20,8;21,2;20,5;21,1;20,6;21,1;21,2;20,9;20,7;21,4;20,7;20,7;21,1;21,1;20,6;20,4;20,6;20,8;20,7;20,9;20,7;20,7;20,8;20,7;20,7;20,4;20,2;20,4;20,7;21,1;20,8;20,5;20,1;20,8;20,7;20,7;20,9;20,4;20,4;21,1;20;20,7;20,2;20,7;20,8;20,1;20,2;21,1;20,5;20,2;20,5;20,7;20,4;20,4;21,2;21,2;20,4;20,8;20,9;20,8;20,4;20,5;20,5;20;20;20,1;20,7;20;19,8;20,4;20,2;20,5;20,5;20,6;19,9;19,9;20,2;20,2;20,2;20,5;20;20;20,6;20,4;20,4;20,7;20,6;20,4;20,5;20,2;20,5;20,6;20,6;20,9;20,1;20,5;20,5;20,8;20,8;20,2;20,1;20,4;20,4;19,9;20,7;20,4;20,6;20,1;20,5;20,1;20,9;20,4;20,5;20;20,5;21,1;20,6;20,2;20,6;20,5;20,5;20,4;20,1;20,1;19,9;20,6;20,5;20;20;20,2;20,2;20,5;20,1;20,2;20,1;20;20,6;20,1;20,2;20;20,7;20,1;20,7;20,6;20,4;20;20;20,6;21,1;23,6;26;26,5;26;26,3;26,7;26,6;28,5;29,4;30,3;30,8;31,1;30,7;30,9;31;31,4;31,1;32;32;33,1;32,9;33;32,8;32,9;33,1;33;32,8;32,7;32,8;32,7;32,7;33;33,1;33;32,8;32,6;33;32,9;32,9;32,8;32,6;32,8;33,1;32,8;32,4;32,1;32;32,1;32,4;32,4;32,1;32,1;32,1;32,4;32,2;32,2;32,2;32,1;32,5;32,5;32,4;32,1;33,2;32,9;33,2;33,1;32,9;33,3;33,1;33,1;33,3;33,5;33,9;33,9;34,2;34,1;34,3;34,7;35,7;35,7;36,2;36,7;36,9;37,9;38,5;39,2;39,5;38,9;34,5;28,6;25,3;25;25,6;28,8;34,4;39,4;41,6;41,2;40,4;39,6;39;38;36,8;36,3;36,1;35,5;35;34,4;33,9;33,6;33,4;33,1;32,9;32,4;31,8;31,8;31,4;31,4;31,1;30,5;30,6;30,2;30,3;30,6;30,6;30,5;30,2;29,9;29,5;30,3;30,6;30,6;30,4;30,6;30,7;30,7;30,5;30,4;30,9;30,9;30,9;31,2;31,3;30,9;30,8;31,2;31,2;31,4;31,7;32,1;32,6;32,9;33,3;33,8;34,3;34,6;35;35,4;35,9;36,7;37,8;38,5;39,3;40,2;41,4;42,7;44,6;44,9;43,2;40,9;38,3;37,4;36,1;34,3;32,5;29,9;27,4;26,2;26,2;27,3;31,6;36,2;39,3;40,5;40,7;40;39,9;39;39,1;39,3;39,1;38,7;38,5;38,9;39,2;39,2;39,4;39,2;39,5;39,8;39,6;39,8;40,1;40,3;40,2;40,2;40,2;39,6;39,4;39,1;38,7;38,6;38,4;38;37,6;37,2;36,7;36,2;36;35,7;35,4;35,5;35,5;35,1;34,9;34,7;34,2;34,6;34,2;34,1;34,5;34,4;34,4;34,3;34,3;34,1;33,7;34;33,9;33;33,2;34;33,4;33,5;33,1;32,8;32,5;32,5;31,8;32;31,6;31,1;31;30,8;30,4;30,8;30,9;30,7;30,7;30,5;29,7;28,7;27,5;26,7;26,3;25,8;25,7;25;22,8;22,3;21,5;20,8;20,6;20,5;20,7;20,6;20,5;20,1;20,4;20,7;20,6;20,2;19,9;20,4;20,7;20,2;20,6;19,9;20,4;20,5;20,4;20,7;20,5;20,9;20,1;20,4;20,2;20,7;20,5;20,2;20,1;20,4;20;20,5;20,5;20,4;20;20,2;20,2;20,7;20,4;20,6;20,4;20,4;20,5;20,5;20,2;20,1;20;20,1;20,1;20,8;20,4;20,1;20,1;20,5;20;20,5;20,2;20;20,5;20,2;20,1;20,4;20,1;20,2;20,4;20,2;19,5;20,5;20,5;19,8;20,2;19,9;20,5;19,8;20,7;20;19,8;20;20,7;20;20,5;20,1;20;20,2;20,2;19,8;20,1;20;20,4;20,1;20;20,9;19,9;20,4;20,4;20,7;20,2;20,5;20,4;20,5;20,2;20,1;20,5;20,6;20,4;20,2;20,2;20,4;20,1;19,8;19,8;20;20,2;20;20,2;20;20,2;20,5;20,2;19,8;19,8;20,5;20,7;20,4;20,6;20;20,2;20,2;20;20,6;20,6;20,4;20,1;19,6;19,9;20;19,8;20,2;20,6;19,8;19,9;20,2;20,1;20,2;19,9;20,1;20,1;20,1;20,4;20,4;19,9;20,2;19,9;20,1;20,1;20,7;19,5;20,1;20,4;19,5;20,5;19,9;20;20;20,2;19,8;20;20,4;19,9;20;19,9;20,4;20,4;20,121,9;21,5;21,5;21,6;21,5;21,5;21,6;21,8;21,4;21,8;21,4;21,9;21,4;21,4;22;21,8;21,1;21,5;21,8;21,5;21,5;21,5;21,5;21,4;21,4;21,5;21,4;21,4;21,5;21,5;21,1;20,9;21,1;20,7;21,2;21,1;21,2;21,2;20,9;21,1;20,7;21,2;20,7;21,2;20,7;20,8;20,9;20,4;21,2;20,9;20,9;20,8;21,5;20,7;21,2;20,9;20,7;20,8;21,2;20,7;20,6;20,7;20,8;20,6;20,5;20,7;20,6;20,7;20,7;20,9;21,1;20,7;20,4;20,7;20,9;20,9;20,7;20,7;20,4;20,7;20,5;20,5;20,1;20,4;20,9;20,8;20,5;20,4;20;20,4;20,2;20,4;20,7;21,1;20,6;20,4;20,5;20,4;20;20,8;20,4;20,6;20,6;20;21,1;19,8;20;20,5;20,9;20,7;19,9;20,2;20,7;19,9;20,5;20,5;20,2;20,5;20,2;19,9;20;20;20,1;20;20,4;20,5;20,8;20,7;20;20,1;20,5;20,6;20,4;20,5;20,1;20,6;20,6;20,6;20,6;20,5;20,7;20,1;20,4;20,6;20,5;20;20,1;20,2;20,5;20,7;20,6;20,5;20,2;20,5;20,4;20,9;20,4;20,4;20,2;20,8;21,1;20,5;20,6;20,5;20,7;20,2;20,5;20,1;20,4;20,1;20,6;20,4;20,4;20,2;20,2;20,1;20,4;20,6;20,6;20,1;20;20,4;20,1;20,6;20,1;20,5;20,4;20,7;20,2;20,1;19,8;20,4;20,9;21,5;23,9;26;26,2;26,3;26,4;26,6;26,8;28,6;29,5;30,6;30,9;31,1;30,7;31,3;31,2;31,6;31,3;32;32,4;33,3;32,9;32,7;32,8;32,7;33,2;32,9;32,7;32,7;32,7;32,8;33,1;33,1;33,2;33,2;33;33;33,1;32,9;32,6;32,6;32,7;32,8;33,1;32,9;32,6;32,7;32,9;32,8;32,6;32,2;32,5;32,6;32,4;32,6;32,8;32,4;32,5;32,8;32,5;32,8;32,8;32,8;32,8;33,4;33,1;32,5;32,8;33,2;33,5;33,1;33,9;33,9;33,4;34,2;34,9;34,6;35;35,1;35,5;35,6;36,2;36,8;37,6;38,3;38,7;39,3;40,4;39;34,7;29,3;25,8;24,8;25,8;29,1;34,6;39,8;42,2;41,6;40,8;39,8;39;38;37,2;37,1;36,1;35,7;35,2;34,7;34,3;33,8;33,6;33,3;33,5;33;32,7;32,6;31,6;31,8;31,3;31,4;31;31,2;31,4;31,2;31,2;31;31,2;31,5;30,6;31,3;30,4;30,8;31,1;31,3;31,2;30,6;31,4;31,3;31,3;31,3;31,4;31,4;31,4;31,5;31,3;31,7;32,2;32,7;32,2;32,6;33,1;33,2;33,5;33,9;34,5;34,5;34,9;35,4;35,9;36,9;37,7;38,6;39,5;40,7;41,5;43,1;45;45,2;43,6;40,9;38,5;36,5;35,8;34,3;32;29,3;27,4;26,1;26,1;27,6;32,4;36,4;39,1;40,5;40,1;40,2;40,2;39,5;39,4;39;39,2;38,7;38,9;38,5;38,8;38,7;38,7;39,2;39,2;39,5;39;39,2;39,3;39,2;39,1;39,4;39,4;38,9;38,6;38,6;38,5;38,4;37,9;37;37,2;37;36,6;36,4;36;35,8;35,4;35,1;35;34,9;34,4;34,1;34,3;34,6;34,2;34,1;34,5;34,2;34,1;34,5;34;34;33,8;34;33,4;33,3;33,2;33,8;33,7;33,6;33,7;33,1;32,9;32,2;31,8;32;31,6;30,9;31;30,6;30,3;30,8;30,9;30,4;30,4;30,5;29,3;28,5;27,6;26,8;26,3;26,2;25,8;24,8;23;22,2;21,2;20,7;20,6;20,6;20,6;20,2;20,5;20,7;20,2;20,9;20,6;20,4;20,4;20;20,6;20,8;20,7;20,1;20,4;20,4;20,1;20,2;20,5;20,8;20,2;20,4;20,2;20,8;20,6;20,1;20,5;20,4;20,2;20,7;20,9;20,7;20,4;20,2;20;20,4;19,9;20,2;20,6;20,4;20,4;20,5;20,4;20,2;20,1;20,4;20,1;20;20,1;20,2;19,6;20,1;20,2;20;20,2;20,6;20;20,1;20,6;19,9;20,7;19,4;20,7;20,1;20,6;19,9;19,8;19,9;20,2;19;20,5;20,2;20,6;20,8;19,6;20,4;20,7;20,2;20,2;20,1;20,1;20;20,7;19,5;20,1;19,2;20,4;19,4;20;20,5;20,4;20,5;20,1;20;19,9;20,5;20,4;20,5;20,2;19,9;20;20,6;20,4;19,9;19,6;19,6;20,1;20,4;20;20,1;20,4;20,1;20,2;19,9;20,1;20,4;20,6;20,1;19,6;20,6;20,4;20,4;20;19,9;20,1;20,1;19,6;20,6;20,4;20;20,1;19,9;20,4;19,9;20,2;20,4;20,2;19,9;20;20,4;20,2;20,1;20,2;20,5;20,4;20,1;20,5;20,8;20,1;19,9;20,1;20,1;20,1;20,5;20,4;20,1;20,4;20,1;20,2;20;20;19,4;20,2;19,9;19,8;20;19,9;20,1;20,7;20,1;19,9;20,421,8;21,8;21,5;21,5;21,6;21,4;21,8;21,9;20,8;22;21,8;21,1;21,8;21,5;21,6;21,4;21,5;21,5;21,8;20,9;21,4;21,5;21,5;21,2;21,1;21,4;21,5;21,6;21,2;21,2;21,2;21,1;20,9;21,2;21,4;21,1;21,1;20,9;20,7;20,8;20,8;21,1;21,1;21,2;20,9;21,1;20,7;20,5;21,1;21,1;20,6;21,1;21,2;20,8;21,1;20,9;20,8;20,8;21,4;21,1;20,6;20,6;20,7;20,7;20,7;20,7;20,8;20,9;21,1;20,8;20,8;20,8;20,8;20,9;21,1;20,9;20,7;20,5;20,1;20,4;20,2;20,8;20,6;20,7;21,4;20,7;20,1;20,9;20,4;20,7;21,2;20,7;21,2;20,4;20,4;20,7;20,7;20,7;21,2;20,9;20,9;20,9;20,2;20,4;20,5;20,6;20,6;20,6;20,7;20,4;20,4;20,1;20,4;20,6;20,6;20,7;20,4;20,5;21,2;20,4;20;20,7;20,4;20,2;20,7;20,2;20,5;20,8;20,6;20,6;20,8;20,4;20,7;20,6;20,6;20,4;20,7;20,9;20,8;20,8;20,7;20,6;20,8;20,7;20,7;20,5;20,5;20,6;20,7;20,6;20,6;20,8;20,2;20,7;20,2;20,6;20,4;20,4;20,5;21,1;20,7;20,6;20,8;20,1;21,1;20,5;20,5;20,4;20,2;20,5;20,5;20,5;20,4;20,6;20,2;19,9;20,1;20,6;20,4;20,2;20,2;19,9;20;20,8;20,6;20,6;20,4;20,2;20,1;20,1;19,9;20,7;20,6;21,4;24,6;26,2;26,4;26,3;26,4;26,6;27,3;28,4;29,7;30,6;30,8;31,4;30,9;31,6;31,2;31,6;31,8;32,2;32,5;33,3;33;33;33;32,8;33;32,9;33;33;32,9;32,9;33,2;33;33,3;33,2;33;33;33,1;32,9;32,9;33,1;33,1;33;32,8;32,6;32,9;33,1;32,7;32,6;32,5;32,2;32,2;32,1;32,4;32,5;32,4;32,2;32,4;32,8;32,9;33,1;33;32,7;33,2;33,4;32,5;33;33,6;33,1;33,3;33,4;33,7;33,9;34,2;33,7;34,2;34,6;34,6;35,6;35,8;36,4;36,5;37,5;37,1;38,2;39;40;40,1;39,3;34,7;28,7;25,4;25;26,1;29;34,7;40;41,8;41,6;40,8;39,5;38,9;38,2;37,5;36,9;36,5;35,9;34,7;34,3;34,2;33,8;33,7;33,7;33,3;33;32,6;32,2;32,5;32,2;31,4;31,6;31,4;31,5;31,3;31,2;30,7;31,3;31,7;31,5;31;31,6;31;31,1;31,6;31,7;31,6;31,8;31,4;31,3;31,6;31,4;31,5;32,1;32;32,2;32,6;32,7;32,8;32,8;32,7;33,1;33,5;33,7;33,8;34,1;34,4;34,7;35,5;35,9;36,3;36,7;37,9;38,8;39,9;41;41,9;43,4;44,9;45,7;43,3;40,8;39;37,4;36,1;34,6;32,5;29,4;27,5;26,6;26,4;27,2;32,6;36,6;39;40;40,4;40,1;39,9;39,4;38,9;38,9;39;38,8;38,7;38,6;38,6;38,7;38,7;38,5;38,5;38,4;38,5;38,9;38,6;38,3;38,4;38,5;38,5;37,9;37,7;38;37,5;37,1;36,8;36,7;36,9;36,7;36,4;36;35,6;35,4;35;35;34,9;34,9;34,7;34,4;34,4;34,7;34,5;34,6;34,5;34;34,2;33,9;33,9;34,2;33,7;33,7;33,4;33,7;33,1;33,4;34;33,4;33,4;33,2;32,7;32,2;32;32;31,6;31,2;31,2;31,2;30,6;30,8;30,9;30,5;30,4;30,6;29,4;28;27,5;26,8;26,5;26,6;26,1;24,6;23,4;22,5;20,8;20,7;20,6;20,6;20,8;20,4;20,4;20,7;20,5;21,1;20,4;20,2;20,6;20,2;20,2;20,8;20,5;20,2;20,7;20,5;20,5;20,5;20,6;21,1;20,2;20;20,2;20,8;20,2;20,2;20,5;20,2;20,2;20,1;20,5;20,8;20,7;20,8;20,2;20,5;20,4;20;20,2;20,6;20,9;20,5;20,4;20,6;20;20,4;20,5;20,5;20,6;20,9;20,5;20,5;20,2;20,7;20,7;20,8;20,4;20;20,2;20,6;20,5;20,5;20,4;20,5;20,2;20,4;20,6;19,8;20,5;20,5;20,4;20,1;20,1;20,8;19,6;20,9;20,4;20,2;20,5;20;20,6;19,8;20,7;20,6;19,8;20,6;20,5;20,1;20,4;20,5;21,2;19,6;20,5;20,6;20,2;20;19,6;19,5;20,2;20,8;20,2;20,2;20,1;20,1;20;20;20,5;21,1;20,6;20;20,2;20,2;20,1;20,2;20,1;20;20,7;20,1;19,8;20,4;20,1;20,4;19,8;20;20,1;20,1;20;20,2;20,6;20,6;20,8;19,9;20,4;20,1;20,5;20,2;19,9;19,9;19,9;20,5;20,5;20,1;20,1;20,4;20,5;20,6;20,4;20,5;20;20,1;20,4;20,1;20;20,8;20,5;20,2;19,5;20,7;19,2;20,6;19,8;20;20,4;20,2;20,5;20,5;20;19,9;20,1;20,5;20,5;20,621,5;21,6;21,8;21,5;21,5;21,5;21,6;21,8;21,8;20,7;21,2;21,6;21,2;21,5;21,6;20,8;21,4;21,5;21,2;21,1;21,5;21,5;21,5;21,4;21,5;21,6;21,4;21,5;21,2;20,8;21,1;21,4;21,1;21,1;21,4;20,9;20,8;20,8;20,7;21,1;21,2;20,7;21,2;20,8;20,8;21,4;20,7;20,8;21,1;21,2;20,6;21,1;20,7;20,7;21,1;21,1;20,9;20,5;20,8;20,8;20,9;20,5;20,5;20,5;20,6;20,5;20,5;20,6;20,6;20,8;20,8;21,2;20,8;20,9;20,7;20,7;20,6;20,6;20,5;20,9;20,8;20,6;21,1;20,4;20,6;20,8;20,2;20,6;20,1;20,6;20,7;20,8;20,4;20,6;19,8;21,2;21,1;20,8;20,8;20,7;21,2;20,5;20,7;20,6;20,7;20,1;20,7;20,7;19,9;20,6;19,8;20,7;20,6;20,2;20,6;20,1;19,9;19,8;20,4;20,4;20,4;20,6;20,4;20,1;20,6;20,7;20,5;20,5;20,5;20,4;20,6;20,2;20,5;20,4;20,7;20,6;20,7;20,7;20,6;20,5;20,5;20,4;20,6;20,7;20,6;20,4;20,4;20,5;20,1;20,4;20,5;20,8;20,4;20,4;20,1;20,6;20,5;20,2;20,4;20,7;20,6;20,6;20,7;20;20,6;20,7;20,2;20,2;20,5;20,7;20,5;20,7;20,5;20,8;20,5;20,1;20,2;20,4;19,9;20,4;20,5;20,4;20;20,6;20,6;20,5;20,1;20,2;20,2;20;20,2;20,2;20,7;21,4;24,5;26,1;26,6;26,4;26,4;26,8;27,1;28,5;30;30,5;30,8;31;31,3;31,5;31,5;31,6;32,1;32,4;32,5;33,3;33,1;33,1;33,1;32,9;33,4;33,2;33,2;33;33,3;33,4;33,4;33,3;33,2;32,9;33,1;33,5;33,1;32,9;32,9;33,1;32,9;33;33,2;33,1;33;33,1;33,1;32,7;32,6;32,7;32,6;32,6;32,7;32,7;32,7;32,2;32,9;32,9;32,8;32,8;32,7;32,8;33,3;33,5;33,1;33,2;33,7;33,2;33,3;33,9;33,5;34;34,7;34,2;34,6;34,5;35,2;35,4;36;36,2;36,8;36,8;37,7;38,6;39,2;40;40,5;39,3;35,1;29,2;25,6;25,3;26;29,2;35,3;40,6;42,6;41,7;40,8;40,2;39,3;38,4;38,1;37,7;36,7;35,9;35,1;34,9;34,6;34,3;34,1;33,9;33,5;33,2;33,1;33;32,8;32,5;32,2;32;32,1;31,8;31,8;32,4;32;31,7;31,5;31,7;31,2;31,3;32,4;31,6;32;31,7;32;31,4;31,5;32;31,8;32;32,2;32,2;32,2;32,4;32,6;32,8;32,9;32,9;33,1;33,5;33,6;33,7;33,8;34,2;35,1;35,4;35,6;36;36,7;37,5;38,4;38,9;39,9;41,2;42,3;42,9;44,8;45,7;43,9;41;39;37,5;36,2;35;32,6;29,5;27,9;26,8;26;27,5;32,2;36,3;39,3;39,9;40,7;39,8;39,9;39,4;39,1;39,1;38,8;38,7;38,6;38,4;38,1;38,5;38,5;38,3;38,2;38;38,2;38,2;38,2;38,2;38;37,8;37,9;37,7;37,2;37,1;37;37;37;36,5;36,2;36,2;36;35,7;35,2;35,3;35;35,2;35,1;34,6;34,4;35;35;34,7;34,6;34,6;34,3;34,4;34;34,1;33,9;34,4;33,6;33,8;33,7;33,6;33,3;33,8;34,4;33,6;33,4;33,3;32,8;32,5;32,2;31,7;31,8;31,6;31,2;31,4;31,1;30,8;30,9;30,6;30,4;30,8;29,4;28,5;27,3;27,1;26,6;26,5;26,2;24,8;23,3;22,5;21,1;21,2;20,8;20,5;21,1;20,7;20,1;20,5;20,6;21,1;20,2;20,1;20,2;20,5;20,5;20,5;20,4;20,2;20,7;20,5;20,6;20,6;20,5;20,6;20,2;20,8;20,4;20,8;20,2;20,6;20,4;20,4;20,2;20;20,6;20,8;20,5;20,8;20,4;20,1;20,5;20,5;20,2;20;20,5;20,5;20,6;20,5;20,2;20,6;20,4;20,5;20,6;20,5;20,1;20,2;20,5;19,6;20,1;20,4;20,4;19,6;20,6;20,6;20,1;19,9;19,4;20,4;19,8;20;20,7;19,9;20,1;20,1;20,5;19,5;20,1;20,7;20,8;20,1;20,2;20,8;20;19,3;20,1;20,2;20,2;20,2;20,1;20,1;19,9;20,6;20,2;20,5;20,4;20,2;20,2;20;20,1;19,9;19,9;20,5;20,5;20,6;20,5;20,7;20,7;20,6;20,2;20;20,2;20,4;20,6;20,6;20,5;20,2;20,2;20,1;20,2;20,1;20,6;20,4;20,1;20,2;20,1;20,4;20;20;20,1;20,1;20,4;19,9;20,7;20,8;20,8;20;20,1;20,2;20,6;20,2;20,1;20,1;20,5;20,6;20,5;20;20,2;20,1;20,6;20,5;20,2;20,5;20;20,1;20,7;20,5;20,1;20,2;20,1;20,6;20;20,6;19,6;20,6;20,4;20,4;19,8;20,2;19,8;20,4;20,5;20,7;20,2;19,6;20;20,221,5;21,4;21,4;21,6;21,4;21,1;21,4;21,5;20,9;20,6;20,9;21,1;21,1;21,2;22,3;20,9;21,4;21,2;20,9;20,8;20,9;21,2;21,4;21,4;21,4;21,2;21,2;21,4;21,4;21,1;21,1;21,2;21,4;20,8;21,2;20,9;20,9;20,8;21,4;21,4;21,4;20,6;21,1;20,9;21,1;21,2;20,8;20,8;20,7;21,2;20,5;20,7;20,9;20,6;20,9;21,1;20,9;20,5;20,7;20,7;20,6;20,5;20,4;20,8;20,9;20,6;20,5;20,7;20,7;20,5;20,5;20,8;21,2;20,4;20,5;20,6;20,8;20,6;20,6;20,5;20,5;20,9;20,4;20,1;20,6;20,4;20;20,6;20,4;20,5;20,8;20,2;20,7;20,6;20,6;20,5;20,8;20;20,7;20,4;20,6;20,9;20,4;20,5;20,6;20;20,2;20,5;20,4;20,7;20;20,6;20,1;20,1;20,4;20,4;20,6;20,1;20,6;20,5;21,1;20,6;20,5;20,9;20,7;20,2;19,9;20,2;20,4;20,2;20,4;20,2;20,5;20,7;20,5;20,4;20,4;20,4;20,6;20,5;20,7;20,5;20,7;20,6;20,5;20,2;20,5;20,6;20;20,5;20,4;20,7;20,4;20;20,5;20,5;20,8;20,5;20,4;20,5;20,7;20,4;20,5;20,5;20,4;20,5;19,9;20,1;20,6;20,7;20,2;20,2;20,5;20,5;20,4;20,1;20,4;20,2;19,8;20,2;20,5;20,6;20,2;20,4;20,2;20,4;20,1;20,4;20,4;19,8;20;20;20,7;21,5;23,8;25,7;26,6;26,6;26,6;27,1;27,2;28,7;30,2;30,7;30,7;31;31,4;31,3;31,6;31,8;31,8;32,4;32,7;33;33,1;33,4;32,9;33,1;33,4;33,2;33,3;33,3;33,3;33,3;33,3;33,2;33,1;33,1;33,2;33,2;32,9;32,8;33,3;33,3;33,2;33,1;32,9;33;32,8;32,7;32,6;32,6;32,9;32,8;32,6;32,9;32,6;32,6;32,8;32,7;32,8;32,8;32,9;32,8;33,1;33;33,5;32,8;32,9;33,5;33,2;33,3;33,5;33,8;34,2;33,9;34,4;34,3;34,1;34,6;34,9;35,6;35,5;36;36,5;37,2;37,7;38,3;39,6;40;40,7;39,2;34,5;28,9;25,7;25;26,1;29,1;34,7;39,9;42,3;41,9;41;40,3;39,6;38,7;37,9;37,2;36,4;36;35,4;35;35;34,6;34,1;33,7;33,8;33,4;32,9;33;32,8;33,2;32,6;32,1;32,4;32;32;32,2;32,2;31,8;31,7;31,8;31,2;32,1;31,8;31,2;31,7;31,8;32;31,8;32,1;32,4;31,5;32,5;32,2;32,2;32,4;33;32,9;32,8;32,7;33;33,3;33,5;33,9;34,3;34,4;34,6;34,9;35;35,6;36;36,7;37,7;38,3;39;40;41,2;41,9;43,5;45,4;46;43,5;40,8;38,6;37,9;35,9;35,1;33,2;30,3;26,8;26,7;26,1;27,3;32,7;36,6;39,1;40,2;40,2;39,2;39,8;39,3;39,2;38,7;38,7;38,6;38,1;38,4;38;37,7;37,8;38,1;38,5;38,1;37,7;37,2;37,5;37,8;37,7;37,2;36,8;36,9;37,1;37;36,9;36,6;36,5;36,1;35,9;35,7;35,4;35,3;35,2;35,1;35;34,9;34,5;34,6;34,5;34,7;34,5;34,4;34,4;34,3;34,5;34,2;34,1;33,9;33,7;34,1;33,6;33,9;33,4;33,4;33,5;33,9;34,5;33,9;33,3;33,1;32,8;32,6;32;31,6;31,5;31,8;31,1;30,8;30,9;30,9;30,9;30,5;30,2;30,3;29,5;28,5;27,3;27,4;26,3;26,3;26,2;25,3;23,1;22,9;21,2;21,2;20,9;20,7;20,9;20,7;19,9;20,4;20,7;20,8;20,2;20,1;20,4;20,2;20,8;20,7;20,7;20,5;20,2;20,1;20,5;20,4;20,6;20,5;20,4;20,7;20,6;20,6;20;20,5;19,9;20,5;20,4;20,6;20,7;20,7;20,7;20,7;20,8;20,8;20,5;20,7;20,8;20,7;20,5;20,6;20,1;20,1;20,2;20,4;20;20,4;20,7;20,8;20;20,4;20,4;20,6;20,5;20,4;20,5;20,1;20,2;20,4;20,5;19,6;20,4;19,9;19,6;20,7;21,2;20,2;20,1;19,4;20,7;19,8;20,5;21,2;20,1;19,5;20,1;20,2;20,2;19,5;20;20,8;20,1;19,6;20;19,6;20,1;20,7;20,7;20,4;19,6;20,4;20,4;20,1;20,8;20,8;20,4;20,1;20,4;20,2;20,1;20,4;20,4;20,1;20,6;20,4;19,9;19,9;20;20,6;20,7;20,2;20,2;20;20,4;20;20,2;20,4;20,2;20,2;20,1;20,1;20;20,1;20,1;20,2;20,7;20,2;20,2;20,6;20,2;20,2;20,5;20,4;20,7;20,2;20,1;20,2;20,5;20,4;20,1;20;20,2;20,1;20,4;20,2;20,2;20,2;20;20,1;20,7;20,5;20;20,2;19,9;20;20,5;20,5;19,8;20,4;20,1;19,8;20,4;20;19,8;20,1;20;19,8;19,9;20,1;20,1;20,121,4;21,4;21,8;21,6;21,4;21,6;21,5;21,2;21,2;20,9;21,6;21,1;21,6;21,2;21,6;21,1;21,6;21,4;21,6;21,2;21,1;20,9;21,1;20,8;20,8;21,2;21,4;21,4;21,4;21,4;21,1;20,8;20,9;20,9;21,1;21,5;20,9;20,6;21,2;21,2;20,9;20,5;20,8;21,4;21,2;20,6;20,5;20,6;20,9;20,9;20,7;20,8;21,2;20,8;20,9;20,8;20,8;20,7;20,9;20,9;20,8;20,5;20,4;20,5;20,7;20,8;20,7;20,6;20,4;20,2;20,7;20,6;20,7;20,8;20,7;20,7;20,8;20,6;20,5;20,4;20,8;20,5;20,4;20,6;21,1;20,4;20,2;20,7;20,5;20,1;20,1;20,6;20,6;20,5;20,6;20,2;20,5;20,4;20,4;20,6;20,8;20,2;20,5;20,5;20,6;20,4;20,1;19,9;20,7;20,2;19,5;20;20,2;20,2;20,2;20,6;20;20,2;20,4;20,4;20;19,9;20,1;20,8;20,8;20,5;20;19,9;19,9;20,9;20,6;20,5;20,4;20,7;20,4;20,6;20,7;20,8;20,6;20,4;20,5;20,2;20,4;20,2;20,5;20,4;20,7;20,5;20;20,5;20,5;20,5;20,2;20,4;20,5;20,5;20,5;20,5;20;20,5;20,7;20,9;20,5;20,7;20,6;20,2;20,2;19,9;20,1;20,6;20;20,2;20,2;20,5;20,1;20,2;20,1;20,5;19,9;20,2;20,4;20,5;20;20,2;20,2;20,6;20,1;20,2;20,1;20,1;20;20,2;20,6;21,8;23,9;26;26,3;26,5;26,8;27,1;27,3;28,8;30,4;30,5;30,7;31,1;31,2;31,5;31,5;32,1;31,8;32,7;32,7;33,1;33,2;33,2;33;33,5;33,4;33,3;33;32,9;33,2;33,2;33,3;33,2;33,1;33,2;33;33,4;33,7;33,7;33,4;33;33,1;32,7;32,8;33;32,9;33,1;33;32,8;32,8;32,6;32,9;32,9;32,9;33,2;33,1;32,8;32,8;32,7;32,9;32,9;33,3;32,6;33,2;33,2;33;33,4;33,6;33,7;33,9;33,5;33,9;34,1;34,2;34;35,1;34,9;34,6;35,3;35,9;36,2;37,1;37,2;38;38,5;39,6;40,6;40,9;39,8;34,9;28,9;25,7;24,7;25,8;29,2;35;40,1;42,4;42,5;41,4;40,3;39,3;38,7;38,1;37,5;37,1;36,4;35,5;35,2;34,9;34,1;34,1;34,1;33,8;33,6;33;33,1;32,8;32,6;33,1;32,9;32,1;32,2;32,5;32;32;31,7;32,7;32,1;31,6;32,5;31,7;31,8;31,8;31,8;32,5;31,7;32,4;32,4;32,9;32,6;32,7;32,9;33;33,5;32,9;33;33,3;33,6;33,5;33,7;34;34,4;34,5;34,5;35,1;35,3;35,8;36,2;36,8;37,9;38,6;39,1;40,5;41,4;42,7;43,5;44,8;45,7;44;40,7;38,6;37,8;36,4;34,4;32,4;30,2;27,3;26,1;26,4;27,4;32,9;36,7;39,4;40,3;40,5;40,2;39,9;39,4;39;38,7;39;38,7;38,4;38,4;38,1;38,2;38,1;38,1;38;37,7;37,7;37,4;37,5;37,6;37,2;37;37,2;37;36,7;36,6;36,2;36,1;35,8;35,4;35,5;35,7;35,4;35,2;35,3;35,1;34,9;34,2;34,4;34,6;34,4;34,9;34,4;34,5;34,5;34,2;34,9;34,1;34,2;34,1;33,9;33,8;34;33,9;33,5;33,6;33,5;34,1;34,1;34;33,5;32,5;32,7;32,6;32,2;31,5;31,4;31,7;31,2;31;31;31;30,9;30,4;30,2;30,4;29,5;28,2;27,4;27,4;26,3;26,5;26,3;25,4;23;22,9;21,5;20,9;20,9;20,5;20,5;20,7;20,1;20,9;20,5;20,5;20;20,1;20,6;20,1;20,8;20,6;20,6;20,5;20;20,5;20,5;19,9;20,1;20,6;20,4;20,2;20,6;20,8;20,1;20,4;20,1;20,5;20,1;20,2;20,4;20,5;20,5;20,5;20,1;20,2;20,5;20,5;20,6;20,7;20,2;20,4;20,2;20,1;20,1;19,6;20;20,7;20,5;20,2;20;20,1;20,4;20,2;20;20,4;20,1;20,4;20;20,5;20,2;20;20,6;20,6;20,4;20,4;21,1;20,1;20;19,9;20,6;20;20;19,6;20;20,1;20,5;19,8;20,4;20;20,6;20,5;20,1;19,2;20,2;20,4;19,6;20,2;19,4;20,8;20,5;20,5;20,1;20,8;20,6;20,2;19,9;20,5;20,6;20,2;20;20,2;20,2;20,1;19,6;20,1;20,8;20,6;20,1;19,9;19,8;20;20,1;19,9;20;19,8;20,1;20,2;20,2;20;20,2;20,1;19,9;20,1;20,2;20,2;20,5;20,5;20,4;20,4;20,2;19,9;20,4;20,1;20,5;20,4;19,9;20,2;20,6;20,2;19,9;20;20;20,4;20,1;20,1;20,4;20,6;20,1;19,8;20,1;19,9;19,6;20,4;20,5;20,1;20,5;20,1;20,1;20,6;19,9;19,8;19,5;20;20;20,6;20,1;19,9;20;20,2;20;20,221,4;21,2;21,6;21,6;21,5;21,6;20,9;21,9;22,2;22,5;21,9;21,2;20,7;21,2;21,4;21,2;21,4;21,8;21,8;21,1;20,9;21,2;21,4;21,2;21,1;21,1;21,4;21,1;21,1;21,4;21,2;20,9;20,8;21,1;21,2;20,8;20,8;20,7;20,6;21,1;21,1;20,7;20,9;21,1;20,9;20,4;20,8;20,6;21,5;20,9;20,9;21,1;20,8;20,7;20,9;20,8;20,6;20,5;20,9;20,7;20,6;20,9;20,8;20,7;20,9;20,8;20,8;20,8;20,5;20,7;20,5;20,5;20,6;20,6;20,4;20,6;20,7;20,8;20,5;20,7;20,7;20,8;20,7;20,5;20,8;20,1;20,2;20,4;20,1;20,5;20,5;20,4;20,4;21,1;20,2;20,4;20,7;20,6;20,8;20,8;20,5;20,7;20,9;20,6;20,2;20,6;20,5;20,1;20,1;20,1;20,2;20,2;20,2;20,2;20,2;20,9;20,7;20,2;20,9;20,1;20,4;20,5;20,1;20,1;20,2;20,2;20,2;20,5;20,4;20,6;20,4;20,5;20,4;20,4;20,2;20,5;20,5;20,7;20,5;20,2;20,2;20,4;20,5;20,6;20,4;20,2;20,5;20,4;20,4;20,4;19,9;20,1;20,1;20,5;20,4;20,5;20,6;20,5;20,2;20,5;20,6;20,9;20,4;20,2;20,5;20;20,4;20;20,2;20,4;20,1;20,6;19,9;20,5;20,1;20,1;20,1;20,7;20,2;20,4;20,1;20,4;19,9;20,5;20,1;20,5;19,8;20,1;19,8;20,4;19,9;20,4;20,6;21,8;24,3;26,3;26,4;26,5;26,8;27,2;27,4;28,6;30,6;30,7;30,8;31,1;31;31,4;31,5;32,2;31,8;32,4;32,6;33,4;33,2;33,3;32,8;33,3;33,1;33,2;33,1;32,8;33,3;33,3;33,3;33,2;33,2;33,4;33,4;33,3;33,3;33,1;32,9;33;33,1;33,1;33,3;32,9;32,8;32,8;32,7;32,9;32,9;32,7;32,4;32,6;32,7;32,7;33,1;33,2;32,8;33,1;32,9;32,6;33,2;32,6;33,3;33,2;33,3;33,7;33,5;33,8;33,5;33,6;34;34,1;34,3;34,1;34,9;35;34,9;35,5;35,9;36,1;36,9;37,6;37,9;39,1;39,6;40,6;40,8;39,4;35;28,8;25,3;24,7;25,5;28,7;34,2;40,1;42,7;42,7;41,7;40,4;39,3;38,8;38;37,6;36,9;36,2;35,4;35,3;34,9;34,4;34,3;34,2;33,9;33,8;33,4;33;33,1;33,8;32,9;32,5;32,6;32,6;32,2;32,9;32,2;32,6;32;32,4;32;32,1;32,2;31,7;32,6;32,2;32,5;32;32,1;32,2;32,4;32,9;33;32,6;32,5;32,9;32,9;32,7;33,1;33,5;33,8;33,7;33,8;33,9;34,1;34,9;35,3;35,4;36;36,5;36,8;37,2;38,3;39,1;40,1;41,2;42;43,6;45,5;46;43,6;40,8;39,6;37,8;36,2;34,5;32,5;28,9;28,1;26,8;26,4;27,5;32,6;36,9;39;40,2;40;39,9;39,1;39;38,3;38,4;38;38,9;38,2;38,2;38;37,7;37,6;37,6;37,6;37,2;37,2;37,4;37;37;37,2;36,7;36,6;36,3;36,3;36,3;35,9;35,8;35,6;35,2;35,3;35,3;34,9;34,7;35,1;35;34,6;34,4;34,5;34,4;34,4;34,7;34,6;34,4;34,1;34,3;34,5;34,7;34,3;34,2;34,1;33,8;33,7;33,6;33,6;33,9;33,4;34;33,7;33,8;33,1;32,8;33;32,5;32,2;31,8;31,5;31,5;30,9;30,9;31,1;30,8;30,7;30,3;30,2;30,6;29,3;28,2;27,5;26,8;26,3;26,5;26;25,2;23,1;22,6;21,8;21,1;20,8;20,2;20,5;20,6;19,9;20,7;20,6;20,6;20,1;20,4;20,6;20,1;20,5;20,4;20,7;20,4;20,6;20,5;20,5;19,9;20;20,5;20,4;20,4;20,8;21,2;20,6;20,4;20,4;20,5;20,4;20;20,4;20,5;20;20,5;20,5;20,2;20,4;20,1;19,9;20,1;19,9;20,1;20,4;20,1;20,4;20,2;20,1;20,6;20,7;20,6;20,1;20,4;20,4;20,4;20;20,2;20;20,5;20,4;20,2;20,9;19,3;20,5;19,6;20,1;19,8;20,7;20,1;19,8;19,9;20,4;19,6;19,9;20,5;20,4;20,9;19,6;20,1;20,5;19,6;20;20;19,9;20;19,6;20,4;20,2;20,8;19,8;21,1;20,2;20,4;20,4;20,4;20,4;20,5;19,9;20;20,4;20,6;20,1;20,2;20,2;20,1;20;20;20,6;20,5;20,2;20,2;20;19,8;19,9;20;20,1;20;20,4;20,1;19,8;20;20,6;20,6;20,1;20;20,4;20,2;20,4;20,5;20,6;20,2;20,4;19,8;20,2;20;20,8;20,6;20;20,6;20,7;20,5;20,1;19,8;20,1;20,2;20,2;20,6;20,4;20,4;20,5;19,9;20,1;20;20,1;20,5;20;20;20,5;20,5;20,4;20,1;19,8;20,2;20,4;19,8;19,9;20,4;20,2;20,7;20,6;20,1;19,9;19,821,6;22;22;21,6;21,5;21,5;21,1;21,1;21,2;21,5;21,6;21,1;21,5;20,9;21,8;21,1;21,6;21,4;21,5;20,9;21,2;21,5;21,4;21,4;20,9;20,9;21,1;20,9;20,7;20,7;21,1;21,1;21,1;21,2;21,1;20,7;21,4;20,9;20,7;21,1;21,2;21,2;21,1;20,9;20,8;20,4;21,1;20,8;21,2;20,9;21,1;20,8;20,5;20,4;20,8;20,8;20,8;20,7;20,8;20,6;20,4;20,4;20,5;20,7;20,9;21,2;21,1;20,6;20,7;20,7;20,8;20,8;20,5;20,6;20,6;20,6;21,4;20,9;21,1;20,7;20,5;20,5;20,2;20,8;20,9;20,4;20,2;20,2;20,2;20,9;20,7;20;20,9;20,5;20,4;20,7;20,6;20,6;20,6;20,6;20,6;20,4;20,9;20,2;20,7;20;19,9;19,9;20,1;20,4;20,1;20,2;20,2;20;20,5;20,5;20;20,7;20,8;20,4;20,4;20,1;20,5;20;20,4;20,8;20,6;20,5;20,7;20,5;20,5;20,6;20,8;20,7;20,7;20,5;20,6;20,4;20,1;20,5;20,5;20,5;20,4;20,4;20,1;20,2;20,6;20,2;20,6;20,5;20,1;20,2;20,4;20,5;20,4;20,4;20,7;20,5;20,1;20,4;20,6;20,5;20,1;20,1;20,5;19,9;20,1;20,4;20,2;20,1;20,1;20,7;19,8;20,4;20,5;20;20,1;20,7;20,5;20,6;20,2;20,4;19,9;20,6;19,9;20,5;20;20,1;19,9;20,4;19,9;20,4;20,6;21,6;24,7;26,6;26,7;26,6;26,7;27,3;27,7;28,9;30,3;30,9;31;31,1;30,8;31,4;31,6;32,5;32;32,5;32,4;33,1;33,2;33,5;33,2;33,3;33,1;33,2;33,3;33,4;33,4;33,2;33;33;32,9;33,2;33,3;33,3;32,6;33;33,5;33,3;33,4;33,3;33,1;33,2;33;33;33,2;33;33;33,1;32,7;32,9;33;33;33,2;33,1;33,1;32,9;33;32,9;32,8;33;34;33,1;32,9;33,7;33,5;33,7;34;34,4;34;34,2;34,4;34,4;35,1;35,1;35,2;35,8;36,1;36,9;36,6;37,7;38;39,1;40,1;40,7;41,3;40;35;28,9;25,3;24,8;26,2;30,2;35,6;40,5;42,9;42,7;41,5;40,5;39,8;38,9;38;37,6;37,2;36,2;35,5;35,2;35;34,5;34,5;34,1;33,8;33,6;33,9;33,6;33,3;33,4;33,1;32,6;32,8;33,1;32;32,8;32,6;32,1;31,8;32,8;32,8;32,8;32,5;31,8;32,6;32,5;32,4;31,8;32,6;33;32,7;33;32,9;33,2;33;33,1;33,4;33,6;33,3;33,6;33,8;33,9;34,1;34,5;34,7;35,1;35,6;35,6;35,6;36,3;37,1;37,9;38,7;39,5;40,6;41,5;42,7;44,2;45,7;46,1;43,9;41,2;39,4;37,6;35,9;35,2;33,3;29,9;28,4;26,4;25,8;27,3;32,8;36,7;39,2;40,5;39,9;39,6;39,3;39;38,9;39;38,8;38,4;38,2;38,3;37,9;37,5;37,4;37,8;37,4;36,9;36,8;36,8;36,9;36,5;36,7;37,1;36,4;36,4;36,2;35,7;35,7;35,6;35,5;35,1;35;34,9;34,9;34,9;34,9;35;34,3;34,6;34,6;34,3;34,6;34,6;34,5;34,6;33,9;34,3;34,5;34,5;34,3;34,1;34,1;34,1;34;33,6;33,4;34;33,6;33,4;33,9;33,8;33,1;33,3;32,7;32,7;31,7;31,8;31,5;31,6;31,1;30,8;31;30,9;30,9;30,6;30,6;30,3;29,4;28,4;27,5;26,8;26,4;26,3;26,2;25,3;23;22,7;21,6;21,2;20,8;20,6;20,7;20,6;20,1;20,1;20,6;20,8;20,6;20,6;20,6;20,6;20,4;20,2;20,5;20,5;20,5;20,1;20,4;20,5;20,4;20,2;20,4;20,4;20,6;20,7;20,6;20,4;20,2;20,1;20,1;19,9;20,6;20,9;20,2;20,5;20,9;20,7;20,6;20,6;20,8;20,2;20;20,4;20,4;20,5;20,4;20,5;20,7;20,8;20,2;20,2;20,2;20,2;20;20,2;20,4;21,1;20,7;20,7;20,2;20,6;20,1;19,8;19,6;20,2;19,5;20,7;20,6;20,2;20,4;20,9;20,2;20;20,6;20,2;19,6;20,7;20;20,5;20;20,2;20;20;20;19,9;20;20,2;19,6;19,6;19,5;20,6;20,4;20;20,4;20;20,1;20,6;20,5;20,7;20,4;20,1;20,5;20,5;20,1;20,2;19,9;19,8;20,2;20,1;20,2;20,2;19,9;20,1;20,4;20;20,1;20,1;20,2;20,2;19,9;20,4;20,6;20,6;20,6;19,9;20,1;20,2;20,6;20,4;20,5;20,2;20,2;20,2;20,2;20,1;20,7;20,4;20,1;20,6;20,1;20,6;20;20;20,2;20,4;20,2;20,4;20,5;20,5;20,6;20,5;20,2;20;20,5;20,5;19,9;19,5;20,5;19,8;20;19,5;19,9;20,1;20,5;20,4;20,4;19,9;19,5;20,1;20;20;19,9;2021,5;21,2;20,9;20,7;20,8;21,1;21,2;20,7;21,1;20,8;21,5;21,5;20,8;21,4;21,1;20,9;21,5;21,5;21,2;20,7;21,1;21,5;21,2;21,1;20,9;20,8;20,9;21,1;20,8;20,5;20,8;20,9;21,1;20,9;20,9;21,1;20,8;20,8;20,6;20,9;20,8;20,9;20,9;21,1;20,5;20,4;20,8;20,8;21,5;20,8;20,8;20,9;20,7;20,5;20,9;20,8;20,9;20,8;20,7;20,5;20,7;20,5;20,5;20,8;20,8;21,2;20,9;20,5;20,5;20,6;20,7;20,7;20,7;20,7;20,7;20,9;20,9;20,6;20,1;20,8;20;20,5;20,5;20,7;20,7;20,1;20,4;20,5;20;20,6;20,5;20,7;21,1;21,1;20,2;20;19,9;20,5;20,6;20,7;20,2;20,6;20,7;20;20,4;20,2;20,4;20,1;19,8;20,1;19,9;20,2;20;20,4;20,4;20,2;20,4;20,2;20,5;20,1;19,9;20;20,4;20,2;20,5;20,5;20,2;19,9;20,7;20,7;20,7;20,6;20,7;20,4;20,2;20,1;20,7;20,4;20,4;20,7;20,4;20,5;20,2;20;20,2;20,2;20,6;20,2;20,2;20,5;20,5;20,5;20,5;20,1;20,1;20,4;20,7;20,7;20,1;20,5;20,8;20,5;20;20,1;20,5;20;19,8;20,2;20,2;20,4;20,1;20,6;19,9;20,2;20,4;20,2;20,4;20,4;20,4;20,4;20,1;19,9;19,8;20,2;20,2;20,5;20,4;20,1;20;20,2;20,2;20,6;20,6;22;24,7;26,4;26,5;26,6;26,6;27,5;27,8;29,3;30,3;30,9;31,1;31,3;30,8;31,5;31,5;32,4;32,5;32,5;32,9;33,5;33,4;33,6;33,5;33,6;33,2;33,3;33,1;33,3;33,1;33,2;33,2;33,3;33,4;33,2;33;33,4;33,6;33,6;33,5;33,2;32,9;33;33,1;33,2;33,2;33,1;33,1;33;33,1;33,1;33,1;33,1;33,2;33,2;33,1;32,7;32,6;33,2;33;33,1;33,5;33;34;33,3;33,5;33,8;33,4;33,8;34,3;34,3;34,3;34,3;35,1;34,5;35,2;35,5;36,2;36,2;36,3;36,8;37,1;37,9;38,3;39;40,4;40,7;41,3;40;35,2;29;25,6;25,1;26,2;29,4;35,8;41,2;43,2;42,7;41,9;41;40,2;39,3;38,7;38,2;37,4;36,6;36,3;35,8;35;35;34,6;34,2;34,1;34,1;33,9;33,6;33,4;33,2;33,2;33,6;32,7;33;32,9;32,2;32,7;32,7;33,2;32,9;32,8;33;32,6;32,6;32,6;32,8;32,4;32,4;33,4;33,2;33,4;33;33,1;33,3;33,4;33,6;33,9;34;33,8;33,8;33,8;34,3;34,5;34,4;34,6;35,1;35,5;35,9;36,5;36,8;37;37,9;39;40;40,8;42;43,3;44,3;45,7;46,4;43,6;40,9;39,5;38,2;36,2;35,1;33,5;30,2;28,6;26,5;26,7;27,3;32,8;36,3;39,4;40,5;40,3;40,1;39,8;39,2;39,1;38,4;38,5;38,3;38,3;37,9;37,6;37,7;37,6;37,6;37,5;36,9;36,5;36,8;37,1;37,1;36,4;36,3;36,2;36;36,2;35,9;35,8;35,7;35,3;35,2;35,1;35,2;35,1;35,4;35,2;35;34,5;34,6;35;34,9;34,7;34,5;34,5;34,4;34;34,2;34,6;35;34,2;34;34,3;33,8;34;34;33,4;33,8;34;33,4;34;33,6;33,4;33,5;32,5;32,7;31,7;31,7;31,4;31,7;31,4;30,9;30,8;30,9;30,8;30,5;30,3;30,1;29,3;28,8;27,6;26,7;26,7;26,5;25,8;25,5;23,1;22,7;21,5;21,1;20,9;20,6;20,8;20,6;20,6;20,4;20,7;20,9;20,5;20,2;20,4;20,6;20,6;20,8;20,1;20,5;20,2;20,2;20,5;20,5;20,5;20,5;20,2;20,1;20,2;20,5;20,6;20,8;20,7;20,5;19,9;19,6;20,4;20,8;20,4;20,1;20,7;20,7;20,6;20,4;20,7;20,2;20,2;20,6;20,2;20,1;20;20;20;20,6;20,6;20,6;20,1;20,4;20,4;20,4;20;20,6;19,6;20,4;20;20,2;20,1;20,1;20,2;20,2;20,6;20,2;20;20;20,7;20;20,1;20,1;20;20,5;19,6;19,9;20,1;20,1;20;20,2;20;20,2;19,8;20,6;20,1;20,2;19,9;20,2;19,5;20,5;19,8;20;20,5;20,2;19,9;20,5;20,2;19,6;19,9;19,8;20,1;20,4;20,4;20;19,8;20;20,4;19,8;19,9;20,2;20;20;20;20;20,1;19,9;20;20,2;20,4;20,4;20,4;19,8;20,4;20,1;20,2;20;20,4;20,1;20,2;20,1;20,5;20;19,9;19,9;20,7;19,8;19,9;20,4;19,5;20,2;20,1;19,9;20;20,1;19,9;20,2;20,4;20,2;19,9;20,1;20,2;19,8;20,4;20,2;20,1;19,6;20,4;19,6;19,9;19,6;19,9;19,3;20,2;20,1;19,6;20,2;19,3;19,5;20,1;19,8;19,3;19,821,6;21,8;21,6;21,2;20,9;21,2;21,1;21,2;21,4;21,1;21,5;21,2;21,2;20,9;20,8;21,1;21,1;21,2;20,9;20,7;21,1;21,1;20,7;20,9;20,8;20,8;21,1;21,1;21,1;20,8;20,7;20,6;20,8;20,9;20,9;20,9;20,2;20,8;20,5;21,1;20,5;20,8;20,9;20,9;20,7;20,5;20,5;20,5;21,5;20,8;20,7;21,1;20,8;20,6;20,5;20,4;20,7;20,7;20,7;20,5;20,5;20,7;20,6;20,4;20,5;20,6;20,7;20,6;20,6;20,1;20,2;20,2;20,1;20,5;20,4;20,8;20,1;19,9;20,2;20,1;20,2;20,7;20,5;20,1;20,1;20,5;20,4;20,2;20,7;20;20,2;20,2;21,2;20,6;20,5;20,4;20,9;20,5;20,4;21,5;20,8;19,8;20,4;20,4;20,1;21,1;20;20,2;20;20,2;20,2;20,1;19,9;19,6;20,4;20,1;19,9;19,8;20,5;20;20,4;20,2;20,4;20,5;20,2;20,1;20,4;20,6;20,5;20,4;20,7;20,4;20,5;20;19,9;20,1;20,6;20,1;20,2;20,6;19,9;20;20,2;20,4;20,5;20,4;20,5;20,2;20;20,5;20,6;20,5;20,4;20,1;19,9;20,4;20,5;20,7;20,2;20,7;20,6;20,2;20;19,9;20,4;19,9;19,8;20;20,1;20,1;20,2;20,1;20;20;20,2;19,9;20,5;20,4;20,2;20;20;20,1;19,8;20;20,4;20,2;20,1;19,9;20,4;20;20,4;20,2;20,4;22;24;26,3;26,6;26,8;26,7;27,4;27,8;29,2;30,2;30,8;31,1;31,5;31,3;31,6;31,6;31,8;32,2;32,4;33;33,4;33,2;33,5;33,1;33,3;33,3;33,3;33,3;33;33;33,1;33;33,3;33,7;33,5;33,1;33,3;33,4;33,3;33,3;33,3;33,4;33,5;33,1;33,4;33,1;32,9;33,2;33,2;33,1;32,7;32,9;32,8;32,9;33,1;33,3;33,3;33,2;33;33,1;33,1;33;33;33,6;33,6;33,6;33,4;33,6;34,1;34,2;34;34,4;34;34,3;34,7;35,4;35,8;36,1;36,3;36,5;36,8;37,2;38,2;38,5;39,2;39,4;40,9;41,2;39,8;35,3;29;25,4;24,8;26,1;30,1;36,1;41,2;43,5;43;41,8;41;40,4;39,2;38,5;37,9;37,1;36,7;36,3;35,7;35,3;35,2;34,7;34,5;34,6;34,4;34;33,8;33,7;33,8;33,6;33,7;33,3;33;33,2;33;32,7;33;32,7;33,3;32,2;33,3;32,8;32,8;32,9;33,1;32,8;32,9;33,3;32,9;33,1;33,3;33,7;33,8;33,5;33,7;33,6;33,7;34;34,2;34,1;34,2;34,3;34,7;35,1;35,2;35,6;36,1;36,6;37,1;37,7;38,5;39,2;39,9;40,9;42,3;43,4;44,5;46,2;46,6;44;41,6;39,1;38,1;36,7;35,3;33,3;30,3;28,2;27,1;26,5;27,4;32,9;36,5;39,8;40,4;40,5;40,1;39,5;39,2;39;38,6;38,4;38,1;38,2;37,8;37,5;37,4;37,1;37,1;37;36,8;37;36,6;36,3;36,7;36,4;36,3;36,2;35,8;35,6;35,5;35,3;35,5;35,2;34,9;35;35,3;34,9;35,2;34,6;34,4;34,5;34,5;34,9;34,6;34,5;34,4;34,3;34,5;34,2;33,8;34,3;34,6;34,3;34,1;34,1;34;33,6;34;33,5;33,6;33,8;33,7;33,7;33,7;33,5;33,5;32,5;32,6;31,6;31,8;31,4;31,4;31,2;30,8;30,7;31;30,9;30,3;30,3;30,3;29,1;28,9;27,7;26,7;26,7;26,1;25,5;25,3;23,4;22,3;21,5;20,8;20,7;20,4;20,7;20,2;20,6;20,2;20,7;20,9;20,6;20,2;20,2;20,1;20,7;20,7;20,2;20,6;20,4;20,2;20,4;20,4;20,4;20,2;20,2;19,9;20;20,5;20,2;20,4;20,6;20,5;20;19,8;20,2;20,6;20,5;20,4;20,1;20,2;20,4;20,2;20,8;20,1;20,1;20,4;20,5;19,9;20;20,7;20,2;20;20,2;20,2;19,4;20,2;20,4;20;20;20;20;20,2;20,4;20;20,5;20,8;20,4;20,2;19,4;20,2;20,4;19,6;20,4;20,4;20;20,6;19,9;20,2;19,9;20,2;20;20,6;20,1;20,6;19,9;19,4;20,5;19,4;20,6;19,9;20,1;19,6;19,6;20,4;20,2;20,2;20,4;20;19,9;19,9;20,1;19,6;20,1;19,9;19,9;20,2;20,2;19,5;19,8;19,6;19,6;19,8;19,8;20,2;20,5;20,4;20,1;19,9;20,2;20;20,1;20,2;20,5;19,9;20,2;19,5;20,4;20,1;20;19,8;19,5;20,4;20,1;19,9;20,1;20,1;20,1;19,8;20,8;19,6;20;20,2;19,9;19,8;20,4;19,5;19,8;20;20,2;20,1;20,1;20,1;20;20;20,2;20;20;20,1;20;20,5;20,4;19,6;19,9;20,1;20,1;20,2;20,2;20,4;20;20;19,5;19,8;20;19,5;19,9;20,221,4;21,1;21,1;21,2;21,5;21,2;21,1;21,2;21,4;21,1;20,9;21,1;21,1;20,7;21,4;21,2;20,7;20,9;21,1;20,9;20,9;20,6;20,6;20,8;20,8;21,1;21,2;20,9;21,1;20,9;20,8;20,5;20,6;20,9;20,8;20,7;20,6;20,9;20,8;21,4;20,8;20,7;20,7;20,7;20,9;20,6;20,5;20,6;20,7;20,5;20,7;20,9;20,6;20,5;20,6;20,4;20,6;20,6;20,7;20,6;20,6;20,8;20,7;20,7;20,9;20,9;20,8;20,6;20,5;20,7;20,8;20,7;20,8;20,8;20,6;20,4;20,6;20,6;20,2;20,8;20;20,5;20,1;20,5;20,6;20,4;20,2;20,5;20,1;20,7;20,2;20;21,4;20,8;19,9;20,7;20,6;20,5;20,1;20;20;19,9;20,1;20;20,5;20,1;20,5;20,6;20,5;20,4;20,2;20,2;20,1;20,2;20,6;19,9;20,4;20,1;20,6;20,1;20,2;20,5;20,5;20,2;21,1;20,4;20,5;20,8;20,5;20,2;20,6;20,6;20,6;20,4;20,5;20,4;20,2;20,2;20,2;20,1;20,1;20,4;20,2;20,2;20,2;20,4;20,5;20,6;20;20,4;20,4;20,2;20,4;20,4;20,2;20,6;20,7;20,8;20,4;20,6;20,5;20,5;20;20,1;20,6;20;20;20,1;20;20,2;20,6;20,2;20;20,5;20;19,9;20,2;20,4;20,2;19,8;20,1;20,4;19,6;20,1;20,1;20;20,1;19,9;20,2;20;20,1;20;20,5;21,9;24,3;26,2;26,7;27,1;26,8;27,3;27,8;29;30,3;30,9;31,1;31,4;30,9;31,3;31,8;31,7;32;32,2;33;33,4;33,1;33,1;33,3;33;33,4;32,9;33,2;33,1;33,3;32,9;33,2;33,6;33,6;33,6;33,4;33,5;33,2;33;33,1;33,2;33,3;33,3;33,2;33,3;33;32,8;33;32,9;33,3;33;32,8;32,7;32,9;33;32,9;33,2;33,6;33,6;33,6;33,3;33,4;33,4;33,5;34;34;33,8;33,8;33,9;34,1;34,5;34,7;34,6;34,5;34,5;35,1;35,3;36;36,4;36,4;37,1;37,6;38,5;38,7;39,1;40,4;41,2;41,5;40;34,9;29,2;25,4;25,1;26,2;30;36;41,3;43,5;42,9;42;40,8;40,1;39,5;38,9;38,3;37,5;36,4;36,1;35,8;35,6;35,4;35;35;34,7;34,3;34,2;34;34,1;33,6;33,8;33,8;33;33,2;33,5;33,9;32,7;32,9;33;32,4;33,4;33;33;33,1;33,2;32,9;32,7;33,2;33,1;32,9;33,1;33,5;33,5;33,5;33,5;33,7;33,7;34;34;33,9;33,8;34,4;34,7;34,7;35,4;35,4;35,7;36,1;36,5;37,2;38,1;38,4;39,1;39,9;41,2;42;42,8;44,5;46,1;46,6;44,1;41,2;39,4;38,4;37;35,3;32,7;30,2;28,1;27,1;26,3;27,4;32,5;36,1;39,1;40,6;40,5;40;39,4;39,2;39;38,6;38,3;37,9;38,2;37,7;37,6;37,1;36,9;37,1;37;36,5;36,4;36,4;36,4;36;35,9;35,9;35,8;35,9;35,5;35,3;35,3;35,3;35,2;35,1;35,2;35;34,5;34,9;34,9;34,4;34,6;34,9;34,6;34,3;34,2;34,3;34,4;34,5;33,9;34;34,7;34,2;34,1;34,1;34,4;34,2;33,8;33,7;33,4;33,6;33,8;34;33,7;33,5;33,3;33,3;32,7;32,5;31,7;31,8;31,5;31,3;31;30,9;30,7;30,9;30,9;30,5;30,6;30,3;29,3;28,7;27,4;26,7;26,6;26,1;25,8;25,5;23,6;22,2;21,5;21,1;20,6;20,1;20,4;20,1;20,5;20,1;20,5;21,2;20,6;20,8;20,6;20;20,6;20,5;20,5;20,6;20,5;20,2;20;20,2;20,4;20,4;20,4;20,4;20,2;20,5;20,2;20,4;20,2;20,4;20,2;20,1;20,5;20,2;20,1;20,1;20,1;20,6;20,6;20,4;20;19,6;20,1;20,1;20,4;20,4;20,6;20,5;19,8;20,1;20;20,6;20,2;20,1;20,2;20,5;20,4;20,1;20,2;20,2;20;20,4;20,4;20,4;20,1;19,8;20,1;19,6;20,5;19,8;19,9;19,9;20,4;20;20,2;20,4;20,1;19,9;20,2;20;20,1;19,3;20,1;19,6;20,5;19,9;20,1;19,9;20,1;19,9;19,9;20,5;20,4;19,9;20,4;20,4;19,8;20,6;19,8;20,2;20,4;20;20;19,8;19,8;20,1;20,1;20;20;19,9;20;19,9;20;19,9;19,4;20,1;20,4;20,1;20,1;19,9;20,2;20,1;20,6;20;19,9;19,9;20,1;20;19,8;20,2;20,2;20,1;19,6;20,2;20,4;20,1;20,6;20;20,2;19,9;20,5;19,9;20,5;19,5;19,8;20,1;20,1;19,9;20,2;20,1;20;19,9;19,9;20;19,9;20,1;19,5;20;20,1;20,2;19,4;20,1;20;20;20,2;19,5;19,4;20,5;20;19,9;20,2;20,4;19,9;19,821,6;21,5;21,1;21,5;21,2;21,2;20,8;20,8;20,6;21,5;20,9;21,1;20,8;20,5;21,4;20,8;20,5;20,6;20,8;20,9;20,7;20,4;20,6;20,8;20,9;20,9;20,8;20,7;20,9;20,9;20,8;20,6;20,5;20,6;20,7;20,7;20,8;21,1;20,8;21,4;20,9;20,6;20,2;20,5;20,8;20,9;20,1;20,5;20,4;20,4;20,7;20,7;20,5;20,6;20,8;20,4;20,2;20,5;20,7;20,8;20,6;20,6;20,4;20,2;20,5;20,8;20,9;20,5;20,5;20,6;20,8;20,4;20,6;20,6;20,6;20,6;20,6;20,2;20,5;20,4;19,9;20,1;20,6;20,4;20,7;20,5;20;20,1;20,4;20;20,2;20,2;20,4;20,7;20,1;20,1;20,7;20,5;20,8;20,4;20,4;20,6;19,5;20;20,2;20,1;19,9;19,5;19,9;20,4;20,7;20;19,8;20,1;19,9;20,2;20,4;20,1;20;20,2;19,8;20,5;20,5;20,6;20,5;20,7;20,2;20,2;19,6;19,8;20;20,5;20,4;20,1;20;19,9;20,4;20,5;20,4;20,1;20,5;20,2;20;19,9;20,1;20,1;20,2;20,5;19,9;20,5;20,2;20,2;20,2;20,2;20,4;20,6;20,7;20,4;20,1;20,4;20,2;20,6;19,9;20,1;20,6;20;20,1;20,2;20,1;20,2;20,4;20,4;20,1;20,4;20;20;19,8;20,4;20,2;20;20,2;20;19,4;20,1;19,8;20;20;20,1;20;19,8;20;19,9;20,2;21,5;24,5;26,1;26,5;26,7;26,6;27,3;27,8;29,3;30,5;31;30,9;31,5;31,2;31,6;32,1;32,1;32,1;32,4;32,9;33,6;33,7;33,5;33,5;33,5;33,4;33;33,4;33,1;33,5;33,3;33,6;33,8;33,4;33,6;33,5;33,4;33,5;33,6;33,9;33,3;33,5;33,6;33,2;33,2;33,3;33,2;33,2;33,1;33,2;33,2;33,1;33;33;33,3;33,2;33,2;33,5;33,5;33,2;33,2;33,6;33,5;33,8;33,9;34,3;34;33,8;34;34,2;34,6;34,3;35,2;35;35;35,2;35,6;36;36,5;37,2;36,9;37,6;38,6;39;39,9;41;41,4;41,6;40,2;35,4;28,9;25,2;25,1;26,6;30,3;36,2;41,7;43,9;43,6;42,6;41,7;41;40;39;38,4;37,5;36,9;36,5;36,1;35,6;35,2;34,9;34,5;34,6;34,7;34,6;34,4;34;33,7;33,6;33,7;33,3;33,8;33,5;33,8;33,1;33;33;33,2;33,4;33,8;33,2;32,8;33,5;33;33,7;33;33,5;33,5;33,8;33,6;33,4;33,6;34,2;33,9;33,8;34;34,2;34,4;34,6;34,9;35;35,3;35,3;35,4;35,8;36,3;37,1;37,5;38,4;38,8;39,3;40,6;41,2;42,5;43,7;45;46,8;47,1;43,9;41,4;39,8;38,5;36,7;35,7;33,1;29,7;28;26,6;26,2;27,6;32,5;36,6;39,3;40,6;40,4;39,4;39,8;39,9;39,3;38,9;38,4;38;38,1;37,6;37,4;37,2;37,2;37;36,8;36,3;36,2;36,5;36,2;36;36;36,1;36;35,4;35,5;35,5;35,2;35,1;34,7;35;34,7;34,7;34,7;34,5;34,5;34,6;34,7;34,7;34,5;34,4;34,6;34,4;34,2;34,5;33,8;34,4;34,6;34,4;34,4;34,2;34,3;34;33,8;33,7;33,5;33,5;33,8;34,2;33,7;33,6;33,4;33,2;32,7;32,8;31,8;31,7;31,6;31,6;31,1;30,8;31;30,7;30,9;30,6;30,4;30,1;29,4;28,6;27,3;26,8;26,5;26,2;25,7;25,2;23,3;22,2;21,8;20,8;20,8;20,1;20,4;20,5;20,2;20,2;20,4;20,9;20,5;20,8;20,4;20,2;20,4;20,4;20,6;20,4;20,4;20,1;20;20;20,2;20,6;20,5;20,5;20,5;20,5;20,2;20,5;20,5;20,5;19,9;19,9;20,4;20,4;20,5;20,1;19,8;20,1;20,4;20,2;20;19,9;20,4;20,4;20,2;20;20;19,5;20;20;20,2;19,9;19,5;19,3;19,8;19,8;19,9;20;20,7;20;19,9;20;20,2;20,1;19,9;20,4;20,1;20,6;20,1;19,9;20,2;19,9;20,1;19,8;20,4;20,2;19,6;19,4;19,8;19,4;19,8;19,9;20;19,6;20,1;20;20,1;20,4;20,1;20,1;19,4;20;19,8;20,1;20,8;19,6;19,8;21,1;19,9;20,4;20,2;20;19,9;19,9;20,2;19,8;19,5;20;19,9;20,2;20,4;20;20;20;19,8;19,5;19,6;20;20,5;20,4;20,4;20,2;20,1;19,5;19,3;20,2;20,1;19,9;20,2;20,2;20,5;20,4;19,6;19,6;20,4;20;20,5;20,2;20;19,8;20,5;19,9;20,1;19,6;19,8;20,1;19,9;19,9;20,2;20,1;19,9;19,9;19,9;19,9;19,9;20,1;19,5;19,9;20,1;20;19,5;19,9;20,1;19,8;19,9;19,5;19,4;20,4;20;19,8;19,9;20,1;19,9;19,621,5;21,5;21,5;21,5;20,9;20,8;21,5;20,8;21,4;21,2;21,1;21,1;20,8;20,9;21,1;20,8;20,6;21,1;21,4;20,9;20,6;20,7;21,1;21,1;20,9;20,9;20,8;20,8;20,9;20,8;20,7;20,8;20,6;20,8;20,6;21,1;20,9;20,6;20,4;21,6;20,6;20,5;20,5;20,6;20,7;21,1;20,4;20,5;20,8;20,7;20,7;20,6;20,5;20,6;20,7;20,5;20,4;20,5;20,5;20,2;20,5;20,5;20,5;20,7;20,2;19,9;20,1;20,4;20,4;20,4;20,5;20,5;20,6;20,2;20,5;20,9;20,5;20,5;20,1;20,4;20,2;20;19,9;20,2;20,4;20,4;20,1;20;20,2;20,4;20,1;19,6;20,7;20,8;19,8;20,4;20,1;20,2;20,5;20,7;20,5;19,6;20,4;20;20;20;20,6;19,8;20;19,8;20,4;20,4;20,2;20,1;20,4;20,1;20;19,9;20,2;20,1;20,2;20,4;20,6;20,6;20,2;20,1;20;20;20,7;20,7;20,2;20,2;20,4;19,9;19,9;19,9;20,4;20,2;20,4;20,2;20;20;20;20,2;20,4;20;20,2;19,9;19,8;20,5;20,1;20,6;20,2;20,1;20,2;20;20,4;20,2;19,9;20,2;20,4;20,5;20,1;19,9;20,2;20;20,1;20;20,2;20,1;19,9;20,2;20,1;20,1;19,8;20;19,6;20,2;19,9;20,1;20,2;19,8;19,6;19,8;19,6;20;19,4;19,8;20;19,8;20,1;19,5;19,8;21,2;24,5;26,3;26,4;26,5;26,6;27,1;27,6;29,3;30,8;31,1;30,9;31,4;31,3;31;31,8;32,1;32,5;32,6;33;33,8;33,6;33,5;33,3;33,3;33,2;32,9;33,6;33;33,1;33,5;33,4;33,3;33,5;33,9;33,5;33,5;33,6;33,3;33,4;33,3;33,6;33,9;33,5;33,1;33,1;32,9;33;33;33;33,1;33,4;33,4;33,4;33,3;33,4;33,4;33,4;33,4;33,3;33,4;33,8;33,7;33,7;33,5;34,4;34;33,9;34,1;34,1;34,5;34,5;35,1;34,6;35,5;35,6;35,7;36,1;36,2;37,1;37,4;37,8;38,7;39;39,2;40,7;41,6;42,2;40,5;35,4;29,1;25,5;24,6;26,2;30,3;36,5;41,6;43,9;43,8;42,7;41,6;40,7;39,6;39;38,5;38,1;37,2;36,4;36,2;35,7;35,4;35,5;35,3;35,3;34,7;34,3;34,2;33,8;34;34,2;34;33,7;33,3;33,8;33,5;33,5;33,9;32,9;33,6;33,3;33,5;33,4;33,5;33,8;33,4;33,1;33;33,2;34;33,7;33,8;33,8;33,9;33,7;34;34,1;34,1;34,1;34,3;34,5;34,9;35,2;35,2;35,2;35,6;36,1;36,5;37,4;37,5;37,9;38,8;39,8;40,4;41,2;42,7;43,7;44,8;46,8;47,3;44,3;41,9;39,9;38,4;37,1;35,7;33,3;29,9;28,5;26,7;26,3;27,4;32,5;36,8;39,8;40,3;40,5;40,1;39,4;39;39;38,6;38,4;38,1;38,6;37,9;37,6;37,4;37;37;37,1;36,1;36;36,4;36,3;35,9;36,1;35,8;35,5;35,2;35,2;35,3;35,3;35,1;34,9;34,4;34,6;35,1;34,9;34,9;34,6;34,2;34,3;34,7;34,6;34,4;34,4;34,4;34,3;34,3;34,2;34,3;34,4;34,2;34,6;34,2;34,2;33,9;33,8;33,9;33,3;33,6;33,4;34;33,9;33,7;33,1;33,2;32,6;32,8;31,5;31,7;31,4;31,4;31,2;30,8;31;30,7;30,6;30,4;30,1;30,1;29,5;28,6;27,6;26,7;26,3;26,2;25,7;25;23,3;22;21,5;20,5;20,7;20,5;20,2;20,8;20,5;20,2;20,1;20,8;20,1;20,2;19,9;20;20,1;19,9;20,5;20,5;20,2;20,1;20;20,1;20;20,2;20,2;20,4;20,2;20,2;20,2;20,2;20,2;20,1;19,9;20,1;20,4;20,5;20,5;20,2;19,9;20,1;20,1;20,1;20,2;20,2;20,2;20;20,1;20;20,2;20,5;19,9;20,1;20,1;19,9;20,1;20,2;20,1;20,2;20;20;20,1;20,5;20;20,1;20,1;20,1;20,2;20;20;20;19,9;20,4;19,6;19,9;20,2;19,5;20,1;19,8;19,8;20;20,2;20;20,5;20,1;20,2;19,9;19,8;19,2;19,5;20,6;19,9;20,2;20;20,1;19,2;20,4;20,2;20;20;20,4;19,2;20,1;20,1;20;20,1;20,1;20,1;20,2;19,9;19,5;19,8;20;19,8;19,9;20,4;20;19,9;20,1;20,2;20,4;20,6;20,2;20,1;19,8;19,8;19,8;19,9;20,4;19,9;19,5;19,9;20,1;20,5;20,5;19,8;20,1;20,4;19,8;20,4;19,6;20,1;20,2;20,1;20;19,9;19,5;19,9;20,4;20,4;20;20;20,1;19,9;20;20,2;20;19,9;20,1;19,8;19,9;20,2;20,2;19,6;20;19,6;19,6;20;19,8;19,3;19,8;20,2;19,8;19,9;20,2;20,1;20,221,6;21,6;21,4;21,4;21,4;21,2;21,4;21,1;21,4;21,4;21,1;21,2;20,9;21,4;21,4;20,7;21,1;21,4;21,4;20,8;20,7;21,2;21,1;21,1;20,9;20,9;21,1;20,9;21,1;20,9;20,9;20,9;20,9;21,2;20,6;21,1;21,1;20,7;20,5;21,5;20,6;20,8;20,9;20,9;21,4;20,9;20,8;20,4;21,4;20,6;20,8;20,7;20,5;20,6;21,1;20,8;20,6;20,5;20,8;20,8;20,7;20,7;20,5;20,6;20,6;20,2;20,2;20,5;20,4;20,5;20,1;20,6;20,6;20,6;20,5;20,4;20,8;20,6;20,4;20,1;20,8;20,4;20,5;20,5;20,2;20,6;20,5;20,7;20,5;20,5;20,1;20,4;20,7;20,5;20,4;20,5;20,4;20,1;20,5;20,1;20,6;20,9;20,7;20,5;20,8;20,8;20,2;20,2;20,2;20,2;20,2;20,1;19,9;20,2;20,5;20,4;20;20,4;20,5;20,6;20,4;20,2;19,9;19,6;20;20,5;20,4;20,7;20,8;20,7;20,1;20;20,4;20,4;20,4;20,4;20,5;20,4;20,2;20,2;20,5;20,2;20;20,2;20,4;20,4;20,1;19,8;20;20,4;20,2;20,8;20,5;20,2;20,1;20,1;20,2;20,5;20,2;20,5;20,7;20,5;20,4;20;20,2;20,4;20,6;20,1;20,4;19,9;20,4;20,6;20,1;20;19,8;20,2;20;19,9;19,6;20,1;20;19,8;19,9;19,9;19,8;19,9;19,3;19,9;20,1;19,9;19,9;19,6;20;21,9;24,6;26,5;26,6;26,7;26,8;27,3;27,7;29,3;30,7;31,3;31,1;31,4;31,5;31,4;32,2;32,2;32,6;32,9;33,2;33,8;33,6;33,9;33,2;33,3;33,4;33,6;33,6;33,3;33,6;33,7;33,3;33,5;33,5;34;33,7;33,7;33,7;33,6;33,6;33,4;33,4;33,5;33,2;33,1;33,3;33,3;33,2;33,1;33,2;33,3;33,1;33,1;33,2;33,6;33,8;33,6;33,5;33,5;33,6;33,4;33,9;33,7;34;33,8;34,1;34,3;34,1;34,5;34,6;34,5;35,3;35,2;35;35,5;36,4;36;36,4;36,4;36,8;37;37,8;38,9;39,1;40;40,8;41,9;42,5;40,4;34,7;29,1;25,6;25;26,3;30,6;36,8;42,5;44,8;43,8;42,6;41,4;40,9;40,2;39,3;38,9;38,1;37,4;36,9;36,6;36,1;35,9;35,5;35,2;35,2;35,2;34,6;34,4;34;34,1;34,2;34,1;33,8;33,9;33,8;33,6;33,7;33,5;33,4;33,4;33,5;33,6;33,3;33,4;33,5;33,8;33,1;33,2;33,1;33,7;33,7;33,9;33,6;33,8;33,7;34,1;34,3;34,5;34,5;34,9;34,9;35;35,1;35,2;35,7;36,1;35,8;35,9;37;37,6;38;38,9;40,1;40,7;41,3;42,8;43,7;45,3;47;47,3;44,3;41,6;40,3;38,5;37,4;36,4;33,4;29,7;28,5;27,1;26,4;27,5;32,7;37;39,5;40,5;40,6;40,3;39,5;39,2;39,3;38,9;38,1;38,2;38,2;37,6;37,2;36,9;37,4;37,4;37;36,4;36,2;36,1;35,9;35,9;35,8;36;35,7;35,2;35,1;35;35,1;34,9;34,9;34,7;34,7;35;35;35,1;34,9;34,4;34,2;34,4;34,4;34,4;34,1;34,2;34,4;34,6;34,2;34,2;34,6;34,2;34,6;34,2;34;34,1;34,1;33,9;33,4;33,5;33,3;33,7;33,9;33,9;33,1;33,5;32,4;32,6;31,7;31,8;31,4;31,6;31,3;30,8;31,2;31,1;30,7;30,5;30;30,3;29,5;28,7;27,6;26,8;26,4;26,4;26,2;25,3;23,5;22,3;21,5;20,7;20,2;20,7;20,6;20,7;20,1;20,2;20,2;20,8;20;20,1;19,6;20,2;20,2;20,2;20,4;20,4;20;20,1;20,2;20,2;20,2;20,4;20,1;20,1;20,2;20,1;20,7;20,7;20,4;20,1;20;20,4;20,4;20;20,4;20,5;20,4;20,4;20,5;20,4;20,4;20,5;20,1;20;20,6;20,5;20,4;20,5;20,1;20,5;20,6;20,2;20;20,2;20,5;20;19,9;20,6;20,1;20,4;20,5;21,1;20,5;20,4;20,2;20,4;20,5;20,4;20,6;20,5;20,2;20,7;19,8;19,8;20,4;20,2;20,2;20,4;20,1;20,7;19,8;19,6;20;20,4;20,6;20,2;20,2;19,8;19,9;20,1;20,1;20,7;20,8;20,6;19,9;19,9;20,4;20;19,8;20,1;20,4;20,2;19,9;20;19,9;20,4;20,2;19,5;19,9;19,8;19,6;20,1;20,1;20,4;20,1;20;20,2;20,2;20,4;20,1;20;20,4;20,7;20,6;20,6;20,2;20,1;19,9;19,5;20,2;20,4;20,5;19,8;20,7;20,1;20,1;20,6;19,6;20,5;20,6;20;20,4;20,4;20,1;20,1;20,7;20,4;20;19,8;19,8;20;20,1;20,4;20;19,8;20;19,8;20,1;20,2;20,6;19,8;20,1;20;19,9;20,5;20;19,5;20,1;20,1;19,8;19,8;19,9;20,2;19,921,4;21,5;21,9;21,9;21,5;21,4;21,4;21,5;21,5;21,2;21,1;21,6;21,1;21,5;21,8;20,9;21,1;20,9;21,1;21,1;20,9;21,4;21,2;21,1;21,1;21,1;21,2;21,1;20,9;21,2;21,1;20,8;20,7;21,2;20,8;20,8;21,1;21,1;20,9;21,5;20,8;20,7;21,1;21,5;21,2;20,9;21,1;20,4;21,2;20,8;21,1;20,9;20,7;20,6;21,2;20,8;20,7;20,8;21,1;20,9;20,7;20,5;20,7;20,9;20,7;20,7;20,7;20,5;20,7;20,9;20,8;21,1;20,8;20,4;20,5;20,6;20,8;20,1;20,2;21,1;19,8;20,6;20,9;20,8;20,9;20,8;20,9;20,5;21,4;20,7;21,1;20,5;20,9;20,8;20,9;21,2;20,6;20;20,5;20,5;20,5;20,8;20,9;20,5;20,2;20,5;20,4;20,5;21,1;20,4;20,5;20,1;20,4;20,1;20,6;20,5;20,4;20,7;20,8;20,6;20,4;20,5;20,2;20,4;20,4;20,4;20;20,2;20;20,5;20,6;20,2;20,2;20,6;20,5;20,6;20,7;20,5;20,7;20,5;20,5;20,2;20,2;20,4;20,6;20,4;20,2;20,5;20,5;20,7;20,4;20,6;20,6;20,2;20,1;20,5;20,4;20,4;20,5;20,6;20,8;20,6;20,5;20;20,6;20,4;20,6;20,1;20,1;19,9;20,5;20,6;20,1;19,8;19,9;20;20,2;20,1;20,2;20,1;20;20,2;20,1;20,1;20,2;20,1;19,5;20,2;19,9;20,1;19,5;20;20,2;21,8;25;26,5;27,3;27,2;27,2;27,7;27,9;30;30,8;31,7;31,4;31,6;32;32;32,6;32,8;32,7;33,2;33,3;33,8;33,8;34;33,4;33,6;33,9;33,8;33,6;33,7;33,9;33,7;33,7;33,9;33,7;33,7;33,6;33,6;33,8;33,9;33,8;33,9;33,8;33,7;33,8;33,7;33,3;33,4;33,7;33,6;33,7;33,7;33,5;33,4;33,5;34;33,9;33,9;33,7;33,8;33,9;33,8;34,2;34;34,1;34,6;34,5;34,3;34,6;35,1;34,6;35,1;35,5;35,3;35,6;35,7;36,6;36,4;37;36,9;37,4;38;38,4;39,2;39,5;40,7;41,4;42;42,7;41,4;35,6;28,9;25,8;25,4;26,8;30,8;37;42,6;44,9;43,9;43,1;42,5;41,6;40,6;39,9;39,3;38,9;37,8;37;36,9;36,5;36;35,3;35,6;35,2;35,2;34,9;35;35,1;34,5;34;34,4;34,3;34,4;34,2;34,3;33,9;34;34,2;34,2;33,8;34,3;33,7;33,7;33,8;34,2;34,1;34,4;34,1;34,3;34,4;34,3;34,3;34,2;34,4;34,5;34,7;35;35,2;35,1;35,2;35,5;35,6;35,6;36,1;36,1;36,7;37,1;37,5;37,9;38,7;39,2;40,3;41;41,7;43,1;43,9;45,5;47,2;47,9;45,3;42,5;40,4;39;37,8;36,7;33,9;30,4;28,8;26,6;26,4;27,6;32,8;37;39,6;40,8;41;40,3;39,6;39,3;39,1;39;38,8;38,7;38,3;38,3;37,6;37,5;37,6;37,5;37,2;36,9;36,6;36,5;36,6;36,5;36,5;36,1;35,7;35,3;35,4;35,6;35,3;35;35;34,6;34,6;34,6;34,9;35,2;35;34,9;34,9;34,9;34,7;34,7;34,4;34,4;34,3;34,9;34,4;34,4;34,7;34,3;34,9;34,4;34,2;34,4;34,1;33,8;34;33,7;33,6;33,8;34;34,2;33,2;33,6;32,6;32,7;32,4;32,4;31,8;32;31,2;30,9;31,3;31,4;31,3;30,8;30,2;30,4;30;28,8;27,8;27,3;26,7;26,3;26,3;25,3;23,5;22,3;21,6;20,9;20,1;20,6;20,6;20,4;20,2;20,6;20,7;20,9;20,2;20,2;20,1;20,4;20,4;20,5;20,5;20,6;20,4;20,1;20,6;20,7;20,7;20,5;20,1;19,8;20,2;20,1;20,7;20,7;20,2;20,4;20,2;20,1;20,5;20,5;20,2;20,5;20,5;20,4;20,4;20,5;20,4;20;20,2;20,4;20,6;20,6;20,1;20,4;20,4;20,2;20,7;20,5;20,6;20,5;20,2;20,1;19,9;20,4;20,7;20,4;20,4;20,4;20,4;20,5;20,6;20,1;20,5;20,6;20,5;20,1;19,9;21,1;20,5;20,6;20,4;20,2;20,4;20,5;20,6;19,8;20,2;20,6;20,6;19,6;20;20,2;20,2;20,2;19,9;20;20;20,6;20,2;20;20,7;20,4;19,8;20,8;20,4;19,9;20,2;20,2;20,4;20,1;19,8;20,4;20,4;20,2;20,5;20,5;20,2;20;20;19,9;19,8;20,2;20,6;20,2;20,2;20,2;20,1;20,7;21,1;20,7;20,5;20;20;20;19,8;20,5;20,2;20,1;20,5;20,7;20,5;20,2;20,6;20,4;20,2;20,4;20;20,4;20,7;20,4;20,4;20,4;20,4;20,2;20;20;20;20;20,2;20,2;19,5;20,2;20,5;20,4;20,5;20,6;19,8;20,1;20;18,9;20,4;20,2;20,2;20,2;19,6;19,9;20,2;20,5;20,1;20,121,2;21,1;21,2;21,2;21,1;21,2;20,9;21,1;21,1;21,1;20,7;21,2;20,8;20,9;21,5;21,1;20,6;20,9;21,2;21,1;20,9;20,9;20,6;20,6;20,7;20,8;21,1;20,8;20,6;20,9;20,9;20,9;20,5;21,4;20,8;20,8;20,5;20,7;20,7;21,1;20,9;20,2;21,2;21,4;20,8;20,8;20,7;20,5;20,9;21,1;20,8;20,7;20,7;20,8;21,1;20,8;20,6;20,6;20,6;20,6;20,6;20,6;20,9;21,1;20,7;20,8;20,6;20,6;20,9;20,5;20,8;21,2;20,5;20,9;21,4;20,8;21,2;19,9;20,5;20,1;20,7;20,5;20,9;20,7;20,7;20,9;20,6;20,1;20,7;20,2;20,2;20,6;20,9;20,7;20,8;20,4;20,4;20,8;20,4;20,8;20,4;20,9;20,7;20,6;20,7;20,2;20,5;20,2;20,6;20,7;20,6;20,8;20,4;20,1;20,6;20,8;20,6;20,2;20,5;20,4;20,8;20,8;20,6;20,8;20,8;20,6;20,2;20,2;20,4;20,7;20,8;20,8;20,6;20,6;20,4;20,4;20,5;20,4;20,7;20,8;20,7;20,2;20,5;20,6;20,5;20,4;20,5;21,1;20,8;20,5;20,1;20,5;20,5;20,6;20,5;20,6;20,5;20,1;20,5;20,5;21,1;20,5;20,4;20,2;20,5;20,4;20,2;20,4;20,2;20,5;20,1;20,1;20,1;19,8;19,9;20;20,5;20,2;20,5;20,1;20,2;20,2;20;20,1;20,2;20,6;19,9;20,1;20;20,2;19,6;20,1;20,4;22;25,3;26,5;27,2;27,2;27,4;27,7;27,9;30;31;32,2;31,6;31,8;32,2;32,2;32,6;32,9;32,8;33;33,4;34,2;34,1;34,1;33,8;33,9;34,1;33,6;34,1;34;33,9;33,9;34,1;34;34,1;34,1;34;34,1;33,9;34,2;34,1;34;34;34;33,9;34;33,6;33,8;33,6;33,6;33,6;33,7;33,9;33,7;33,8;33,9;33,9;33,8;33,8;33,9;34,1;34;34,5;34,1;34,4;34,4;34,7;34,7;35;35,3;34,7;35,3;35,6;35,7;35,8;36,3;36,5;36,7;37,2;37,5;38;38,6;38,7;39,5;39,8;41;41,6;42,4;42,7;41,2;36;29,5;26,2;25,3;26,6;30,7;37,6;42,9;45;44,7;43,7;42,7;41,9;41;40,4;39,6;38,9;38,4;37,8;37,4;37;36,6;35,9;36,1;35,3;35,2;35,1;35;34,9;34,9;34,9;34,7;34,6;34,5;34,6;34,4;34,2;34,1;34,4;34,6;34,2;34,3;34,3;34;34,7;34,5;34;34,2;34;34,3;34,7;34,7;34,9;35,4;34,7;35,1;35;35;35,1;35,4;36;36;35,7;35,9;36,2;36,5;36,9;37,6;38,4;38,6;39,2;39,5;40,5;41,3;42,3;43,4;45;46,3;47,5;48,4;45,1;42,6;40,9;39,2;37,8;36,6;34;30,8;28,8;27,2;26,5;27,8;32,7;37,7;39,8;40,9;41,2;40,5;40,1;39,6;39,5;39,2;39;39;38,1;38,1;37,9;38,1;37,8;37,2;37,2;36,9;36,9;36,8;36,5;36,6;36,1;35,8;36;35,7;35,6;35,7;35,9;35,7;35,4;35,1;35,1;35,1;34,9;35;34,9;34,5;34,9;35,4;35,2;34,9;34,7;35;34,9;34,9;34,4;34,7;34,7;34,5;35,2;34,9;34,4;34,4;34,1;34,2;34,3;33,8;33,9;34;34,1;34,4;33,5;33,9;33;32,7;32,8;32,5;32;32;31,4;31,3;31,1;31,2;31,4;30,9;30,5;30,7;30,1;28,8;27,9;27,3;26,6;26,4;26,1;25,4;23,7;22,5;21,2;20,8;20,5;20,8;20,6;20,7;20,6;20,7;20,9;21,1;20,5;20,1;20,7;20,7;20,7;20,7;20,5;20,7;20,8;20,5;20,5;20,6;20,4;20,6;20,2;20;20,5;20,6;20,5;20,2;20;20,4;20,2;20,2;20,2;20,6;20,6;20,4;20,4;20,6;20,6;20,4;20,7;20,4;20,7;21,1;21,1;20,7;20,4;20,2;20,2;20,9;20,8;20,1;20,1;20,2;20,5;20,5;20,5;20,7;20,5;20,5;20,2;20,4;20,1;20,4;20,7;20,6;20,6;20,6;20,2;20,1;20;20,1;20,4;20,5;20,4;20,5;20,2;19,6;20,5;20,5;20,1;20,2;19,8;19,8;20,1;20,1;20,6;20;20,1;20,6;19,8;20,8;20;20,1;20,2;20,5;20,4;19,9;20,7;20,7;20;20,4;20,6;20,4;20;20;20;19,8;20,1;20,8;20,2;20;20,1;20;19,9;19,9;20;20,6;21,1;20,5;20,1;20,1;19,9;20,1;20,1;20;20,1;19,9;20,5;20,4;19,8;20;20,4;20,5;20,5;20,2;19,9;20,1;19,9;20,1;19,8;20,1;20,4;20,2;20,4;20;20,5;20,1;20,1;20,1;19,9;19,8;20;20,1;19,8;20,1;20,6;19,8;20,2;19,8;20,1;20,1;19,8;19,8;20;20;20,1;20,5;19,4;20,2;20,4;20,1;19,8;19,621,1;21,4;21,5;21,5;21,2;20,7;21,1;21,2;20,9;20,9;21,1;20,9;20,6;20,9;21,2;21,2;20,8;21,2;20,9;20,8;21,1;20,8;20,6;20,6;20,5;20,5;20,8;20,8;20,6;20,5;20,8;20,8;20,7;21,2;20,6;20,5;20,2;20,7;20,6;20,8;21,1;20,4;20,9;21,4;20,4;20,8;20,8;20,4;20,6;20,9;20,6;20,7;20,6;20,5;20,4;20,5;20,2;20,2;20,5;20,5;20,2;20,2;20,2;20,7;20,8;20,6;20,8;20,7;20,6;20,7;20,2;20,1;20,1;20,4;20,9;20,4;20,5;20,1;20;20,5;20,4;20,4;20,1;20;20,5;19,9;20,4;19,6;20,1;20,1;20,2;20,2;20,8;20,7;20,5;20;20,5;20,8;20,5;20,2;19,6;20,6;20,1;20,1;20,6;20,5;20,2;20,1;20,1;19,9;20;20,5;20,6;20,4;20,2;20,1;20,1;20,5;20,2;19,9;20,2;20,4;20,2;20;20,1;20,1;20,1;20;20,1;20,1;20,2;20,2;20;19,9;20;20,4;20,6;20,5;20,4;20,2;20,1;20;20,1;20,4;20,4;20,4;20,4;20,5;20,2;20,1;20,2;20,4;20,2;20,4;20,6;20,1;20,2;20,2;20,5;20,4;20,6;20;20,2;20,5;20,2;20,4;20,1;20,7;20,4;20,2;20,1;20;19,9;20;19,8;20;20,4;20,2;20,2;19,8;20,1;19,8;20;20;19,9;20;19,6;19,8;20,1;20,1;19,6;20,1;20,5;22,3;25,1;26,6;27,2;26,8;27,6;27,4;28,1;29,7;31,2;31,6;31,6;32,1;32;32,4;32,5;32,7;32,9;33,1;33,7;33,9;34,2;34,3;33,8;33,6;34,4;33,6;34,4;33,8;34,2;34,1;34;33,9;34,1;34,5;34,3;34,2;34,1;34,3;34,3;34,2;34,2;34,1;33,7;33,7;33,8;33,9;33,8;34;34,2;34;33,9;33,8;34,1;33,8;34,1;34;34,2;34,4;34,4;34,4;34,5;34,2;34,5;34,3;35;34,7;35;35,4;35,1;35,4;35,4;35,8;36,2;36;36,8;36,6;37,4;37,8;38,1;38,8;39,2;39,4;40,3;40,6;41,5;42,7;43,2;41,3;36;29,2;25,8;25,5;26,5;30,9;37,7;43,4;45,7;45,1;44,2;43,4;42;41;40,6;40;39;38,3;37,8;37,4;36,7;36,9;36,6;36,2;35,8;36,1;35,9;35;35,4;35,8;35,1;35,1;34,9;35,3;35;35;34,6;34,4;34,7;34,6;34,6;34,4;34,4;34,7;34,5;34,9;34,7;34,3;34,7;34,6;34,9;35,2;35,5;35,1;35,1;35,1;35,4;35,3;35,3;35,6;35,8;35,9;36;36,3;36,4;36,7;37,2;37,8;38,4;38,7;39;39,9;40,9;41,9;43,2;43,9;45;46,4;48,5;48,6;45,7;42,9;41,2;39;37,7;36,5;34,3;30,8;28,8;27,3;26,6;27,9;32,9;37,7;39,9;41,2;41,1;40,6;40,3;39,6;39,5;39;39;39;38,5;38,1;37,7;37,8;37,6;37,5;37,5;37,1;36,9;36,8;36,6;36,2;36,1;36;36,1;36,1;35,7;35,8;35,8;35,5;35,4;35,4;35,1;35,4;35,1;34,9;35,1;34,6;34,6;35,3;35,2;35;34,5;34,9;34,7;34,9;34,9;35;34,5;34,5;34,7;34,9;34,3;34,5;34,1;34,5;33,9;33,9;33,6;34;34;35;33,6;33,6;32,9;32,5;32,6;32,5;31,6;31,5;31,6;31,6;31,2;31;31;31;30,7;30,8;29,7;28,8;27,9;26,8;26,6;26,6;26;25,4;23,6;22,1;20,9;20,7;20,6;20,9;20,9;20,5;20,1;20,2;20,8;20,8;20,5;20,2;20,6;20,6;20,5;20,7;20,5;20,4;20,5;20,7;20,2;20,1;20,1;20,4;19,9;20,1;20,4;20,8;20,4;20,2;19,9;20,2;20,1;20,1;20,6;20,5;20,4;20,2;20,1;20,2;20,4;20,2;20,7;20,1;20;20,1;20,5;20,4;20,2;20,2;20,1;20,5;20,1;20;19,8;20,4;20,4;20,2;20;20;19,9;20;20,2;20,7;20,4;20,1;19,9;20,1;20,1;20,6;20,1;19,9;19,5;19,6;19,8;19,6;19,6;21,2;19,5;20,5;20,1;20,1;20,6;19,5;20,1;19,8;19,8;19,8;20,4;20;20,2;19,3;19,6;20,5;20;19,5;19,6;19,9;20,1;20,6;20,4;19,8;19,8;19,9;20;20,5;20,4;20,4;19,9;19,3;19,8;20,4;19,6;19,6;20;20;19,8;19,9;19,9;19,8;20;20,1;20;19,9;20;20,4;20,2;19,8;19,9;20;20,1;20,2;19,5;20,5;20,2;20,4;20,2;20,1;19,6;19,8;19,6;20;19,5;20;19,5;20,2;20,2;19,9;20,1;19,6;19,9;20,1;20;19,9;20,1;20,1;20;19,8;19,9;19,9;20,2;19,9;20;20,4;19,5;20,1;20;19,8;20,1;20,5;19,5;19,8;20,1;20;19,9;19,920,9;20,8;20,9;20,8;20,9;20,7;21,2;20,9;21,1;21,2;20,8;21,1;20,6;20,9;21,1;21,2;20,7;20,8;20,8;20,8;20,8;21,1;20,8;20,7;20,6;20,5;20,8;20,9;20,8;20,6;20,7;20,7;20,8;20,7;20,9;20,6;20,6;21,1;20,9;20,9;21,1;20,5;20,8;20,9;20,2;20,7;20,7;20,4;20,5;20,6;20,6;20,8;20,8;20,6;20,2;20,7;20,6;20,5;20,7;20,5;20,6;20,5;20,2;20,5;20,2;20,2;20,6;20,5;20,5;20,2;20,2;20,6;20,7;20,2;20,5;19,9;20,1;20,1;20,1;20,5;20,2;20,2;20,1;20,5;20,8;19,6;20,4;20,4;20,2;20,6;21,1;20,8;20,6;20,7;20;20,4;20,4;20;20,1;20,5;20,7;19,8;20,4;20,1;20;20,7;20,2;19,9;20,7;20;20,1;19,9;19,9;20,1;20,2;20,2;20,1;20,1;20,1;19,6;20,1;20,6;20,1;20,1;20,5;20,2;20,4;20,5;20,4;20,2;20,1;20,1;20,7;20,4;20,1;20,2;20,1;20,4;20,2;20,1;20,1;20;19,9;20,1;20,2;20,4;20;20,1;20,4;20,2;20,2;20,6;20,2;20,1;20,4;20,2;20,6;20,4;20,6;20,5;20,4;20,4;20,4;20,5;20,4;20,4;19,9;20,6;20,1;19,9;20,4;19,9;20,1;20,2;19,9;19,9;19,6;20;20;19,8;20,2;20;19,6;20;19,8;19,5;19,4;19,6;20,1;19,9;19,5;20;20,5;22,1;25,3;26,7;27,3;26,7;27,7;27,6;28,1;30,2;31;31,4;31,6;31,8;32;32,8;32,4;32,8;32,9;33,5;33,6;33,9;34,2;34,5;34;33,9;34,3;33,7;34,2;34;34,4;34,2;34,1;34;34;34,3;34,2;34,1;33,9;33,9;34,1;34;33,9;34,1;34,2;33,8;33,7;34,1;34,2;33,9;34,1;34,1;33,9;33,9;34,1;33,9;34,1;33,8;34;34,3;34,3;34,5;34,5;34,4;34,9;34;35;34,9;35,3;35,4;35,3;35,6;35,7;35,9;36;36,1;36,6;36,7;37,5;37,8;37,9;38,7;39;39,8;40,3;40,9;41,9;42,8;43,7;42,2;35,7;28,6;25,6;25,3;26,8;31,4;38,1;43,8;46;45,1;44;43,3;42,5;41,2;40,6;39,8;39;38,7;38,1;37,2;36,8;36,9;36,4;36,1;36,2;36,2;36,1;35,8;35;35,4;35,2;35,1;35,4;35,3;34,9;35,2;35,1;34,6;34,9;34,5;34,5;34,9;34,6;34,6;34,9;34,7;34,7;34,5;34,4;35,1;35,3;35;35,3;35,3;34,9;35,6;35,4;35,4;35,8;36;35,8;36,3;36,3;36,4;36,9;36,9;37,2;37,5;38,1;38,7;39,8;40,3;41;41,5;42,7;44;45,2;46,6;48,7;49,2;46;43;41;39,1;37,8;36,5;34,4;30,5;28,7;27,2;26,4;27,5;32,7;37,1;39,8;41;40,8;40,5;40,2;39,6;39,3;39,3;38,6;38,4;38,5;38,2;37,5;37,7;37,8;37,4;37,1;36,9;36,8;36,5;36,1;36,1;36,1;36,2;36;35,4;35,2;35,2;35,3;35,4;35,1;35,3;35,1;35,2;35,2;34,9;34,9;34,4;34,9;35,1;34,9;35;34,4;34,7;34,5;35;34,7;35,1;34,5;34,7;34,2;35;34,3;34,5;33,7;34,2;33,9;34,2;33,5;34;34,3;34,7;33,7;33,5;33;32,2;32,6;32,1;31,5;31,5;31,4;31,6;31,5;31;31,2;30,9;30,8;30,4;29,7;28,9;27,8;27,2;26,6;26,5;26,2;25,5;23,6;22,1;20,8;20,7;20,7;20,8;20,7;19,8;20,2;19,9;20,7;20,8;20,4;20,1;20,2;20,5;20,1;20,5;20,2;20,2;20,4;20,6;20,4;20,2;20,4;20,4;19,9;20,6;20,4;20,6;20,2;20,4;20;20,5;20,5;20,2;20,4;20,8;20,5;20,4;20,4;20,4;20,6;20,2;20,4;20;20,2;20,4;20,1;20,1;20,2;20,2;20,2;20,6;20,2;20;19,8;20,1;20,4;20,4;20;20;19,8;20,1;20,5;20,2;20,1;19,9;20;20,1;20,4;20,8;20,6;20,1;20;20,4;19,8;19,8;20;20,2;20,2;20,5;19,9;20,1;20,1;20,4;19,3;20,2;20;19,8;20,1;19,6;19,9;20,4;20,2;20,8;20;20,9;20,4;19,6;20,7;20;20,2;20,1;19,6;20;20,1;20,2;20,2;20;20,2;20,2;20,1;20;20,2;20,2;20,2;19,9;19,8;20;20,1;20,1;20,1;20,2;20,2;20;19,9;19,9;19,5;19,5;20,1;20,6;19,5;20,1;19,6;20,5;20,1;19,9;20,1;20;19,9;20,1;19,6;20,1;19,8;20,1;19,5;20,1;20,5;20,2;19,9;19,6;19,8;20;20,1;20,5;20,4;20;20;19,8;19,5;19,8;20,5;20,2;19,8;20;19,6;20;19,9;19,8;19,8;20,1;19,3;20,4;20,1;20,2;20,1;20,521,1;21,1;21,4;20,8;20,7;20,7;20,6;21,1;21,2;20,9;20,5;20,6;20,6;20,6;20,8;21,1;20,7;20,9;20,8;20,7;20,7;20,8;20,8;20,6;20,4;20,5;20,8;20,7;20,7;20,6;20,6;20,8;20,7;20,4;21,1;20,8;20,8;20,9;20,7;20,9;20,7;20,4;20,5;20,7;20,7;20,7;20,5;20,5;20,8;20,7;20,6;21,1;21,1;20,9;20,5;20,2;20,5;20,4;20,2;20,5;20,8;20,6;20,1;20,7;20,9;20,5;20,9;20,9;20,6;20,6;20,8;20,7;20,2;20,2;20;20,2;20,2;20,1;20,2;19,9;20,5;20,6;20,1;20,5;20,7;19,9;20,2;20,5;20,5;20,6;19,8;20,4;20,6;20,5;20,1;20;20,1;20,6;20,7;20,6;20,2;20,4;20,4;20,4;20,2;20,1;20,1;20,2;20,5;20,4;20;20,1;20,1;20;20;20;20,4;20,2;20,2;20;20,4;20,5;20;20,1;20,4;20,5;20,2;20,1;20,2;20,5;20,6;20,5;20;20,2;20,4;20,4;20,1;20,5;20,7;20,5;20,1;20,2;20,2;20,1;20,1;20,1;20,2;20,2;20,5;20,6;20,2;20,7;20,4;20,2;20,2;20,4;20,4;20,2;20,2;20,4;20,6;20,6;20,1;20,5;20,2;20,5;20,2;20;20;19,9;20,2;20;20;20;20;20;19,5;20,4;19,9;20;20,1;19,9;19,5;19,9;19,8;19,8;19,8;20,1;19,9;19,9;19,8;20;20;22,2;25,5;26,8;27,2;27,4;27,5;28;28,2;30,5;31,4;32;31,6;32,2;32,7;32,9;32,9;33,3;32,9;33,6;33,7;34,3;34,2;34,5;34,5;34,3;34,3;34,1;34,3;34,1;34,3;34,2;34,3;34,2;34,1;34,4;34,6;34,4;34,2;34,1;34,2;34,3;34,1;34;34,2;34,2;34,1;33,9;34,1;34;34,1;34,3;34,2;34,1;34,3;34,3;34,3;34,3;34,3;34,2;34,3;34,5;35;35;35,2;34,6;35;34,7;35,4;35,6;35,6;35,9;36,3;36,1;36,4;36,4;36,9;37,4;37,6;38,1;38;39,1;39,1;40,1;40,7;41,3;42,6;43,5;43,7;42,5;36,6;29,4;25,8;25,4;26,7;31,2;38,4;44,5;46,6;45,9;44,7;43,9;42,8;42;41,3;40,3;39,5;39,1;38,5;38;37,9;37,7;37;36,7;36,4;36,1;36,2;36,2;36;35,7;35,4;35,6;35,7;35,4;35,4;35,6;35,5;35,3;35,3;35,4;35,2;35,3;34,9;35,2;35,1;35,4;35;35;35,1;35,2;35,2;35,4;35,2;35,7;35,7;36,1;36;35,9;36;36,1;36,3;36,6;36,9;37,2;37,2;37,5;38,1;38,1;38,6;39,2;39,9;40,7;41,4;42,5;43,5;44,7;45,9;47;49,2;49,3;46,2;43,6;41,4;39,6;38,2;37,1;35;31;28,8;27,2;26,8;27,6;33,2;37,7;40;40,9;41,2;40,7;40,4;40;39,8;39,5;39;38,8;38,5;38,4;37,9;38;38;37,5;37,1;36,9;36,7;36,5;36,5;36,5;36,1;36;36,3;36;35,7;35,8;35,5;35,6;35,4;35,1;35,3;35;35,2;35,4;35,2;34,6;34,9;35;35;35,1;34,9;35,4;34,5;35,1;34,5;35;34,9;35,1;34,7;34,9;34,6;34,5;34,6;34,1;33,9;34;33,8;34,1;34,5;34,6;33,9;33,8;33,4;32,8;32,5;32,2;31,7;31,8;31,6;31,6;31,6;30,9;31,4;30,7;31;30,4;30,1;29,1;27,7;27,3;26,7;26,6;26,4;25,5;23,8;22,6;21,2;21,1;20,6;20,8;20,7;19,8;20,4;20,5;20,6;20,6;20,5;20,4;20,5;20,5;20,4;20,7;20,5;20;20,2;20,6;20,5;20,5;20,5;20,5;19,9;20,1;20,1;20,6;20,4;20,4;20,4;20,2;20,2;20,4;20,2;20,6;20,4;20,5;20,4;20,2;20,2;20,4;20,6;20;20,2;20,5;20,2;20;19,9;20,4;20,1;20,5;20,1;19,6;20;20;20,4;20,1;20,2;20,1;20,4;20,1;20,4;20,4;20;19,9;20,2;20,4;20,2;20,2;20,2;20;19,9;20,2;20,6;20,5;20,4;20,4;19,9;19,8;20,1;20,6;20,2;20,4;19,9;20,6;19,9;20,2;20,5;20,5;19,4;19,9;19,8;20;20,4;20,4;21,1;20,5;20,6;20,8;20,1;20,1;19,9;20,5;20;20,6;20,6;19,9;20,1;20,4;20,1;19,9;19,5;20;20,1;19,9;19,9;20;20;20,4;20,1;19,9;20;19,9;20,1;19,8;19,5;20;20,2;20,5;19,4;20;20;20,1;19,8;20;19,9;19,8;20;20,2;19,9;19,6;20,1;20;19,9;20,1;20,2;20,4;20,1;19,8;19,9;19,9;20;20,1;20,1;20;19,9;19,9;19,8;19,4;19,8;20;19,9;20;19,5;20,4;19,5;19,6;19,9;20,4;19,3;20,2;19,5;20,1;19,6;19,821,1;21,2;21,4;21,1;20,9;20,7;20,9;21,2;21,2;21,2;20,8;20,9;20,8;20,5;21,1;20,9;20,9;20,9;20,8;21,1;20,9;20,8;20,8;20,7;20,5;20,7;21,2;20,9;20,7;20,5;20,6;20,7;20,6;20,5;20,6;20,8;20,7;20,6;20,6;21,2;20,5;20,5;20,6;20,9;21,2;20,5;20,6;20,7;20,5;20,5;20,2;20,7;20,8;20,6;20,6;20,7;20,4;20,2;20,4;20,5;20,5;20,4;20,2;20,2;20,2;20,1;20,2;20,4;20,5;20,5;20,4;20,1;20,5;20,5;20,5;20,7;20,4;19,8;20,2;19,8;19,5;20;20,6;20;20;19,6;19,8;20,1;20,1;19,8;20;20,6;20;20,6;19,6;20;19,8;20,7;20;20,5;20,4;20,5;20,1;20,1;19,9;20,5;20,5;20;20;20;19,4;19,8;19,5;19,3;20;20;20,1;20;19,6;19,8;20,1;20,2;19,8;19,9;19,9;20;20;20,4;20,5;20,1;20;20;20,2;20;20;20;20,1;20,1;20,1;20;20;19,9;19,9;20,1;20,4;20,2;20;19,8;20,2;20,4;20,2;20,4;20,2;20,1;20,1;20,2;20,2;20;19,9;20,1;20,6;20,2;20,1;20,1;20;20,4;20;19,9;20,2;19,8;19,9;20,4;19,6;19,8;19,5;20;19,6;20,2;19,4;19,8;20,1;19,5;19,5;19,9;19,4;19,8;19,5;19,9;19,5;19,4;19,8;20;19,6;22,1;25,2;26,7;27,3;27,9;27,6;28,2;28,1;30,2;31,7;32,4;32,2;32,6;32,5;32,6;33,1;33,3;33;33,7;34,1;34,4;34,4;34,7;34,4;34,2;34,4;34,2;34,6;34,1;34,4;34,2;34,4;34,3;34,3;34,9;34,9;34,5;34,6;34,4;34,6;34,5;34,6;34,5;34,7;34,7;34,4;34,4;34,5;34,3;34,2;34,5;34,5;34,4;34,3;34,3;34,4;34,4;34,9;35,1;34,7;35;35,3;35,4;35,3;35,3;35,1;35,4;35,5;36,2;35,8;35,7;36,5;35,9;36,7;37;37,2;37,8;38;38,3;38,3;39,3;39,2;40,8;41;41,6;42,7;43,7;44;42,7;36,8;30,1;25,7;25,5;26,7;31,4;38,8;44,8;47,2;46,3;45;44,1;43,2;42,2;41,4;40,9;40;39;38,7;38,6;38;38;37,9;37,1;36,6;36,7;36,4;36,2;36,3;35,9;35,6;36;35,9;36;36,1;35,8;35,8;35,6;35,6;35,6;35,6;35,4;35,7;35,6;35,7;35,8;35,4;35,6;35,2;35,9;36;35,9;36,2;36,2;36,2;36,2;36,4;36,3;36,4;36,9;36,9;37,1;37,2;37,7;37,9;37,9;38,4;38,6;39,2;39,6;40,4;41,2;41,6;42,7;43,9;44,9;46;47,1;49,4;49,8;46,3;43,8;41,5;39,8;38,5;37,1;34,6;31,4;28,9;26,6;26,8;27,9;33;37,9;40,7;41,4;41,3;40,9;40,9;40,3;39,6;39,3;39,2;39,2;38,8;38,6;38,3;37,9;37,9;38;37,5;37;36,9;37,1;36,9;36,4;36,3;36,5;36,3;36;35,9;35,9;35,6;35,5;35,6;35,2;35,4;35,2;35,1;35,4;35,3;35;35,2;35,1;35,3;35,4;35;35,2;34,9;35,1;34,6;35,3;34,9;35;35,2;34,9;34,3;34,6;34,5;34,5;33,9;33,9;34;34,4;34,3;34,2;33,8;33,9;33,1;32,9;32,2;32,4;32;32;32,2;31,4;31,6;31,1;31,3;30,8;31;30,6;30,3;29;27,6;27,5;26,3;26,6;26,3;25,5;23,7;22,5;21,1;20,7;20,5;20,6;20,4;20,2;20;20,5;20,4;20,4;20,4;20,2;20,4;20,5;20,7;20,5;20,4;20,2;20,2;20,6;20,4;20;19,9;20,4;20,2;20,1;20,1;20,6;20,5;20,2;20,1;20;19,8;20;20,1;20,5;20,2;20,1;19,9;19,6;20,1;19,9;19,8;20;19,9;20,2;20,2;19,8;19,6;19,6;19,8;19,8;20;20;19,8;19,6;20,2;20,1;19,8;19,5;19,6;19,8;20,1;19,9;20,2;20,1;19,5;19,8;19,6;20,1;19,9;20;20,1;19,8;19,8;19,9;20;20,4;19,8;20,1;20;20,2;19,3;19,9;19,9;19,6;19,8;19,6;19,4;19,5;19,5;20,1;19,6;19,9;19,4;20;20;19,3;20,1;19,8;19,5;19,5;19,4;20,2;19,9;19,8;20,2;19,2;19,3;19,4;19,3;19,2;19,4;19,9;19,9;19,8;19,5;19,5;20,1;20,4;20;19,9;20;20,1;19,9;19,4;19,9;20,4;20,2;20,4;19,6;20,6;20,5;20;19,8;19,9;19,9;20;20,1;20,1;20;19,4;20,4;19,9;19,4;19,6;20,1;19,9;20,4;20;19,9;19,9;20,1;20;20,2;20,2;20;20,2;20;19,9;19,6;19,8;19,9;20;19,5;20,6;19,3;19,8;20;20,1;19,6;20,4;20,1;20,1;19,6;19,920,9;20,8;20,8;20,8;20,8;20,8;20,9;21,4;20,7;21,6;21,9;21,1;20,7;20,8;21,6;21,1;20,8;20,6;21,1;20,9;20,9;20,9;21,1;21,1;20,7;20,8;21,2;21,5;20,9;20,9;21,1;20,8;20,9;20,8;20,6;21,1;20,6;20,7;20,8;21,2;20,7;20,7;20,9;21,2;20,9;20,9;20,7;20,8;20,9;20,7;20,6;20,7;21,2;20,7;20,6;20,7;20,8;20,7;20,7;20,7;20,7;20,6;20,7;20,7;20,6;20,8;20,9;20,7;20,4;20,2;20,8;21,4;21,1;21,2;20;20,6;20,6;20,4;20,6;20,6;20,9;20,7;20;20,6;20,5;20,5;21,1;20,7;20,6;20,5;19,9;20,4;20,6;20,6;20;20,5;20;20,8;20;20;20,6;20,6;20,1;20;20,2;20,5;20,2;20,1;19,9;19,8;19,9;20,2;20,4;20,1;20,2;20,5;20,8;20,1;20,4;20,4;20,6;20,5;20,4;20,4;20,7;20,5;20,1;20,2;20,4;20,5;20,5;20,5;20,5;20,5;20,1;20,1;20,5;20,5;20,5;20,1;20,2;19,9;20;20,4;20,4;20,5;20,4;20,1;20,1;20,2;20,4;20,5;20,6;20,5;20,4;20,5;20,7;20,5;20,1;20;20,4;20,2;20,4;20;20,4;20,5;20,2;20,2;20,2;20;19,9;20,4;20;20,1;19,6;19,6;19,8;19,9;19,2;19,6;19,9;19,6;19,9;19,8;19,3;19,5;19,3;19,8;19,8;19,5;19,6;19,6;19,6;22;25,5;27,1;27,4;28;27,6;28,2;28,4;30,4;31,8;32,8;32,7;32,7;32,4;33;33,3;33,5;33,2;33,9;34;34,6;34,9;35;34,4;34,4;34,4;34,3;34,7;34,3;34,6;34,5;34,7;34,7;34,7;35,3;34,7;35;35,1;34,6;34,7;34,9;34,9;34,5;34,5;34,5;34,6;34,2;34,5;34,6;34,6;34,4;34,4;34,4;34,6;34,7;34,9;34,7;35;35,3;35;35,2;35,4;35,1;35,4;35,7;35,6;35,7;35,8;36,1;36;36,2;36,7;36,4;36,9;37,1;37;38,2;38,2;38,8;38,8;39,5;39,5;41;41,2;41,9;43,2;43,9;44,5;42,9;36,7;29,7;25,7;25,5;26,8;31,6;38,8;44,8;47,4;46,5;45,6;44,5;43,5;42,4;41,4;40,8;40,2;39,6;39,1;39;38,4;38,1;38,1;37,4;37,2;37,1;36,9;37,1;36,9;36,8;36,4;36,3;36,2;36,5;36,4;36,1;36,1;35,8;35,9;36,2;35,9;35,9;36;35,9;36,2;36,2;36;36,4;35,9;36,1;36,1;36,2;36,3;36;35,9;36,2;36,5;36,7;36,6;37,1;37,4;37,1;37;37,4;38,1;38,4;38,5;38,6;39,3;40,3;40,7;41,2;42;43,3;44,1;45,4;46,5;47,8;49,9;50,1;47,1;44,1;41,4;40,2;39;37,4;34,6;31,4;28,6;26,6;27,1;28,1;33;37,9;40,7;41,5;41,5;41,2;40,6;40,5;40,2;39,6;39,1;39;38,9;38,4;38,2;38,1;37,9;38;37,8;37,5;37,2;36,9;36,6;36,6;36,8;36,7;36,5;35,9;36;36;35,8;35,7;35,6;35,4;35,5;35,5;35,3;35,2;35,1;35;35,2;35,1;35,4;35,4;35,4;35,1;35,3;35,3;35;35,2;35,4;35,1;35,4;34,7;34,6;34,7;34,4;34,5;34,1;34;34,3;34,7;34,2;34,3;34,1;34,1;33,1;32,8;32,4;32,4;32,2;32,4;32,1;31,3;31,8;31,7;31,5;31,4;31,2;30,9;30,2;28,9;27,6;27,8;26,6;26,7;26,4;25,4;23,8;22,2;21,4;20,7;20,7;20,6;20,1;20,5;20,1;20,2;20,5;20,7;20,6;20,5;20,5;20,4;20,6;20,7;20,7;20,4;20,2;20,4;20,4;20;20,2;20,2;20,2;20,1;20,2;20,5;20,4;20,4;20,4;20,5;20,2;20,6;20,8;20,5;20,4;20,6;20,5;20,1;20,5;20,5;20,1;19,8;19,9;20,6;20,8;19,9;20,2;20,4;20,2;20,4;20,2;20,2;20,2;20,6;20,5;20;20,8;20,1;19,8;20,4;20,7;20,9;20,2;19,6;20,5;20,6;20,2;20,1;20,1;19,6;20;20;20,4;20,2;20,7;20,5;20,5;20,9;19,8;20,2;20,5;20;20,1;20,4;20,1;19,8;20,4;20;20,4;20,4;19,9;21,4;19,6;20,4;20,7;20,1;20,2;20,2;20,7;20,5;20,1;20,2;20,1;19,9;20;19,9;19,8;20,2;20,2;20,4;20,1;20,4;20,1;20,2;20,4;20,4;20,2;20;20;19,9;19,6;20,1;20,1;19,9;20;20,5;20,5;20,5;19,8;20,6;20,5;20,5;19,6;19,6;20,2;20,2;20,6;20,1;19,8;19,8;20,2;20,2;19,2;20;20,6;20;20,6;20;20,1;20,1;20,2;20,2;20,4;20,1;20,1;20,4;20;19,9;20,2;20,5;20,2;20,4;20;20,5;19,6;20,1;20,6;20,7;20;20,5;20,2;20,2;20,1;20,621,1;21,1;21,1;21,2;21,2;20,9;20,8;21,4;20,7;21,1;21,6;21,4;20,6;21,2;21,2;20,9;20,6;20,7;20,9;20,8;20,8;20,9;21,1;21,1;20,8;20,9;21,4;21,2;21,1;21,4;21,5;20,9;21,1;20,8;20,7;20,8;20,5;20,6;20,7;21,4;20,8;20,4;20,8;21,1;20,7;20,9;20,7;20,4;20,6;21,1;21,1;20,8;20,8;20,4;20,5;20,7;20,6;20,5;20,6;20,6;20,7;20,9;20,8;20,5;20,8;20,7;20,8;20,9;21,2;20,6;20,8;20,6;20,6;20,5;20,6;20,8;20,7;20,9;20,9;20,4;20,1;20,5;20,7;20,5;20,2;20,5;20,7;20,2;20,7;20,4;20,6;20,4;20,6;21,1;20,1;20,5;20,7;20,7;20,1;20,7;20,5;21,1;20,6;20,4;20,4;20,8;20,6;20,2;20,5;19,5;20,2;20,2;20,4;20;20,2;20,5;20,5;20,6;20,6;20,5;20,4;20,5;20,6;20,5;20,2;20,4;20,4;20,6;20,5;20,5;20,4;20,7;20,5;20,7;20,4;20;20,2;20,4;20,2;20,2;20,1;20;20,5;20,6;20,6;20,5;20;20,1;20,2;20,2;20,2;20,5;20,6;20,7;20,2;20,1;20,5;20,6;20,2;20,1;20,7;20,6;20,6;20,2;20,5;20,5;20,5;20,5;20,1;20,2;20,2;20,2;20,4;20,6;19,9;19,8;19,9;20,2;19,6;19,8;19,9;19,9;19,9;20,1;19,5;19,6;19,8;19,9;19,9;19,8;19,8;19,8;20,1;22,2;25,7;27,5;27,7;27,9;27,8;27,9;29,1;30,9;31,8;33;32,8;32,8;32,9;33,5;33,6;33,8;33,6;34,1;34,4;35,4;35,4;35,2;34,9;35;34,9;34,6;34,9;35;35,3;35,4;35,1;35,2;35;35,4;35,3;35,4;35,4;35,2;35,2;35,1;34,9;35;35;35;35;35,1;35,2;35;35,1;35,1;35,3;35,2;35,1;35,5;35,7;35,5;35,3;35,4;35,6;36;35,9;35,5;36;36,3;36,3;36,2;36,1;36,8;36,9;36,8;37,2;37,1;37,7;37,4;38;38,4;38,4;39,1;39,3;40,2;40,4;41,4;41,7;42,7;43,9;44,3;45,4;43,2;37,1;30,1;26,2;25,7;27,2;32,4;39,1;45,2;47,9;47,5;46;45;44;43,1;42,5;41,4;40,9;40,3;39,2;39,2;39;38,7;38,8;38,4;38;37,9;38;38;37,5;37,6;37,2;37;37,1;36,9;36,9;37;36,6;36,4;36,9;37;36,5;36,8;36,4;36,4;36,7;36,6;36,9;36,6;36,9;36,8;36,7;36,9;37;36,8;36,7;37;37,4;37,7;37,5;37,5;37,7;38;38,2;38,6;38,6;38,7;39,1;39,3;40,3;41;41,4;41,7;43,2;44;45;46;47,4;48,6;50,5;50,6;47,6;45;42,5;41;39,6;38,1;35,3;31,5;29,1;27,4;27,4;28,5;33,6;38,3;41,2;41,9;42,2;41,7;40,8;41,2;40,4;40,2;39,6;39,5;39,2;38,9;38,7;38,6;38,4;38,4;38,1;37,6;37,6;37,5;37,2;37,2;37,2;37;36,8;36,2;36,5;36,7;36,3;36,2;36,1;36,1;36;35,9;35,9;35,8;35,5;35,3;35,8;35,6;35,7;35,5;35,4;35,8;35,3;35,8;35,5;35,4;35,7;35,6;35,5;34,9;35,1;35,2;35,1;34,6;34,2;34,7;34,6;34,7;34,7;35,1;34,4;34,7;33,8;33,1;33;32,7;32,5;32,5;32,1;31,8;32,2;32,4;32,2;31,4;31,3;31,3;30,6;29,4;28;27,6;27,2;26,6;26,6;25,7;24,3;22,6;21,8;21,4;20,7;20,7;20,5;20,7;20,5;20,6;20,5;20,4;20,6;20,5;20,5;20,5;20,5;20,6;20,6;20,2;20,2;20,2;20,4;20,4;20,5;20,4;20,1;20,1;20,1;20,4;20,7;20,4;20,1;20,4;20,1;20,1;20,8;20,8;20,6;20,6;20,6;20,6;20,5;20,1;20,4;20,4;20,8;20,9;20,9;20,5;20,2;20,2;20;20,2;20,4;20,2;20,2;20,4;20,4;20,6;20,2;20,5;20,4;20,7;20,9;20,4;20,5;20;20,1;20,4;20,8;20,6;20,2;20,2;19,9;20,2;20;20,1;20,5;20;19,9;19,9;19,9;19,6;20,8;20;20,2;19,9;20,5;20;20,6;20,6;20,2;20,7;20,5;20,1;19,6;20,4;20,7;20,4;20;20,7;20,4;20;20,4;20,8;20,4;20,5;20,5;20,6;20,5;20,1;20,5;20;19,8;20,6;20,7;20,4;20,1;19,9;20,1;20,2;20,2;20,4;20,5;20,4;20,2;20,2;20;20,6;20,4;20,1;19,9;20,2;20,4;20,8;19,9;19,9;20,5;20,2;20,2;20,2;19,6;19,9;19,9;20,7;19,9;20,4;20,4;20,1;20,6;20;20,4;20,1;20;20,1;20,1;20;20;20;20;19,9;20,4;20,4;20,4;20,2;20,4;20;20,5;20,1;20,2;20,4;20,1;20,1;20,5;19,9;19,8;20,521,1;21,2;21,2;21,4;20,9;20,9;20,8;21,2;21,4;21,2;21,8;21,2;20,9;21,2;21,1;20,7;21,1;21,2;20,9;21,1;20,8;20,7;20,9;20,9;20,8;21,1;21,5;21,1;20,8;20,9;21,1;21,1;20,8;20,9;20,9;20,9;20,7;20,6;20,7;21,4;20,8;20,7;21,1;21,1;20,8;20,7;20,8;20,4;20,4;20,8;21,1;21,2;21,4;20,9;20,7;20,7;20,5;20,2;20,6;20,8;20,8;20,8;20,8;20,8;20,5;19,9;20,4;20,8;21,1;20,8;20,6;20,4;20,1;20,8;20,4;20,9;20,6;20,9;20,1;20,7;20,5;19,9;20,9;20,4;20,5;20,5;20,9;20,2;20,5;20,1;20,7;20,2;20,7;20,6;20,7;20,5;20,6;20,5;20,4;20,8;20,8;20,7;19,9;20,1;20,5;20,7;20,5;20,4;20,5;20,1;20;20,1;20,1;20,4;20,4;20,2;20,1;20,4;20,6;20,5;20,4;20,4;20,1;20,5;20,7;20,4;20,5;20,5;20,4;20,7;20,5;20,4;20,5;20,7;20,7;20,5;20,4;20,5;20,5;20,2;20,2;20,2;20,6;20,6;20,6;20,4;20,5;20,2;20,5;20,4;20,5;20,7;20,6;20,5;20,2;20,6;20,8;20,7;20,2;20,1;20,9;20,7;20,2;20,2;20,7;20,5;20,1;20,4;20,4;20,5;20,2;20,2;20,5;20,2;20;20,2;19,5;20,2;20;19,9;19,9;19,9;20;20;19,4;19,9;19,5;20;19,8;19,9;20;20;20,2;22,2;25,6;27,5;27,9;28;28,4;28,1;29,2;31,6;32,1;33,1;33,1;33,1;33,3;33,9;33,8;34;34;34,4;35,3;35,6;35,4;35,8;35,4;35;35,4;35,3;35,5;35,7;35,6;35,5;35,2;35,4;35,3;35,4;35,6;35,6;35,6;35,3;35,3;35,2;35,4;35,5;35,3;35,3;35,3;35,4;35,3;35,3;35,5;35,5;35,6;35,7;35,7;35,6;35,6;36;36;35,7;35,9;36;36,1;35,8;36,4;36,2;36,7;36,6;36,5;37,2;37,5;37,2;37,6;37,1;38,1;38;38,4;38,8;39;39,6;40,1;40,5;40,8;41,9;42,4;43,1;44,2;45;46,2;43,9;37,7;30,1;26;25,6;27,3;31,8;39,9;46;48,4;47,8;46,8;45,5;44,5;43,6;43;42,7;41,8;40,9;40,5;40,3;39,9;39,3;39,1;39,1;38,8;38,4;38,5;38,2;37,8;38,6;38,1;38;37,8;37,7;37,2;37,2;37,4;37,1;37,9;37,5;37,2;37,4;37,1;37,1;37;37,4;37,5;37,2;37,1;37,1;37,6;37,7;37,5;37,4;37,6;37,7;38,1;38,1;38,1;38,2;38,4;38,8;38,9;39;39,1;39,3;39,8;40,2;40,9;41,4;41,9;42,7;43,8;44,7;45,5;46,5;47,8;49,3;51,3;51,3;47,7;45;42,7;41,2;39,9;38,4;35,3;31,5;29,3;27,4;27,3;28,6;33,8;38,5;41,2;42,4;42,5;41,9;41,6;41,5;41,2;40,2;40,3;40,3;39,5;39,1;39;39;38,8;38,7;38,6;38,1;38,2;37,9;37,6;37,4;37,1;37,1;37;36,6;36,5;36,7;36,7;36,7;36,4;36,3;36;36,3;36,2;35,9;35,7;35,9;36;35,7;35,8;35,4;35,5;36,1;35,7;35,9;35,6;35,8;35,8;35,9;35,5;35,5;35,5;35,5;35,3;34,9;34,7;35;35;34,9;35,2;35;34,9;34,9;34,1;33,7;33,6;32,8;32,6;32,6;32,5;32;32,4;32,4;32,2;31,5;31,4;31,3;30,8;29,9;28,2;27,9;27,3;26,7;27,2;26,1;24;22,6;21,9;21,2;20,5;20,6;20,7;20,5;20,8;20,6;20,8;20,5;20,5;20,5;20,4;20,6;20,6;20,6;20,5;20,2;20,1;20,4;20,6;20,6;20,5;20,6;20;20,2;20,4;20,5;20,4;20,5;20,1;19,8;20;20;20,4;20,7;20,7;20,6;20,4;20,6;21,1;20,4;19,9;19,9;20,2;20,1;20,2;20,4;20,4;20,6;20,4;20,1;20;20,1;20,1;20,1;20,1;20,2;20,4;20,1;20,4;20,5;20,9;20,9;20,8;20,8;20,2;20,1;20,1;20,6;20;20,1;20,4;20,4;20,2;20;20,7;20,5;20,4;19,8;20,5;20,4;20;20,7;20,2;19,9;20,2;20,2;19,9;20;20,2;20;20;20,6;20,2;20,6;20,6;20,5;20,4;20,1;19,9;20,5;20,8;19,8;19,6;20,4;20,5;20;19,9;19,9;20;19,9;20,2;20,4;20;19,8;19,8;20;20,4;20,2;20,1;20,1;20,4;20,5;20,4;20,2;20,2;20,8;20,7;20,4;20;20,1;20,7;20,4;20,5;20,2;20,2;20,1;19,9;20,5;19,9;20,4;19,9;20,7;20,4;20,2;20,2;20,2;20,5;20,4;20,5;20,1;19,9;20,2;20,5;20,2;20;19,9;19,8;19,9;20,4;20;20,1;19,9;20,2;19,9;20;20,1;20,1;20,6;20;20,2;20,1;20;20,1;20,221,1;20,9;20,9;20,8;21,1;21,1;20,6;21,2;21,1;21,1;21,5;20,9;20,8;21,4;21,1;20,8;21,1;21,1;20,8;20,8;20,8;20,7;20,7;20,8;20,7;20,8;21,4;21,1;20,7;20,6;20,6;21,1;20,8;20,8;20,8;20,8;20,8;21,1;20,7;20,8;20,8;20,6;21,2;20,8;21,1;20,6;20,8;20,6;20,9;20,9;20,8;20,8;21,4;20,9;20,7;20,7;20,8;20,9;21,1;20,6;20,5;20,7;20,9;20,9;20,7;20,9;20,9;20,6;20,7;20,9;20,7;21,2;20,6;20,9;20,7;20,6;20,9;21,1;20,5;20,2;20,8;20,4;20,4;20,5;20,7;20,8;20,6;20,2;20,7;20,7;20,5;20,6;21,1;20;20,5;20;20,8;20,5;20,5;20,1;20,4;20,6;20,6;20,6;20,6;20,5;20,4;20,5;20,5;20,5;20,5;20,5;20,1;20,1;20,2;20,2;20,1;20;20,5;20,6;20,5;20,2;20;20,2;20,5;20,4;20,5;20,5;20,5;20,4;20,4;20,5;20,6;20,6;20,8;20,5;20,5;20,4;20,4;20,4;20,5;20,5;20,5;20,8;20,6;20,5;20,6;20,5;20,6;20,7;20,7;20,7;20,4;20,4;20,4;20,2;20,6;20,6;20,1;20,2;20,7;20,8;20,2;20,2;20,4;20,7;20,2;20,5;20,5;20,6;20,1;20,2;20,4;20;19,6;20,6;20;19,9;20;20,1;20,1;19,8;19,9;20,1;19,4;19,9;19,8;19,8;19,8;20;19,9;19,9;20;22,2;25,7;27,8;28;28,4;28,5;28,6;28,9;31,7;32,8;33,3;33,2;33,4;33,5;34,1;34,1;34,2;34,3;34,9;35,6;36,1;35,7;36,1;35,9;35,3;35,7;35,4;36;35,8;35,7;35,7;35,7;35,8;35,9;35,8;36;35,9;35,7;35,7;35,9;36;36,1;35,7;35,9;36;35,9;36;35,8;35,5;35,7;35,9;36;36;36,1;36,1;36;36,6;36,6;36,2;36,1;36,5;36,7;36,6;36,8;37;37,4;37,1;36,9;37,6;37,8;37,8;38,4;38;38,7;38,4;39;39,1;39,4;40,2;40,4;41;41,3;41,8;42,9;43,5;44,7;45,2;46,2;44;37,4;30,2;26,4;26,2;27,5;32,7;40,2;46,6;49,2;48,4;47,4;46,2;45,4;44,5;43,4;42,7;42,5;42,2;41,2;40,5;40,6;40,5;40;39,5;39,2;39,2;39,2;38,8;38,6;38,9;38,7;38,6;38,3;38,2;38,2;38,2;38;37,8;38,2;38,1;38;38,1;38;37,9;38;38,5;38,2;37,7;37,8;38,3;38;38,6;38,1;37,9;38,5;38,6;38,7;38,7;38,7;38,9;39;39,2;39,3;39,5;39,6;40,1;40,6;41,2;41,6;41,7;42,5;43,3;44,6;45,2;46,2;47,3;48,2;49,5;51,8;51,8;48,4;45,6;43,2;41,6;40,3;38,8;36,1;31,7;29,7;27,3;26,7;28,7;34;38,5;41,5;42,7;42,7;42,3;42;41,5;41,5;40,9;40,4;40,6;40,1;40,1;39,6;39,2;39;39;39;38,4;38,2;38,1;38;37,6;37,5;37,6;37,5;37,1;37;36,8;36,9;37;36,6;36,7;36,6;36,5;36,4;36,3;36,2;36,6;36,4;36;36;36;36;36,5;35,9;36;35,7;35,8;36;36,1;35,9;35,7;36;35,7;35,4;35;35,3;35,4;35,1;35,3;35,7;35,3;35;35;33,9;34;33,9;33,4;32,9;32,9;32,8;32,2;32,4;32,4;32,2;32;31,8;31,4;31;29,9;28,4;27,8;27,8;27,4;27,1;26,1;24;22,6;21,8;21,1;20,7;20,5;20,6;20,5;20,6;20,4;20,9;20,8;20,5;20,5;20,6;20,4;20,4;20,7;20,6;20,8;20,6;20,4;20,4;20,4;20,2;20,5;20,4;20,5;20,7;20,8;20,2;20,2;20,4;20;20;20,2;20,2;20,2;20,1;20,5;20,5;20,4;20,4;20;19,6;19,6;20;20,2;20,5;20,7;20,7;20,7;20,5;20,4;20,1;20,1;20;20,4;20,8;20,5;19,9;20,1;20,6;20,9;20,4;20,5;20;19,5;19,8;19,9;20,2;20,6;20,6;20,1;19,6;19,6;20,1;20,4;20,4;20,4;20,4;21,4;20,1;20,2;20,5;20,6;20,1;19,9;20,1;20,6;19,9;19,8;19,6;20,2;19,8;20,4;20,4;20,7;20;19,8;20,5;20,4;20,4;21,1;19,9;20,7;20,2;20;20,5;20,1;20,4;20,1;20,2;20,4;20,4;20,5;20,7;20,4;19,8;19,8;20,9;21,4;20,7;20,4;20,4;20,4;20,5;20,2;20,4;20,2;19,9;20,1;19,9;20,2;20,8;20;20,1;20;20;20,1;20;20,5;20;20,5;19,9;20,5;20,4;20,5;20;20,2;20,5;20,7;20,5;20,1;20,1;20,5;20,6;20,1;19,8;20;20;19,9;20,4;19,9;19,8;20;20,1;19,6;19,9;20;19,9;20,6;19,9;20,4;20;19,9;19,6;19,821,1;20,9;21,1;20,6;21,1;21,1;20,6;21,6;20,7;21,2;21,2;20,8;20,8;20,8;21,1;21,1;20,7;20,9;20,7;20,6;20,9;20,8;20,6;20,6;20,6;20,6;20,7;20,8;21,1;20,6;20,6;20,8;20,7;20,5;20,9;20,6;20,9;21,2;20,7;20,8;20,5;20,4;21,1;20,7;20,7;20,5;20,6;20,4;20,7;20,5;20,7;20,6;20,5;20,7;20,8;20,8;20,4;20;20,5;20,6;20,2;20,5;20,7;20,8;20,5;20,4;20,7;20,5;20,6;20,7;20,7;20,5;20,9;20,5;20,4;20,5;20,7;20,8;21,1;20,8;20,6;20,5;20,5;20,5;20,8;20;20,5;20,5;20,1;20,2;20,2;20,6;20,4;20,1;20,6;20,2;19,6;20;20,2;20,4;20,7;20,4;20,2;20,6;20,6;20,1;19,9;20;20;20,4;20;20,2;20,4;20,1;20;20,2;20,2;20,1;20,4;20;20,1;20,4;20,2;19,9;20,4;20,1;20,4;20,6;20,5;20,2;20,6;20,8;20,8;20,4;20,1;20,4;20,2;19,9;19,9;20,2;20,4;20,5;20,4;20,8;20,5;20,6;20,6;20,4;20,2;20,6;20,5;20,4;20,5;20,6;20,7;20,4;20,6;20,7;20,2;20,2;20,6;20,8;20,6;20,2;20,1;20,4;19,9;20,2;20,1;20,7;20,2;20,4;20,1;20,2;19,6;20,1;20;19,9;19,9;19,9;19,9;19,5;19,8;20,1;19,9;19,6;19,6;20,1;20,1;19,6;19,9;20;20;22,3;25,6;27,9;27,9;28,2;28;28,7;29;31,5;33;33,2;33,3;33,6;33,8;33,9;34,5;34,2;34,6;34,6;35,2;36,3;36,1;36,2;35,8;35,8;35,7;35,5;35,9;35,8;35,8;36,1;36;36;35,8;36;36;35,9;36,1;36,3;36,4;36,3;36,1;36,1;36,6;36,3;36,2;36,1;36,1;36,3;36,3;36,3;36,2;36,3;36,3;36,3;36,2;36,4;36,3;36,6;36,5;36,7;37,1;36,7;37,1;37,4;37,7;37,7;37,7;37,9;37,8;38;38,4;38,3;38,8;38,5;39,3;39,3;39,6;39,9;40,2;41,2;41,8;42,2;43,2;43,8;44,8;45,2;46;43,9;37,4;30,2;26,5;26;27,7;32,7;40,2;46,8;49,3;48,5;47,7;47,1;46,1;45,3;44,7;43,9;43,1;42,6;41,9;41,2;40,9;40,9;40,6;40;39,9;40,1;39,9;39,4;39,3;39,5;39,4;39,2;39;38,8;38,9;39,3;38,8;38,6;39;38,9;38,4;38,8;38,5;38,5;38,7;38,6;38,8;38,6;38,8;38,9;38,6;39,1;38,8;39;39,2;39,2;39,1;39,3;39,6;39,5;39,4;39,8;40,1;40,5;40,7;41,1;41,1;40,9;41,5;42,6;43,4;43,9;45;45,7;46,9;47,7;49;50,1;52,6;52,3;49,1;46;44;41,9;40,8;39,1;36,2;32;30;27,3;26,5;28,2;34;38,5;41,7;42,8;42,9;42,5;42,2;41,8;41,3;41,2;40,7;40,6;40,1;40;39,4;39,3;39,1;39,2;39,1;38,6;38,4;38,6;38,4;38,1;38;37,9;37,7;37,4;37,1;36,9;37;37,4;37;36,9;36,8;36,7;36,7;36,8;36,5;36,7;36,4;36,3;36,4;36,9;36,4;36,8;36,1;36,3;36;36,1;36,4;36,1;36,3;35,7;36,2;35,5;35,5;35,3;35,4;35,6;35;35,8;35,7;35,6;35,1;34,9;34,2;34;33,7;33,9;33,1;33,1;32,8;32,5;32,7;32,9;32,4;32,1;32,4;31,6;31,3;29,7;28,5;27,4;27,7;27,3;27,1;26,1;23,8;22,6;21,4;21,1;20,4;20,6;20,4;20,8;20,5;20,4;20,7;20,7;20,4;20;20,1;20,2;20,1;20,6;20,5;20,6;20,6;20,5;20,5;20,4;20,2;20,4;20,2;20,5;20,4;20,4;20,6;20,5;20,5;20,4;20,1;20,1;20,5;20,7;20,2;20,5;20,5;20,6;20,5;20,5;20,2;20,1;20,1;20,2;20,2;20,2;20,2;20,2;20,2;20,7;20,7;20,6;20;19,8;20;20;20,4;20,2;20;20,2;20,2;20,2;20,5;19,9;20,2;20,4;20,1;20,1;20,1;19,9;19,9;20,1;20,4;19,8;19,9;19,9;19,6;20,1;19,9;20,1;20,1;20,1;20,1;20,1;19,8;19,5;19,6;20,2;19,5;20,6;19,4;20,2;20,2;19,6;20,1;19,9;20,5;20,4;20,1;19,5;20,1;20,6;20,6;19,9;19,9;19,6;19,9;20,2;20;20,1;19,8;20,2;20,6;20,4;19,9;19,8;20,2;20,4;20,2;20,2;20,4;20,4;19,9;19,6;20,1;20,1;19,6;20;20,4;20,5;20,1;20,4;20,2;20;19,9;20;19,9;20,5;19,5;20;19,8;20,2;20,2;20,1;19,9;19,9;20;20,5;20,2;19,9;20,1;20,1;20;20;19,8;19,9;20,1;20;20,7;20,1;20;20;20;19,5;20,2;20,1;19,6;20;19,8;20,2;20;19,4;19,8;2021,2;21,2;21,1;20,5;20,7;21,5;20,6;21,9;21,2;21,1;20,9;21,1;20,9;20,7;20,9;20,9;20,9;21,1;20,8;20,7;20,8;20,8;20,8;20,7;20,6;20,6;20,7;21,4;21,5;20,7;20,6;20,6;20,8;20,8;20,9;20,9;20,6;21,2;20,7;20,9;20,8;20,6;20,9;20,9;20,9;20,8;20,9;20,6;20,7;20,7;20,5;20,7;20,7;20,9;20,8;20,4;20,4;20,7;20,6;20,6;20,5;20,7;20,4;20,2;20,7;20,4;20,5;20,7;20,7;20,6;20,5;21,1;20,2;19,8;20,5;20,2;20,1;20,6;20,4;20,6;20,6;20,6;20,5;20,5;20,1;20,5;20,9;20,4;20;20,9;20;20,2;20,6;20,6;20,4;20,1;20,1;20;20,2;20,7;20,6;20,4;20,2;20,1;20,2;20,7;20,4;20,4;20,1;20,1;20;19,9;19,9;19,9;20,4;20,4;20,1;20,2;20,5;20,5;20,4;20,1;20,1;20,2;20,4;20;19,8;20,6;20,7;20,5;20,2;19,9;20,4;20;20,1;20,4;20,5;20,4;20,1;20,4;20,4;20,2;20;20,6;20,7;20,1;20,1;20,1;20,1;20,1;20,2;20,6;20,5;20,6;20,4;20,2;20,4;20,6;20,2;20,1;20,6;20,6;20,5;20,2;19,9;20;20,1;20,2;20;20,6;20,2;20,6;20,2;20,1;19,8;19,5;19,6;20,1;19,6;19,5;19,8;19,5;19,9;20,2;19,8;19,9;19,4;19,9;19,9;19,5;19,6;20,2;19,9;22,3;25,7;27,5;28,1;27,9;27,9;28,5;29,1;30,9;31,8;32,4;32,8;33,3;33,2;33,1;33,5;33,4;34;33,9;34,4;35,2;34,9;35;34,7;34,6;34,7;35;34,9;35,1;35,1;35,4;35;35;35,1;35,4;35,4;35,6;35,7;35,7;36;35,7;35,5;35,8;35,8;35,5;35,5;35,4;35,3;35,5;35,9;35,9;35,8;35,9;36;35,9;36;36,3;36,1;36;36;36,1;36,5;36;36;36,3;36,8;36,8;36,9;37,4;36,9;37,7;37,5;37,8;37,7;37,7;38,5;38,6;38,7;38,7;39,1;39,5;40,4;41,2;41,4;42,2;42,7;43,6;44;42,8;36,1;29,3;26,3;25,7;27,3;32;39,3;45,4;47,8;48,3;47,4;46,6;45,5;44,6;44;43,8;43,4;42,6;42;41,4;41,2;41;40,8;40,3;40;40;40;39,5;39,3;39,5;39,9;39,3;39,3;38,7;39,1;39,4;39,3;39;39;39,1;38,8;38,9;39;38,9;39;38,7;39,1;38,8;39;38,9;39;39;39,1;39,5;39,3;39,4;39,5;39,8;40;40,1;40,4;40,7;40,7;41;40,9;41,1;41,4;41,7;42,7;43;43,4;43,9;45,1;46;46,6;47,6;48,8;49,9;51,6;51,3;48,5;45,6;43,3;41,3;40;38,8;35,8;31,7;29,3;27,3;27,1;28,1;33,9;38,2;41,3;42,7;42,6;42,2;41,5;41,3;41,2;40,9;40,9;40,6;40;39,8;39;39,2;39,1;39;39;38,6;38,6;38,6;38,2;37,9;37,7;37,9;37,7;37,2;37,1;37;37;37,1;37,2;37,2;36,8;36,5;36,7;36,9;36,5;36,7;36,5;36,6;36,6;37;36,6;36,6;36,4;36,4;36,2;36,2;36,3;36;36,4;35,9;36;35,4;35,6;35,7;35,4;35,1;35;35,5;35,6;35,7;35,4;34,9;34,5;34;33,5;33,9;33,5;33,5;33,3;32,8;33,2;32,9;32,6;32,1;32,4;31,8;31,2;29,5;28,9;27,6;27,7;27,3;27,3;26,1;23,8;22,8;21,6;21,2;20,6;20,5;20,7;20,7;20,6;20,4;20,4;20,6;20,5;20,4;20;20,4;20,5;20,4;20,5;20,4;20,4;20,5;20,2;20,4;20,2;20,6;20,6;20,5;20,6;20,5;20,8;20,8;20,2;19,9;20;20,2;20,1;20,4;20,2;20,4;20,5;20,5;20,5;20,5;20,4;19,9;20,2;20,5;20,5;20,1;19,8;20,2;20,6;20,5;20;20;19,9;20,2;20,6;20,4;20,5;20,2;20,1;20,5;20,1;20,5;20,5;20;20,2;19,8;19,6;20,1;19,9;19,9;20,8;20,7;20,5;20,1;20,2;20,4;20,2;19,8;20,2;20;20,1;19,6;20,2;20,2;20;20,1;19,9;20,4;19,9;20;19,9;20,2;20,7;19,9;19,9;20,2;20,1;20;20,1;20,2;20,2;19,8;20,1;20,6;20,4;19,6;19,2;19,8;20;19,6;20,1;20,4;20,1;19,8;20,1;20,5;20,4;20,2;20,2;20,1;19,8;20,1;20,4;20,2;20,4;20,4;20,4;20,1;20,5;20,4;20,1;20,4;20,7;20;19,9;20,4;20,1;20,4;19,8;19,8;20,1;20,4;20;20;20;20,2;19,6;20;20;19,9;19,9;20;20,1;20,1;19,8;19,8;20;20,1;20,6;20,6;20;19,6;20,1;20,2;20,5;20,2;19,6;20,1;19,8;20,2;20,4;19,9;20,1;20,421,2;21,2;20,9;20,8;20,7;21,5;20,8;20,9;21,4;21,2;21,1;20,9;20,7;20,8;20,7;20,8;21,1;21,1;21,1;20,8;20,7;20,9;21,1;20,8;20,6;20,8;21,4;21,6;21,2;20,7;20,6;20,7;21,2;20,8;20,9;21,1;20,5;20,9;20,8;20,9;20,9;20,9;20,9;21,2;20,8;20,7;20,9;21,4;20,9;20,6;20,5;20,7;20,8;20,5;20,6;20,5;20,2;20,4;20,7;21,1;20,5;20,4;20,4;20,6;20,6;20,2;20,4;20,7;20,7;20,6;20,7;20,9;20,6;20,5;20,8;20,6;20,4;20,8;20,2;20,6;20,9;20,8;20,5;20,6;20,7;20,7;20,6;20;20,2;20,6;20,7;20;20,5;20,9;20,2;21,1;20,6;20,7;20,4;20,7;20,5;20,4;20,8;20,2;20,6;20,8;20,5;20,2;20,1;20,1;20,2;20,6;20,5;20,5;20,2;20,2;20,5;20,4;20,7;20,7;20,2;20,2;20,5;20,4;20,5;20,6;20,4;20,2;20,1;20,2;20,1;20,6;20,5;20;20,1;20,4;20,2;20,2;20,2;20,4;20,6;20,2;20,5;20,5;20,1;20;20,2;20,2;20,2;20,2;20,9;20,9;20,4;20;20;20,2;20,4;20,5;20,4;20,4;20,4;20,4;20,1;20,1;20,1;20,7;20,4;20,4;20,4;20,4;20,1;20,2;20,1;20,2;19,8;19,5;19,9;20,4;19,9;19,6;19,8;20;19,6;20,4;19,8;20;19,3;19,9;19,6;19,5;19,9;20,2;20,1;21,9;26,1;27,8;28,2;28;28,1;28,6;29;29,9;30,1;30,7;31;31,2;31;31;31,3;31,5;31,5;31,4;32,2;32,7;32,2;32;32;32,1;32,2;32,5;32,5;32,4;32,9;32,4;32,4;32,4;33,1;33;33;33,1;33,1;33,2;33,6;33,4;33,4;33,4;33,4;32,9;32,9;33;33,1;33,2;33,2;33,5;33,4;33,5;33,5;33,5;33,9;33,9;33,9;33,7;33,8;33,7;34,2;33,8;33,9;34;34,4;34,1;34,1;34,2;34,5;35;34,9;35;34,9;34,7;35,5;35,4;35,7;35,4;35,9;36,2;36,3;36,9;36,9;37,4;38,1;38,5;38,7;37,8;32,9;27,7;26;25,7;26,7;31;36,7;41;42,9;42,7;43,5;42,9;42,7;42;41,5;41,4;40,9;40,5;39,5;39,2;38,9;38,9;38,9;38,7;38,4;38,5;38,5;38,2;38,1;38,3;38,8;38,1;38,2;37,8;38;38,3;38,5;37,9;38,1;38,2;38;38,1;38,3;38,4;38,1;38,4;38,2;38,2;38,3;38,4;38,5;38,4;38,2;38,5;38,4;39;39;39,2;39,4;39,8;39,8;39,8;40;40,6;40,9;41,1;41,2;40,9;41,3;41,9;42,2;42,4;43,4;44,1;45;45,6;46,4;47,5;48,6;48,4;45,4;42,9;41,4;39,4;38,2;36,9;34,7;30,9;28,5;27,1;27,1;27,3;32,9;36,6;39;40,4;40,4;40,4;39,4;39,5;39,6;39;39,2;39,1;39;38,8;38,3;38,5;38,3;38,4;38,3;37,8;37,9;37,9;37,6;37,4;37,2;37,2;36,8;36,6;36,7;36,8;36,8;36,9;36,6;36,6;36,5;36;36,2;36,3;36,2;36,3;36,2;36,5;36,1;36,1;35,7;35,7;36,1;36,5;35,7;35,8;35,8;35,6;35,9;35,6;35,6;35,2;35,2;35,5;35,1;34,5;35;35,4;35,5;35,2;35,2;34,9;34,1;33,9;33,4;33,8;33,4;33,2;33,6;32,9;33,2;32,7;32,2;32,1;32;31,6;30,9;29,5;28,8;28;27,9;27,7;27,5;26,1;23,9;22,6;21,6;21,1;21,1;20,2;20,7;20,6;20,6;20,5;20,4;20,5;20,6;20,9;20,4;20,7;20,5;20,5;20,6;20,8;20,6;20,5;20,5;20,6;20,4;20,4;20,4;20,2;20,5;20,6;20,6;20,5;20;19,8;20,2;20,7;20,5;20,4;20;20,2;20,5;20,5;20,6;20,4;20,4;19,9;20,1;20,5;20,2;20,4;20,2;20,1;20,1;20,1;20,5;20,4;20,2;20,4;20,6;20,4;20,4;20,4;20,2;20,2;20,1;20,4;20,2;20,6;20,1;19,9;20,7;20,8;20,5;20,2;20,2;20,1;20;20,2;20,6;20,2;20,2;20,8;19,9;19,8;20,1;19,8;19,9;19,8;20,8;19,5;20,4;19,6;20;19,5;19,6;20,7;20,6;20,8;20,4;20,5;19,9;20,4;20;20;20,4;20,2;20;20,6;20,1;19,5;20;20,1;20,1;20,5;20,4;20,4;20,4;20,5;20,1;20,5;20,5;20,4;20,5;20,2;20,2;20,1;19,9;20,2;20,4;20,7;20,4;20;20;20,2;20,4;19,8;20,2;20,2;20,1;20,2;20,6;20,4;20,1;19,5;20,1;20,9;20;20,1;20,1;20,5;19,6;20,2;20;20,1;20;20,2;20,8;20,5;20;19,9;19,8;19,9;20;20,4;19,8;20;20;20,1;20,5;19,9;20,2;20,5;19,9;20;20,1;20;20,2;20,521,4;21,4;21,1;21,2;20,8;20,9;21,1;20,7;20,9;21,1;20,9;20,6;20,6;20,9;20,7;20,7;20,9;20,9;21,4;20,9;20,7;21,1;21,1;20,7;20,7;20,8;21,1;21,4;21,1;20,7;20,6;20,7;20,6;20,5;21,5;21,4;20,4;20,9;20,8;20,9;20,8;21,1;21,2;20,7;20,8;20,7;20,8;21,1;20,9;20,7;20,7;20,7;20,4;20,4;20,9;20,9;20,7;20,9;20,8;20,4;20,2;20,6;20,7;20,8;20,7;20,2;20,4;20,6;20,6;20,7;21,1;20,9;20,7;20,2;20,8;20,5;20,9;20,8;20,6;20,6;20,6;20,2;20,7;20,4;20,6;20,5;20,5;20,2;20,4;20,2;20,6;20,7;20,9;20,6;20,9;20,7;20,4;20,1;20,5;20,6;20,6;21,1;20,5;20,7;20,6;20,5;20,2;20,1;20,6;20,5;20,2;20,5;20,2;20;20;20,2;20,2;20,1;20,1;20,1;20,5;20,6;20,5;20,5;20,5;20,4;20,6;20,4;20,1;20,5;20,8;20,6;20,6;20,7;20,4;20,4;20;20,2;20,7;20,8;20,8;20,6;20,7;20,4;20,2;20,2;20,1;20,5;20,4;20,5;20,9;20,6;20,2;20,4;20,4;20,6;20,7;20,7;20,5;20,4;20,4;20,8;20,5;20,5;20,4;20,7;20,2;20,4;20,4;20,4;20,2;20,2;19,9;20,2;19,6;19,9;19,8;20,2;20,1;20;20;20,1;19,4;20,2;20;20;19,4;20,2;19,9;19,8;19,9;19,9;20,5;22,3;25,8;28,2;28,2;28,4;28,2;28,7;28,7;29,1;29;29,1;29,2;29;29,1;29,1;29,1;29,5;28,7;28,8;29,4;29,3;28,9;29,3;29,1;29,1;29,1;29,1;29,1;29,2;29,3;28,8;29;28,9;29,3;29;29,3;29,2;29,1;29;29,4;30;29,5;29,5;29,2;29;29;29,3;29,3;29,2;29,2;30,1;29,9;29,7;29,7;29,7;30,1;30,1;29,9;29,9;30,2;30,2;30,2;29,7;30,2;29,9;30,1;30,1;30,2;30,2;30,4;30,4;30,7;30,5;30,6;30,3;30,9;30,5;30,9;30,6;30,8;30,7;30,8;30,8;31,1;31,3;31,7;31,6;31,2;30,9;28,5;26,4;26,3;25,8;26,4;28,1;31,6;34;35,3;35,2;36,9;36,6;36,4;36,4;36;36,2;36,2;34,9;34,9;35,1;34,3;34,4;34,7;35;34,7;34,9;35,1;34,2;34,4;34,3;34,7;34,7;35,1;35;34,6;35;35,2;34,4;35,1;35,6;35;35,4;35,5;35,5;35,1;35,8;35,4;35,3;35,8;35,6;36;36,2;36,1;36,2;36;36,3;36,3;36,6;36,8;36,6;37,4;37,7;38,1;38,4;38,5;38,5;38,8;38;38,1;38,5;38,9;39;39,5;40,1;40,3;41;41,4;41,6;42,7;42,2;39,6;37,8;36,9;35,6;34,9;33,8;32,2;29,7;27,7;26,8;27,3;26,8;30,5;33,7;35,2;36,3;36,2;36,3;36,1;36;36,2;36,4;35,7;36,1;36,2;36,1;35,9;36,1;36;36,2;35,8;35,5;35,6;35,6;35,7;36,1;35,3;35,2;35;34,6;34,9;35;34,9;35,2;35,1;34,5;34,6;34,6;34,6;34,6;34,4;34,7;34,7;34,7;34,4;34,2;34,3;34,2;34,5;34,9;34;34,3;34,3;34,1;34,6;34,2;34;34,1;33,7;34;33,7;33,6;33,7;34,2;34,3;34;33,7;33,8;33,2;33,2;33,2;32,9;32,2;32,2;32,7;32;32,1;31,6;31,6;31,3;31,4;30,9;30,5;29,4;28,6;28,5;27,8;27,6;27,3;26,1;23,9;22,8;21,8;20,6;20,8;20,5;20,7;20,8;20,6;20,6;20,8;20,9;20,2;20,8;20,2;20,7;20,6;20,5;20,5;20,7;20,6;20,4;20,4;20,6;20,5;20,7;20,4;20,5;20,4;20,5;20,5;20,4;20,1;20,4;20,5;20,5;20,4;20,4;20,1;20,6;20,7;20,5;20,1;20,1;20,4;20,6;20,5;20,5;20,6;20,5;20,2;19,9;20,4;20,6;20,4;20,4;20,1;20,4;20,4;20,1;20,5;20,6;20,1;20;20,1;20,2;20,7;20,1;20,2;20,4;19,9;20,1;20,2;20,4;20,2;20,4;20,2;19,8;20,4;20,8;20;19,6;20,5;20,6;20,1;20,6;20,7;19,9;20,1;19,9;20,2;20;20;20;19,8;20,4;20,1;20,6;20;20,1;20;20,5;20,1;20,4;19,6;21,2;19,5;20,2;20,2;20,2;20;20,1;20,2;20;19,9;20,2;20,7;20,6;20,4;20,6;20,6;20,4;20,6;20,6;20,4;20,2;20,4;20,4;20,4;20,2;20,2;20,2;20,1;20,2;20,6;20,5;20,1;20,2;20,6;20,5;20,4;20;20,1;19,9;20;20,5;20;19,6;20,2;20,4;19,9;20,1;20;20,1;20,2;20,6;20,6;20,2;20;19,9;19,5;19,8;20,1;19,9;19,6;20,1;20;19,6;19,9;19,8;20,1;20,1;20,1;19,9;20,2;20;19,8;20,121,4;21,4;21,2;21,1;20,7;20,8;21,1;21,1;20,5;20,8;21,4;20,8;20,7;20,9;20,7;20,7;20,8;20,8;21,2;20,8;20,6;21,1;20,9;20,7;20,8;20,6;21,1;20,7;20,8;20,5;20,9;20,9;20,1;20,7;21,4;20,9;20,4;20,7;20,8;20,8;20,8;20,6;21,1;20,8;20,9;20,7;20,5;20,5;20,6;20,7;20,7;20,6;20,6;20,5;20,9;21,1;20,6;20,4;20,4;20,6;20,4;20,1;20,2;20,6;20,2;20,4;20,5;20,2;20,6;20,6;20,5;20,6;20,8;21,1;20,1;20,4;20,6;19,9;20,4;20,5;20,4;20,4;20,5;20,1;20,1;19,8;20,2;20,1;20,2;20,2;20;20,4;20,6;20,9;20,2;20,2;20,2;20,1;20,6;20,6;20,7;20,4;20,2;20,5;20,1;20,2;20,1;20;20,2;20,2;20;20,2;20,5;20,4;20,1;20,1;20,1;20;20;20;19,9;19,9;19,9;19,8;20,2;20,5;20,5;20,1;20,1;20,2;20,4;20,4;20,5;20,1;20,1;20,2;20,4;20,6;20,6;20,2;20,2;19,9;20;20,2;20,2;20,2;20,1;20,1;20,1;20,1;20,1;20,1;20,5;20,5;20,6;20,6;20,4;20,5;20,4;19,9;20,4;20,8;20,5;20,5;20;20,2;20,2;20,5;20,5;19,9;20;20;19,5;20,1;19,8;19,9;19,8;19,8;20,1;19,6;19,8;19,8;19,5;20;19,8;19,8;19,4;19,6;19,9;19,9;19,6;19,9;20,4;22,2;25,5;27,9;27,9;28,5;28,5;28,8;28,6;28,7;28,7;28,4;28,7;28,6;28,4;28,5;28,1;28,5;27,6;28,1;28;28,4;27,6;28,1;28;27,7;27,8;27,7;27,4;27,7;27,6;27,3;27,5;27,2;27,5;27,5;27,4;27,3;27,1;27,1;27,3;27,5;26,8;26,8;27,1;26,7;26,7;27,1;27,1;27,1;26,7;26,8;27,3;27,1;26,8;27,2;26,7;27,1;27,2;27,1;27,1;27,1;27,2;26,7;27,3;26,8;26,6;27,1;27,1;27,4;27,1;26,8;27,1;27,2;27,4;26,5;27,5;27,1;26,8;26,8;26,8;26,6;26,8;26,7;26,8;27,4;27,2;26,8;26,8;26,4;26,2;25,8;25,8;25,4;25,7;25,8;27,2;27,4;27,4;27,5;27,6;27,9;28,2;28,4;28,6;28,8;28,2;28,5;28,5;28,5;28,5;28,7;28,9;29,3;29,1;29,1;29,4;29,3;29,1;29,7;29,4;29,5;29,9;30,2;29,9;30;30,4;29,7;30,4;30,4;30,2;30,7;30,2;30,6;30,8;31;30,8;30,7;30,8;30,4;31,5;31,6;31,4;31,7;31,4;31,6;31,8;32;32;31,8;32,1;33,3;33,5;33,8;33,5;33,4;32,7;32,9;33;33,1;33,1;33,1;33,1;33,3;33,3;33,8;34,1;33,7;34,2;33,4;32;31;30,8;30,6;29,7;29,4;29;27,7;26,8;26,8;27,1;26,6;27,8;29;30,3;30,9;31,1;31,1;31;31,4;31,2;31,4;31,3;31,5;32,1;32,2;32,1;32,1;32;32,2;32,1;32,5;32,2;32,4;32,6;31,6;31,4;31,8;31,8;31,7;31,8;31,6;31,7;32,2;32;31,7;31,6;31,6;31,7;32,1;32;32,1;31,8;31,7;31,7;31,6;31,6;31,6;32;32;31,2;31,4;31,6;31,7;31,8;31,6;31,4;31,7;31,4;31,3;31,4;31,3;31,2;31,4;31,7;32;31,2;31,4;31,3;31,3;31,2;30,8;30,4;30,7;30,8;30,6;30,4;30;30,5;30;30,1;29,5;29,5;28,6;28,2;28,2;27,5;27,7;26,8;25,5;24,3;22,7;21,9;20,5;20,4;20,4;20,2;20,5;20,7;20,8;20,7;20,8;20,2;20,5;20,6;20,5;20,6;20,4;20;20,4;20,5;20,2;20,4;20,5;20;20,2;19,9;20,2;20,5;20,6;20,6;20,5;20,2;20;20,1;20,1;20,2;20,4;20,4;20,2;20,1;20,5;20,2;19,9;20,1;20;20,4;20,7;20,4;20,1;19,9;19,6;19,6;20;20,5;20,2;19,9;20,2;20,4;20,1;20,1;20,5;20,6;20,7;20,1;20,2;20,2;19,9;19,9;20;19,9;20,5;20,4;19,6;20;20;20;20;20,1;20,1;20;20,1;19,8;19,9;19,8;19,8;20;19,8;20,2;20;19,9;20;19,4;19,6;19,8;19,9;20;19,8;20;20,5;20,6;19,8;19;19,8;19,9;20,2;20,1;20,4;20,4;20,2;19,8;19;19,6;19,9;19,6;20,2;20,1;19,9;19,4;20;20,6;20,1;19,9;20,1;20,2;19,9;19,8;20,2;20,2;19,9;20,5;20,5;20,2;20,1;20,2;20,5;20,7;19,8;20,8;20;20,2;20;20,1;20;20,2;20;20,5;20;19,6;20,1;19,9;19,9;20,2;20,4;20,1;20,2;20,4;20;20,1;20,1;19,6;20;20,1;20;19,8;20,1;19,9;19,5;20,2;19,9;19,9;20;20,2;20,1;20,5;20;20,1;19,821,4;21,4;21,5;21,4;20,6;20,8;21,1;21,1;21,1;21,4;21,4;21,1;20,8;21,1;20,9;20,9;20,8;20,8;20,9;20,8;20,8;20,9;20,8;20,8;20,9;20,8;21,5;20,6;20,9;20,5;21,2;20,8;20,4;21,1;20,8;21,2;20,7;20,8;21,2;20,9;20,8;20,6;20,8;21,4;20,9;20,8;20,6;20,6;20,7;20,7;20,6;21,1;21,1;20,5;20,6;20,6;20,4;20,5;20,6;20,4;20,5;20,5;20,6;20,7;20,6;20,9;21,2;20,7;20,7;20,8;20,5;20,6;20,2;20,2;19,9;21,1;21,2;21,1;20,4;20,8;20,6;20,7;20,8;20,2;20,8;20,5;20,5;20,5;20,5;20,6;20,9;20,9;20,4;20,2;20,2;20,1;20,4;20,4;20,2;20,6;20,2;20,6;20,5;20,1;20,7;20,8;20,5;20;20,7;20,5;20,2;20,2;20,1;20;20,5;20,5;20,6;20,4;20,5;20,2;20,4;20,1;20;20;20,1;20,1;20,1;20,2;20,6;20,5;20,1;20,2;20,2;20,1;20,1;20,4;20,6;20,5;20,5;20,5;20,5;20,4;20,4;20,6;20,6;20,2;19,9;20;20,5;20,1;19,6;20,2;20,6;20,6;20,4;20,5;20,6;20,5;20,1;20;20,4;20,5;20,6;20,4;20,1;20,2;20,5;20,4;20;19,9;20,1;19,9;20;20,4;20;19,9;19,6;19,6;19,9;19,5;19,6;19,8;19,9;19,6;19,8;19,5;19,6;19,3;19,6;19,8;19,4;19,9;20,2;22,1;26;28,1;28,5;28,5;28,6;28,8;28,5;28,6;28,7;28,5;28,6;28,6;28,4;28,6;28,1;28,1;27,8;27,9;27,8;28,4;27,8;27,6;27,7;27,4;27,6;27,8;27,3;27,4;27,4;26,7;27,3;27,4;27,3;27,5;27,1;27,2;27,1;27,2;27,2;26,8;26,6;26,6;26,7;26,5;26,4;26,6;26,4;26,5;26,7;26,5;26,5;26,3;26,2;26,4;26,4;26,5;26,5;26,5;26,4;26,1;26,5;25,7;26,5;26,2;26,3;26,5;26,3;26,5;26,5;26,6;26,3;26,4;26,2;26,1;26,4;26,3;26,4;26,1;26,3;26,1;26,5;26,2;26,2;26,4;26,4;26,2;26,4;25,7;26,1;25,7;26;25,7;25,6;25,6;26,2;26,2;26;25,8;25,7;25,8;26,3;26,2;26,2;26,1;26;26;26;26;25,8;26;26,2;25,8;25,8;26,1;26,1;26,5;25,8;26,3;26,1;26,1;25,8;26,5;26,2;26,2;26,3;26;26,1;26,2;26,2;26,4;26,2;26,1;26,4;26,6;26,5;26,1;26;26,4;26,7;26,6;26,7;26,8;26,3;26,6;26,8;26,6;27,1;26,6;26,7;27,2;27,5;27,4;27,2;26,7;27,1;27,2;27,3;27,3;27,4;27,2;27,3;27,3;27,7;27,7;27,5;27,4;27,5;27,4;27,2;26,8;27,3;27,2;26,5;26,7;26,4;26,5;26,4;26,4;26,2;26,4;26,4;26,8;27,1;27,7;27,4;27,8;28;27,8;27,5;27,9;27,8;28;28,2;28,4;28,4;28,1;28,1;28,6;28,7;28,8;28,4;28,7;28,8;28,5;28,4;28,6;28,8;28,7;28,4;28,5;28,7;28,9;28,7;28,6;28,9;28,8;28,6;28,8;28,7;28,9;28,2;28,5;28,6;29;28,7;28,7;29;28,7;28,5;28,6;28,8;29;28,7;28,8;28,8;29;28,8;28,6;28,7;28,6;28,8;28,9;29;29,3;28,8;29;29;29,2;29;29;28,7;29;29,2;29,1;29;28,9;29,1;28,7;28,9;28,4;28,7;27,9;27,8;27,9;27,8;28,2;27,3;25,4;24,3;22,1;21,2;20,7;20,8;20,5;20,5;20,6;20,2;20,5;20,5;20,6;20,2;20,4;20,6;20,4;20,4;20,5;20,4;20,4;20,6;20,7;20,2;20,5;20,1;19,8;20,1;20,5;20,7;20,5;20,5;20,4;20;20,2;20,4;20,5;20,9;20,8;20;20,2;20,4;20,5;20,7;20,4;20,5;20,6;20,4;20,2;20,5;20,2;20,4;20,8;20,6;20,2;20,4;20,6;20,6;20,1;20,2;20,6;20,4;20,2;20,2;19,8;20,1;20,6;20,2;19,8;19,4;19,8;19,6;20,2;20,6;20,4;20,4;20,2;20,5;20,5;20,4;20,2;20,5;20,1;20,2;20,4;20;19,9;20,4;19,9;19,5;20,1;20;20;19,6;20,4;20,1;20,9;19,9;20,7;20;20,2;20,5;20,2;20,5;20,5;20,4;20;20,1;19,5;20,2;19,8;20;19,9;20,5;19,8;19,9;20,1;20,2;20,2;20,1;20,5;20,4;20,1;20,2;20,2;20;20,1;20,2;20;20;19,6;20,1;19,9;20,1;20,6;20,1;20,5;20,7;19,9;20,5;19,9;20,1;20,2;20,5;20,4;20,7;19,8;20,4;20;19,9;20,2;20,2;20,1;20,7;20,6;20,4;20;20,2;20,2;20,4;20,2;19,9;20,1;20,1;20,1;19,9;20,6;19,9;19,6;20,6;19,4;19,8;20,4;19,9;20,5;20,1;20,1;20,4;19,921,4;21,2;21,1;21,4;20,9;21,2;20,6;21,2;21,1;21,2;20,9;21,1;20,9;20,9;21,2;21,2;20,8;20,8;21,1;21,2;20,9;20,7;20,8;20,8;20,8;20,8;20,9;20,9;20,8;20,5;21,4;20,7;20,6;21,2;20,7;20,5;20,8;21,1;20,9;21,1;21,1;20,6;20,9;20,8;20,6;20,5;20,7;20,8;21,2;20,9;20,6;20,8;20,7;20,6;20,8;21,1;21,1;21,2;21,2;20,7;20,6;20,7;20,9;20,7;20,2;20,4;20,6;20,4;20,8;20,2;20,6;20,6;20,1;20,8;20,9;20,6;20,7;20;20,5;20,7;20,7;20,7;20,6;20,4;20,5;20,4;19,8;20,2;20;20,1;20,4;20,2;20,8;20,8;20,4;20,6;20;20,6;21,1;20,5;20,8;20,4;20,5;20,9;20,8;20,8;20,6;20,1;20,1;20,4;20,2;20,4;20,4;20,1;19,8;19,8;20,2;20,2;20,5;20,5;20,5;20,7;20,4;20,1;20,4;20,7;20,7;20,6;20,5;20,8;20,5;20,6;21,1;20,9;20,4;20,2;20,2;20,4;20,5;20,6;20,6;20,6;20,4;20,1;20,1;20,2;20,6;20,5;20,4;20,2;20;20,5;20,6;20,6;20,5;20,4;20,5;20,5;20,1;20,4;20,5;20,6;20,6;20,4;20,2;20,2;20,1;20;20,4;20,4;20,2;20,4;20,2;20,2;20,2;19,9;19,8;19,9;20;19,8;19,8;19,8;19,9;19,9;19,8;19,6;19,4;19,5;19,8;19,9;19,4;20,4;20,2;22,7;26,5;28,4;28,7;28,5;28,7;28,7;28,8;29,1;29,1;29,2;28,9;28,9;29;29,2;28,9;28,8;28,2;28,5;28,5;28,9;28,5;28,1;28,1;28;28,4;28,2;28,2;27,7;28,1;27,4;27,6;28;28;27,7;27,5;27,4;27,3;27,7;27,6;27,5;27,4;27,3;27,4;27,4;27,5;27,4;27,1;27,1;27,4;27,2;27,1;26,5;26,4;26,5;26,8;26,6;26,6;26,8;26,8;26,7;26,6;27,1;27,4;26,2;27,1;27,1;27,1;27,3;27,3;27,1;26,7;26,8;26,7;26,5;26,8;26,6;27,1;26,6;26,8;26,8;27,3;27,4;27,1;27,2;27,1;27,1;27,1;26,4;26,6;26,4;26,6;26,4;26,3;26,4;26,8;26,6;26,3;26,4;26,5;26,5;26,4;25,7;26,1;26,4;26,4;26,3;26,3;26,3;25,8;26,2;26,2;26;26,3;26,2;26,4;26,6;26,1;26,1;26;26;25,7;26,5;26,1;25,8;26,1;25,8;25,7;25,8;25,6;26;25,6;25,7;26,1;25,8;26;25,4;25,6;25,8;26;25,8;25,7;26,1;25,5;25,8;26;25,8;26;25,8;25,7;26,1;26,4;26,3;26,2;26;26,3;26,5;26,5;26,1;26,4;26,4;26,4;26,4;26,7;26,7;26,5;26,5;26,7;26,7;26,7;26,6;26,8;27,2;26,5;26,5;26,5;26,6;26,8;26,7;26,7;27,3;26,8;27,3;26,8;27,6;27,3;27,5;27,4;27,5;27,8;27,5;27,5;27,5;27,6;27,5;27,4;27,5;27,6;27,8;27,8;27,8;27,5;27,6;27,8;27,7;27,6;27,7;27,7;27,5;27,4;27,3;27,5;27,5;27,5;27,3;27,5;27,5;27,4;27,6;27,5;27,6;27,4;27,5;27,2;27,7;27,7;27,4;27,6;27,5;27,3;27,3;27,6;28;27,8;27,7;27,7;27,8;27,6;27,4;27,6;27,9;27,8;28;28,1;28;27,9;28,2;28,2;28,2;28,1;28,4;28,1;28,4;28,6;28,1;28,4;28,4;28,6;28,4;28,7;28;28;28,2;28;28,4;28;28;27,6;26,2;24,3;22,2;21,5;20,8;20,9;20,7;20,5;20,6;20,2;20,7;20,8;21,1;20,6;20,5;20,2;19,9;20,4;20,6;20,6;20,5;20,5;20,6;20,5;20,6;20,4;20,1;20,2;20,2;20,5;20,7;20,4;20,4;20,4;20,7;20,6;20,6;20,7;20,5;20,6;20,6;20,4;20,6;20,7;20,6;20,4;20,6;20,7;20,6;20,4;20,4;20,4;20,7;20,6;20,1;20;20,1;20,1;19,9;20,1;20,6;20,9;21,1;20,5;20,5;20,4;20,1;19,8;20;20,2;20,2;20,2;20,6;20,8;20,1;19,8;20;20,1;19,9;20,4;20,4;19,5;20,6;20,1;20,4;20,6;19,8;19,6;20,6;20,6;20,1;20,1;20,5;20,2;20,2;20,2;20,8;20,2;19,6;19,9;19,8;20,4;20,8;20,5;21,1;20,8;20;19,8;19,8;20,7;19,9;20,1;20;20,4;20,2;20,1;20;20;20,2;20,2;20,4;20,2;20,1;20,4;20,2;20,1;20,1;20,1;20,4;20,4;20,2;20,1;20;20,5;20,1;20,2;20;20;20,2;20,1;20,1;20,2;20,5;20,6;20,1;20,1;20,1;20,2;19,8;20,1;20,2;20,4;20;20,6;20,4;20,6;20,4;20,2;20,2;20,2;20;19,9;20;20,1;19,9;19,8;20,6;20,1;19,5;20,2;19,8;20;20,2;19,5;20,4;19,6;20,2;20;2021,4;21,2;20,8;21,4;21,2;21,1;20,7;21,6;20,7;20,6;21,5;21,4;20,9;21,1;20,9;20,9;20,6;20,7;20,8;21,1;21,1;20,9;20,9;20,8;20,6;20,8;20,9;20,9;20,6;20,9;21,2;20,8;20,4;21,1;20,5;20,5;20,7;20,8;20,6;20,7;20,5;20,5;20,7;20,9;20,9;20,5;20,6;20,5;20,4;20,6;20,6;20,6;20,5;20,6;20,8;20,8;20,7;20,7;20,4;20,2;20,7;20,8;20,8;20,5;20,6;20,2;20,5;20,8;20,4;20,4;20,5;20,4;20,8;20,1;20,9;20;20,2;20,5;20,9;21,1;20,5;20;20,4;20,1;20,4;20,4;19,8;20,7;20,5;20,5;20,2;20,1;20,5;20,4;20,2;20,4;20;19,9;20,8;20,7;20,6;20,7;20,7;20,7;20,2;20,1;20,2;20,1;20;20,2;20;20,2;20,5;20,4;20;20,4;20,4;20;20,4;20,4;19,9;20,2;20,5;20,5;20,5;20,4;20,5;20,7;20,6;20,6;20,5;20,4;20,1;20,1;20,2;20,4;20,2;20,4;20,6;20,6;20,4;20,2;20,1;20,2;20,4;20,2;20,2;19,9;20,1;20,2;20,1;20,4;20,4;20,7;20,4;20,2;20,4;20,4;19,9;20,2;20,8;20,6;20,5;20,4;20,2;20,2;19,8;20,1;20,4;20;20,1;20,5;20,1;20;20,1;20,1;20,1;20;20,1;19,6;19,5;19,9;19,5;20;20;19,8;19,5;19,4;19,8;19,8;19,9;20,5;20,5;23;27,2;28;28,2;28,4;28,9;28,9;29,1;29,9;30,1;30,5;30,6;30,7;30,8;30,9;31;30,7;30,1;30,6;30,4;30,7;30,7;30,5;30,4;30,3;30,4;30;30,3;29,7;30,4;29,4;29,9;29,7;29,7;29,5;29,3;29,2;29,2;29,2;28,9;29;29,1;29,3;29,2;29;29,1;29,1;28,7;28,7;28,9;28,8;28,8;28,7;28,4;28;28,4;28,4;28;28,6;28,5;28,2;28,1;28,6;29,2;28,4;28,5;28,6;28,7;29,1;28,8;28,6;28,6;28,6;28,5;28,4;29;29;28,9;28,9;28,8;29,2;29;29,7;29,1;29,2;29;29,2;29,4;29;29;28,9;29;28,7;28,7;28,8;29,1;28,8;28,6;28,7;28,6;28,5;28,4;28,6;28;28,2;28,5;28,4;28;28,1;27,9;28,4;28;27,8;27,8;27,7;28;28;27,8;27,6;27,2;27,4;27,5;27,9;27,5;27,4;27,4;27,3;27,3;27,4;27,3;27,6;27,2;27,1;27,4;27,3;27,1;26,5;26,5;27,2;27,1;27,1;26,6;27,2;26,7;26,6;26,7;26,5;26,5;26,7;26,7;27,2;27,4;27,6;27,2;27,1;27,1;27,2;27,6;27,5;27,4;27,4;27,3;27,5;27,9;28,1;27,7;27,7;27,8;27,9;27,9;28;28;28,4;28,7;27,9;28,5;27,8;28,7;28,1;28,5;28,5;28,5;28,1;28,5;28,2;28,2;28,6;28,5;28,4;28,8;28;28,1;28,4;28,5;28,2;28,2;28,4;28,1;28,2;28,2;28,2;28,1;28,1;28,1;28;28,1;28,1;28;28;28,1;27,8;27,6;27,5;27,7;27,8;27,4;27,5;27,5;27,8;27,7;27,8;27,7;27,9;27,7;27,8;27,9;27,6;27,8;28,2;27,7;27,7;27,9;28,1;28,5;27,7;27,9;28,1;27,9;27,9;27,7;28,1;27,9;28,1;28,4;28,4;28,2;28,6;28,5;28,5;28,5;28;28,6;28,5;28,8;28,4;28,5;28,2;28,7;28,6;28,5;28;28,5;28,5;28,1;28,4;28,1;27,9;27,8;26,7;24;22,7;21,4;20,7;20,4;20,6;20,5;20,5;20,4;20,6;20,5;20,8;20,5;20,4;20,4;20;20,4;20,5;20,5;20,4;20,6;20,6;20,6;20,4;20,1;20,2;20;20,4;20,4;20,7;20,4;20,2;20,4;20,2;20,2;20,6;20,9;20,5;20,4;20,6;20,1;20,1;20,2;19,9;19,9;20;20,2;20,6;20,6;20,4;20,5;20,1;19,9;20,4;20,4;19,8;20;20,2;20,2;20,1;20,4;20,4;20,1;20,1;20,4;20,4;20;19,6;19,8;19,8;20,2;20,2;20,1;20;20,1;20;20,4;20,2;20,5;20,1;19,9;20,2;20,4;20,6;20,2;20,2;19,6;19,8;20;19,4;20,4;20,1;19,6;20,4;19,9;20,6;20,1;19,8;20,4;20,7;20,4;20,4;19,8;20,5;19,5;19,6;19,8;20,1;19,8;20,4;19,9;20;20;20,4;20,2;20,1;20,1;20;19,9;19,8;20;20,1;20,4;20,4;20,4;20,4;19,9;19,6;19,9;20,1;20;20,4;20,5;19,9;20,2;20,2;19,9;20,2;20,1;20;20,2;20,6;20,2;20,1;19,9;20,4;20,6;19,9;20;20,1;20,1;19,8;20,6;20,5;20,5;20,4;20,2;20,2;20,1;20,1;20;20,1;20,4;20;19,5;20,6;20,1;19,9;19,8;20,1;20,1;20,2;19,9;20,2;19,8;20,2;19,6;20,721,4;21,5;20,7;21,4;20,8;20,9;20,9;21,4;21,1;20,8;21,4;21,4;21,1;21,1;20,9;20,8;20,5;20,6;20,8;20,8;20,9;21,2;21,1;20,6;20,6;20,9;21,2;21,1;20,7;20,8;21,1;20,6;20,4;20,8;20,9;20,7;20,7;20,8;20,7;20,8;20,4;20,7;21,2;20,9;21,1;20,8;20,7;20,7;20,4;20,7;20,9;20,8;20,6;20,6;20,8;20,7;20,4;20,4;20,7;20,7;20,5;20,9;20,8;20,7;20,9;20,7;20,6;20,6;20,9;20,9;20,2;20,6;20,4;20,7;20,2;21,2;20,7;20;20,2;20,1;21,2;20,9;20,8;20,6;20,8;20,1;20,2;19,6;20,2;20,6;20,6;20,6;20,4;20,4;20,6;20,6;20,6;20,6;20,8;20,7;20,4;20,1;20,5;20,5;20,5;20,4;20,5;20,4;20,2;20,1;20,1;20,5;20,2;20,2;20,2;20,2;20;20,2;20,4;20,5;20,7;20,7;20,5;20;20,4;20,7;20,5;20,4;20,4;20,6;20,4;20,5;20,6;20,5;20,2;20;20,1;20,5;20,4;20,2;20,5;20,6;20,5;20,5;20,5;20,4;20,2;20,5;20,6;20,4;20,4;20,4;20,6;20,5;20,4;20,6;20,6;20,7;20,4;20,4;20,5;20,2;20,4;20,1;20,2;20,2;20,2;20,6;20,2;20,1;20,1;20,1;20;20;20;20;20;20;20;20;19,5;19,8;19,5;20,1;20;19,8;20;19,5;19,8;19,5;19,8;19,9;20,6;23,4;27,3;28,1;28,5;28,6;28,7;29,2;29,7;31,2;32,1;32,7;33;33,2;33,3;33,5;33,5;33,6;33,3;33,5;33,6;33,8;33,8;33,7;33,3;33,5;33,4;33,2;33,5;33,2;33,4;32,8;33,4;33,1;32,9;33,2;32,7;32,6;32,8;32,6;32,5;32,4;32,8;32,9;32,8;32,5;32,2;32,1;32;32;32,2;32,1;32;32;31,6;31,5;31,5;31,5;31,3;31,6;31,4;31,3;32,4;31,7;32,2;31,4;31,8;31,7;31,5;32,2;31,8;31,7;32,5;31,7;32,4;31,8;32,4;32,7;32,6;32,5;32,6;32,8;32,8;33,2;33,2;33;33,1;33,4;33,7;33,4;33,6;33,4;33,5;33;33;33,3;33,5;33,3;33,2;32,9;32,9;32,6;32,4;33,2;32,7;32,6;32,2;31,8;31,7;32,1;31,8;32;31,5;31,6;31,5;31,3;31,8;31,5;31,8;31,3;30,7;30,9;31,2;31,3;31;30,9;30,7;30,6;30,8;30,9;31;31;30,7;30,5;30,6;31;30,3;30,2;30,3;30,4;30,2;30,2;30;29,9;29,5;29,7;29,7;29,7;29,7;30,1;29,9;29,5;29,9;30,7;29,7;29,5;30,3;30,2;30,4;30,4;30,5;30,3;30,1;30,8;31;31,1;30,8;30,9;31,1;31,1;31,3;31,3;31,4;31;31,4;30,7;31;30,8;31,6;30,9;30,8;31;30,9;30,4;31;30,6;31;30,8;30,7;30,2;30,8;30,4;30,5;30,4;30,5;30,2;29,9;30;29,9;30;29,9;29,7;29,3;29,5;29,3;29,4;29,5;29,7;29,4;29,5;29,4;29,2;29,1;29,1;29;28,9;28,6;28,9;28,8;28,9;28,8;28,8;28,9;29,1;29;29,1;28,8;28,9;29,1;29,1;28,9;28,8;29,1;28,7;29,1;29,1;29,2;29,7;29,1;29,1;28,7;28,9;28,9;29;29,3;29,7;29,4;29,7;29,4;29,2;29,5;29,1;29,3;29,3;29,3;29;29,3;29;29,3;29,3;28,8;28,8;29;28,6;28,4;27,7;28,5;28,4;28,1;26,6;24;22,8;21,5;21,1;20,7;20,6;20,7;20,4;20,4;20,6;20,4;20,8;20,5;20,5;20,4;20,6;20,2;20,4;20,5;20,6;20,5;20,8;20,6;20,4;20;20,5;20,2;20,5;20,5;20,8;20,5;20,2;20,2;20,5;20,6;20,4;20,5;20,6;20,2;20,1;20,2;20,6;21,2;21,1;20,4;20,1;20,2;20,5;20,4;20,2;20,6;20,5;20,1;20,1;20;20,2;20,4;20,4;20,5;20,4;20,4;20,1;19,8;20,1;20,2;20,1;20,1;20;20;20,4;20;20,2;20,7;20,5;20,1;20;20,2;20,5;20,2;20,1;20;20,2;20;20,6;20;19,3;19,9;20;20,7;20,2;20;19,9;20,7;20;20,4;20,9;19,8;20,4;20,4;20,5;20,2;20;19,8;19,8;20,2;20,1;20;20,1;19,6;20,1;20,1;20;19,8;20,5;20,1;20,2;20,2;20,9;20,6;20,5;20;20,4;20,4;20,5;20,5;20;19,8;19,8;20;20,2;20,5;20,5;20,4;20,1;20,1;20,6;20,2;20,2;20,6;20,1;20,1;20,5;20,6;20,1;20,1;20,6;20,5;20;20,4;20;19,8;19,6;20,8;20,2;20,2;20,2;20,2;20,1;20,1;20;20,2;20,5;20,4;20,1;19,6;20,5;19,9;20,2;19,8;20,4;19,9;19,9;19,8;20;19,9;20,4;19,8;20,421,4;21,4;21,1;20,7;20,6;21,1;20,9;20,9;21,1;20,9;21,1;21,5;20,9;21,2;21,1;20,9;20,6;20,6;20,8;20,7;20,7;21,2;21,1;20,6;20,6;20,7;20,7;20,6;20,6;20,7;20,8;20,7;20,5;20,5;20,9;20,7;20,5;20,8;20,5;21,2;20,6;20,5;21,4;20,7;20,5;20,7;20,8;20,8;20,9;20,9;20,7;20,6;20,6;20,5;20,4;20,4;20,6;20,7;20,4;19,9;20;20,2;20,5;20,4;20,8;20,7;20,8;21,2;20,7;20,1;20,6;20,9;20,6;20,5;20,4;21,1;20,2;20,1;20,7;20,6;20;20,5;20,8;20,2;20,8;20,7;20,5;20,6;21,1;20,2;20,9;20,1;20,6;20,8;20,6;20,5;20,4;20,5;20,4;20,6;20,4;20,6;20,9;20,7;20,5;20,5;20,4;20,2;20,5;20,9;20,6;20,1;20,5;20,6;20,4;20,2;20,1;20;20;20,5;20,5;20,4;20,4;20,4;20,5;20,7;20,2;20,1;20,2;20,5;20,8;20,5;20,1;20,2;20,2;20,5;20,6;20,7;20,4;20,2;20,1;20,5;20,7;20,5;20,2;20,2;20,4;20,5;20,2;20,5;20,5;20,4;20,6;20,5;20,4;20,5;20,5;20,5;20,2;20,2;20,2;20,2;20,5;20,2;20,5;20,6;20,7;20,5;20;20;20,2;20,1;19,9;20;19,8;19,8;19,9;19,8;20;20,1;19,6;19,9;19,6;19,6;20;20;20,2;20;19,5;19,9;19,9;19,4;20,6;23,5;27,4;28,5;28,4;28,9;28,4;29,4;30,4;32,5;33,8;34,4;34,4;34,4;34,4;34,6;35;35,5;35,4;35,6;36;35,9;35,7;36;35,6;35,9;35,8;35,8;35,8;35,7;35,6;35,6;36,2;35,7;35,9;36,1;35,9;35,8;35,9;35,5;35,7;35,7;35,8;35,7;35,7;35,6;35,5;35,4;35,4;35,4;35,4;35,5;35,4;35,4;35,4;35,1;35;35;35,3;35,4;35,1;35;35,6;35,4;35,6;35,3;35,3;35,2;35,5;35,9;35,7;35,6;36,1;35,6;36;35,6;35,9;36,6;36,7;36,8;36,7;36,9;36,8;37,5;37,2;37,8;37,9;38,3;38,3;38,2;38,7;38,6;38,6;38,5;38,6;38,7;38,8;38,8;38,7;38,5;38,4;38,3;38,9;39;39;38,4;37,9;37,8;37,6;37,8;37,7;37,8;37,5;37,1;36,8;36,9;37;37,4;37,5;36,9;36,6;36,6;36,8;37,1;36,5;36,7;36,5;36,2;36,5;36,4;36,4;36,5;36,3;36;35,6;36;35,6;35,4;35,5;35,5;35,8;35,1;35;35;34,5;34,7;34,9;34,7;34,9;35,2;34,6;34,4;35,4;35,6;35,7;34,6;35;34,7;35,1;35,1;35;35,1;35,2;35,5;35,5;35,6;35,7;36;36,4;36,1;36,1;36;36,4;36;36;35,7;35,1;35,2;35,6;35,4;35;35;34,9;34,4;35,3;34,3;34,6;34,1;33,9;34;34,2;34;33,7;33,8;33,1;33,1;32,7;32,8;32,7;32,6;32,5;32;32,4;32,5;32,2;32,1;32,2;32,1;31,8;32;31,8;31,7;31,8;32,1;31,8;31,2;31,4;31,4;31,1;31,5;31,2;31,5;31,4;31,4;31,5;31,6;31,2;31,4;31,5;31,4;31,4;31,2;31,7;30,8;31,2;31,5;31,5;32;31,1;31,5;31;31,1;31,2;31,6;31,6;31,8;31,5;31,5;31,4;30,9;31,1;31,2;30,9;31,2;31;30,6;30,9;30,8;30,4;30,7;30,4;30;29,3;29,3;28,7;28,2;28,4;28,2;28;26,5;24,5;22,9;21,8;21,1;20,8;20,7;20,7;20,4;20,1;20,4;20,2;20,8;20,7;20,6;20,2;20,6;20,6;20,4;20,5;20,4;20,2;20,6;20,7;20,6;20,5;20,7;20,4;20,1;19,9;20,2;20,6;20,6;20,1;20,4;20,8;20,7;20,2;20;19,9;20,6;20,6;20,4;20,4;20,2;20,5;20,1;20,2;20,5;20,5;20,4;20,6;20,9;20,4;20,4;20,4;20,4;20,5;20,2;19,9;20;19,8;19,9;20,2;20,1;20;20,5;20,2;20,5;20,1;20,4;20,6;20,1;19,8;19,8;20,1;20,2;20,5;20,2;20,5;20,4;20,4;20,6;20,2;20,5;20,5;20,2;20,5;20,2;20,2;19,5;20,5;20,5;19,9;20;20;20,8;20,4;20,2;20,1;19,8;20,4;20,2;20,1;20,4;20,5;19,8;20,2;19,9;20,7;20,7;19,6;20,4;20,4;20,2;19,9;20,4;20,4;20,5;20,2;20,1;20,6;20,4;20,2;20,5;20,2;20,5;20,6;20,1;20,2;20,7;20,5;20,2;20,7;20,4;20,8;20,7;20,2;19,6;20,1;19,9;20,1;20;20,4;20,1;20,1;20,9;20;19,9;20,5;20,1;20,1;19,8;20,6;19,9;20;20;19,9;20;20;19,6;20;20,5;20,2;20,2;20,2;19,9;19,9;19,9;19,8;20,4;20,1;19,9;19,6;19,8;19,8;20,2;19,9;2021,2;21,1;21,2;20,6;20,7;20,8;20,8;20,9;20,8;20,7;20,8;21,2;20,7;21,5;21,1;20,9;20,9;20,7;20,9;20,9;20,7;20,9;20,9;20,5;20,5;20,6;20,7;20,8;20,5;20,8;20,9;20,7;20,6;20,1;20,9;20,6;20,5;20,5;20,4;21,4;21,1;20,6;20,9;20,7;20,2;20,6;20,9;20,6;20,8;20,5;20,4;20,5;20,4;20,5;20,8;20,8;20,6;20,4;20,4;20,7;20,2;20,4;20,7;20,6;20,2;20,7;20,7;20,6;20,5;20,4;20,9;20;20,5;20,4;20,1;20,5;20,2;20,5;20,2;20,4;19,9;20,1;20,8;20,6;20,5;20,6;19,9;20,4;20,5;20,1;20,2;20;20,6;20,7;20,4;20,6;20,4;20,4;20,5;20,2;20,5;20,2;20,4;20,4;20,4;20,4;20,2;20;19,9;20,1;20,2;20,1;20,2;20,1;20;20,5;20;19,8;20,1;20,1;20,4;20,4;20,1;19,9;20,1;20,4;20,5;20,2;20;20,6;20,8;20,4;19,8;20;20,2;20,2;20,4;20,2;20,2;20,5;20,8;20,5;20;20,2;20,2;20,1;20,5;20,5;20,1;20,5;20;20,4;20,2;20,1;20,1;20,5;20,6;20,5;20,1;20,2;20,5;20,2;20,4;20,4;20,4;20,6;20,6;20,2;20,1;20,1;20,4;20,2;19,8;19,8;19,5;19,6;19,6;19,8;20;20,2;19,9;20;19,8;19,5;19,8;19,8;19,9;19,9;19,3;19,9;19,8;20;20,5;23,1;27,3;28,2;28,1;28,9;28,9;29,4;30,8;33;33,8;35,1;35,3;35,1;35,4;35;35,6;35,7;35,8;36,1;36,7;36,8;36,7;37;36,5;36,7;36,9;37;36,7;36,7;36,6;36,7;36,9;36,8;36,9;37;37,4;37,1;36,8;36,6;37;37;37;36,9;36,9;37,1;37;36,9;36,8;36,9;37;36,9;36,9;36,9;36,9;37;36,8;36,6;37,1;37;36,9;36,7;37,4;37,2;37,5;37,6;37,5;37;37,5;38,1;38;37,8;38,2;38,1;38;38,3;38,4;38,9;39,3;39,1;39,4;39,5;39,4;39,8;40,1;40,4;40,5;40,9;41,1;41,2;42,2;42,2;42,3;42,5;42,5;42,7;42,7;42,5;42,9;43;42,8;42,9;43,1;43;43,1;43,1;42,7;42,3;42,3;42,6;42,6;42,7;42,6;42,5;41,9;42,2;42,2;42,3;42,4;42;42;41,9;42;42,4;41,7;42;42;41,7;41,8;42;41,8;41,9;41,7;41,7;41,5;41,3;41,5;41,3;41,4;41,4;41,4;41,1;40,7;40,8;40,2;40,7;40,7;40,5;40,3;40,4;40,4;40,4;40,8;40,9;40,9;40,3;40,7;40,6;40,5;40,4;40,6;40,7;40,9;41;40,9;41,5;41,5;41,6;41,3;41,2;41,2;41,1;41,1;41;41,1;40,3;40,4;39,8;40,1;39,8;39,3;39,2;38,9;38,7;39,1;38,3;38,2;38,1;37,9;37,6;37,9;37,6;37,2;37,5;36,6;36,4;36,3;36,1;35,8;35,7;35,5;35,1;35,6;35,7;35,7;35,5;35,3;35,1;35,1;35,3;35,2;35;35,1;35,3;35,2;34,9;34,6;34,6;34,3;35,2;34,7;35;34,5;34,4;35;34,6;34,5;34,6;34,7;34,9;34,6;34,5;34,6;34,1;34,6;34,5;34,5;34,4;34,2;34,2;33,9;33,8;33,9;34,1;34,5;34,3;33,8;34;33,5;33,2;33,1;33,4;33,2;33,2;32,9;32,8;32,5;32,2;32;32;32;31,1;30,7;30,1;28,9;28,6;28,2;27,9;27,7;26,7;24,4;22,6;21,8;20,7;20,6;20,5;20,6;20,6;20,6;20,6;20,2;20,1;20,2;20,2;20;20,5;20,7;20,5;20,5;20,6;20,6;20,2;20,2;20,5;20,5;20,4;20,2;20,4;19,9;20,1;20,7;20,5;20,2;20,2;20;19,8;20;20,1;20,2;20,1;19,9;20;19,9;20,2;20,1;19,5;20;20,2;20,5;20,4;20,5;20,8;20,4;20,2;20,4;20,4;20,1;19,9;20,1;20,4;20,6;20,5;20;19,9;19,8;19,9;19,9;20,2;20,6;20,7;20;19,9;19,9;19,9;20,1;20;20;20,1;20,2;20,5;20,2;20;20,1;20,4;19,9;19,9;20,1;20,2;19,6;19,4;20,6;20,1;20,1;19,8;20,7;19,6;20,1;19,5;19,8;20,4;19,5;20,2;20,5;19,9;19,8;19,4;19,8;20,4;20,1;19,9;20,5;20,6;20,4;20,1;20;20,6;20;20;20;19,9;20,1;20,5;20,4;20;20;20;20,2;20,1;19,9;20,1;20,1;20,1;20;20;20,4;19,9;19,8;19,5;20,4;20,2;19,6;19,5;19,8;20,1;19,9;20,4;19,8;19,5;19,6;20,2;20;20;20,2;20,1;20,1;20,4;20,1;20;20;19,6;19,8;20,2;20,4;20,4;20;19,9;20,2;19,5;20,1;19,6;20,1;20,4;20;20;19,9;20;20;2021,2;21,2;21,1;20,8;20,7;21,2;21,1;20,7;20,6;20,9;21,1;20,9;20,7;21,1;21,2;20,8;20,7;20,7;21,1;21,1;20,8;20,7;20,6;20,8;20,7;20,7;20,9;20,9;21,1;20,6;20,8;20,1;20,6;20,5;20,9;20,7;20,6;20,5;20,4;20,9;20,6;20,5;21,1;21,2;20,8;20,8;20,7;20,5;20,2;20,5;20,4;20,7;20,8;20,7;20,7;20,6;20,4;20,7;21,1;20,6;20,6;20,6;20,4;20,7;20,7;20,6;20,2;20,4;20,8;20,5;20,8;20,2;20,5;20,4;20,9;20,7;20,1;20,5;20,4;20,5;20,5;20,7;20,6;20,4;20,5;21,2;20,2;20,2;20,4;20,6;20,4;20;20,7;20,5;20,2;20,7;20,2;20,2;20,6;20,5;20,4;20,6;20,6;20,1;20,7;20,5;20,1;20,4;20,4;20;20;20,5;20,6;20,5;20,5;20,5;20,5;20,5;20,7;20,6;20,6;20,8;20,6;20;19,8;20;20,4;20,4;20,4;20,5;20,8;20,7;20,1;20;20,2;20,4;20,5;20,5;20,4;20,2;20,2;20,2;20,4;20,7;20,5;20,4;20,4;20,2;20,1;20,4;20,4;20,6;20,2;20;20;20,5;20,4;20,2;20,4;20,1;20,6;20,6;20,4;20,2;20,4;20,4;19,9;20;20,5;20,1;20;20,4;19,9;19,9;19,8;19,8;19,9;20;19,9;19,6;19,9;19,9;19,8;20;19,6;19,2;19,4;19,6;19,2;20,1;19,6;20,5;20,6;22,8;27,2;28,2;28,1;28,6;29,2;29,4;30,8;33,3;34;35,4;35,9;36,2;36,4;36,2;36,4;36,2;36;36,6;37,2;37,8;37,7;38;37,6;37,4;37,8;37,8;37,9;37,7;37,7;37,8;37,4;37,7;37,7;38,1;38;37,9;37,6;37,9;37,9;37,9;37,8;37,8;37,9;38;37,9;37,8;37,7;37,6;37,7;37,9;37,9;37,8;37,7;37,7;37,8;37,8;37,9;38,1;38;37,9;38,3;38,1;38,2;38,7;38,7;38,3;38,7;38,8;39;39;39,5;39,3;39,2;39,5;39,8;40,1;40,6;40,5;41,1;41,2;40,9;41,2;41,8;41,9;42,4;42,7;42,8;43,3;44,1;44,3;44,3;44,9;44,8;44,9;45;45,1;45,4;45,3;45,1;45,4;45,3;45,2;45,3;45,3;45;44,8;44,8;44,8;44,7;44,5;44,7;45;44,5;44,6;44,8;44,7;44,7;44,3;44,9;44,6;44,5;44,7;44,5;45;44,7;44,5;45;44,8;44,9;44,9;44,9;44,7;44,7;44,9;44,9;44,3;44,5;44,3;44,7;44,8;44,3;44,3;44;44,1;44,1;43,8;43,9;44,2;44,2;44,3;44,3;44,3;44;43,9;44,2;44,3;44,5;44,2;44,5;44,5;44,7;44,5;44,8;45,2;45,1;45;45;45;44,9;44,7;44,6;44,7;44,2;43,8;43,8;42,9;43,3;42,5;42,4;42,3;41,3;41,3;41,4;41,2;40,5;40,9;40,2;40,4;40,2;40;39,6;39,6;39;39,2;39;38,5;38,5;38,4;38,2;38,4;38,2;38,2;38,1;38;37,8;37,8;37,8;37,7;37,6;37,2;37,1;37,5;37,5;37,4;37,1;37,1;36,9;37,2;37,5;37,2;36,9;36,9;37,1;36,7;37,1;37,1;37,2;37,5;37;37,2;36,6;37;36,9;36,6;36,6;36,4;36,3;36,4;35,9;35,6;35,9;36,1;36,5;36,5;35,8;35,9;35,3;35;34,7;34,5;34,7;34,6;34,1;34;33,8;33,7;33,9;33,7;33,2;32,8;32,2;31;29,2;28,6;28,6;27,8;27,8;26,5;23,9;22,7;21,8;20,8;20,5;20,6;20,7;20,6;20;20,5;20,6;20,5;20,5;20,4;20,1;20,6;20,6;20,5;20,1;20,1;20,4;20,4;20;20,2;20,1;20,2;20,6;20,7;20,2;20,5;20;20;20,4;20,4;20,2;20,2;20,5;20,4;20,2;20,6;20,7;20,5;20,4;20,1;20,1;20;20,1;20,2;20,1;20,2;20,2;20,4;20,4;20,5;20,6;20,5;20,1;20,2;20;20,2;20,6;20,5;20,2;20,4;20,8;20,6;19,9;20,1;20,1;20;20,2;20,1;20;19,5;20,1;19,9;20;19,8;20,2;20,6;19,8;19,5;20;20,1;20,1;19,9;19,9;20,4;20;19,8;20;20,2;19,4;19,6;19,6;20,8;20,4;20,4;20,4;20,8;19,4;19,9;20,6;20,8;20,6;20;20,5;20;20;20,4;20;20;19,9;20,5;20,4;20,6;20,2;20,6;20;20;20,5;20,5;20,4;20,5;20,4;20,1;19,8;19,9;20,2;20,1;20;19,9;19,9;19,8;20,1;20,2;20,2;19,5;20,1;20,1;19,6;20,1;19,9;20;20;20,2;20;19,4;20,1;20,4;19,9;20,2;20,4;20,4;20,2;20,2;20,1;20;20,1;20;19,8;20;20,2;20;19,8;20,4;20,5;19,9;20;19,4;20;20,1;20,1;20;20,1;20,4;20;20,221,1;20,9;21,2;20,6;20,8;21,1;20,9;21,2;20,8;21,1;21,2;21,1;20,6;20,9;21,1;20,7;20,7;21,1;21,2;20,9;20,5;20,4;20,8;21,2;20,8;20,9;20,9;20,9;21,4;20,1;20,9;20,4;20,7;20,9;20,8;20,8;20,7;21,1;20,4;20,7;20,9;20,5;20,7;20,9;20,7;20,7;20,6;20,6;20,8;20,8;20,6;20,5;20,8;20,8;21,1;21,1;20,7;20,8;20,8;21,1;20,6;20,4;20,7;20,5;20,2;20,6;20,6;20,7;20,5;20,8;20,8;20,4;20,7;20,4;20,2;20,4;20,8;20;20,5;20,8;20,1;20,7;20,6;20;20,7;20,7;20,6;20,6;20,9;20,2;20,5;20;20,4;20,8;20,6;20,4;20,6;20;20,2;20,4;20,6;20,9;20,4;20,2;20,5;20,5;20,4;20,2;20,1;20,1;20,4;20,7;20,8;20,4;20,4;20,4;20,4;20,2;20,5;20,5;20,1;20;20,2;20,6;20,4;20,4;20,5;20,7;20,6;20,6;20,4;20,1;20,5;20,5;20,2;20,5;20,5;20,7;20,6;20,2;20,4;20,2;20,5;20,7;20,6;20,4;20,2;20,5;20,4;20,4;20,4;20,2;19,9;19,9;20,1;20,2;20,5;20,5;20,2;20,2;20,7;20,5;20,2;20,1;20,1;20;19,8;20;20;20;20,1;20,2;20,1;20,1;20;20,2;20,2;20,2;20;19,8;20;20,2;20,1;20;19,5;19,6;19,6;19,5;19,8;20,4;20,1;20;20,8;22,9;27,2;28,6;28,2;28,7;28,7;29,3;30,8;33,6;35;35,9;36,3;36,6;36,8;36,9;37,6;37,4;37;37,6;38;38,6;38,5;39;38,8;38,4;39;38,7;39,1;38,6;39;39;39;39;38,8;39,2;39;39;38,9;38,9;38,7;39;38,9;38,9;38,9;38,8;38,7;38,9;38,8;38,6;38,6;38,7;38,7;38,8;38,7;38,7;38,8;38,8;38,6;39;38,9;39;39;39,1;39,4;39,6;39,5;39,6;40;40,1;40,2;40,1;40,7;40,3;40,4;40,6;41,2;41,3;41,6;41,8;42,4;42,7;42,7;43;43,5;43,6;44,1;44,7;44,3;45,1;46;46,3;46,5;47,1;47,5;47,4;47,6;47,4;47,6;47,4;47,5;47,4;47,4;47,4;47,2;46,9;46,8;46,4;46,5;46,5;46,4;46,1;46,1;46,4;46;45,9;46;46,1;46;46;46,3;46;45,7;45,8;46;46,1;46,1;46;46;45,9;46;46,2;46;46,1;45,9;46;45,9;46;45,8;45,7;45,9;46;46;45,9;45,6;45,8;46;45,5;45,9;46;46;46;46;46;46;46;46,3;46,3;46,1;46,2;46,6;46,5;46,9;46,9;47,3;47,3;47,4;47,2;47,7;47,7;47,2;47,4;47,1;47,1;46,8;46,4;46;45,8;45,4;44,9;44,6;43,9;43,4;43,5;43,4;43,2;42,3;42,3;42;41,9;41,6;41,4;41,2;41,1;40,7;40,6;40,4;40,1;39,9;39,5;39,9;39,9;39,4;39,5;39,4;39,4;39,2;39,2;39;38,7;38,8;38,7;38,5;38,6;38,6;38,5;38,3;38,3;38,3;38,3;38,8;38,5;38,1;38,2;38,4;37,9;38,2;38,5;38,4;38,7;38,1;38,5;37,9;38,4;38,4;37,8;38;38;37,1;37,7;36,9;36,8;37,2;37,4;37,9;38;37,6;36,8;36,6;35,8;36,1;35,6;35,6;35,5;35,2;35,1;35;35,2;35,3;34,6;34,1;34;33;31,3;29,3;29,2;28,8;27,9;28,1;26;23,9;22,9;21,8;20,8;20,7;20,6;20,9;20,7;20;20,4;20,7;20,9;20,7;20,6;20,6;20,8;20,5;20,2;20,2;20,4;20,4;20,2;19,9;20;20,5;20,6;20,4;20,2;20,4;20,7;20;19,9;20,1;20,2;20,1;20,1;20,6;20,5;19,9;19,9;20,4;20,2;20,2;20,4;19,9;20;20,6;20,9;20,5;20;20,4;20,2;20,4;20,9;20,9;20,4;20,1;20;19,9;20,1;19,9;20;20,2;20,1;20,4;20,8;20,5;20;20,2;20;19,9;19,8;19,8;20,1;20,2;20,5;20,5;19,9;20,1;20,8;20,4;19,9;20,1;20,1;20;20,1;20,4;20,7;20,1;20,5;20,1;19,4;19,8;19,9;20,1;20,7;20,5;20,2;20,1;19,6;20,2;20,2;20,6;20,5;19,9;20,2;19,5;19,9;20,5;19,8;19,6;20,1;19,8;20,4;20;20,1;20,2;20,8;19,9;20,4;20,5;19,9;20;20;20,2;20,2;19,9;19,9;20;19,9;19,9;20,5;20,2;19,9;20,2;20,1;20,4;19,6;20,2;20,1;20,9;20,2;20,2;20,1;20;20,2;20,2;19,8;20,4;20,5;20;20;20,6;19,9;20;20,2;20,4;20,1;20,2;20,1;20;20,2;20,1;19,9;19,8;20;20,4;19,9;19,8;19,9;20,1;20;19,9;20,2;20,4;19,9;20,2;20,921,1;20,8;20,9;20,7;20,7;20,9;20,8;21,5;20,6;20,4;20,9;20,8;20,6;20,6;20,8;20,7;20,7;20,9;20,8;20,7;20,7;20,7;21,2;20,8;20,8;21,2;20,7;21,1;20,7;20,2;21,4;20,8;21,1;20,8;20,8;20,6;20,4;20,8;20,2;20,7;20,7;20,6;20,7;20,9;20,6;20,2;20,2;20,7;20,7;20,5;20,7;20,9;20,9;20,5;20,7;21,2;20,8;20,1;20,1;20,1;20;20,5;20,5;20,5;20,5;20,5;20,9;20,6;20,9;21,1;20,5;21,1;21,1;20,1;19,9;20,7;20,9;20,1;20,1;20,1;21,1;20,6;20,6;20,5;20;20,5;20;20,7;20,1;20,4;20,4;20,8;20,6;20,8;21,1;20,7;20,6;20,6;20,4;20,2;20,2;20,4;20,5;20,8;20,9;20,4;20,4;20,4;20,2;20,5;20,2;20,1;20,1;20,4;20,5;20,5;20,2;19,9;20,4;20,6;20,5;20,7;20,2;20,2;20,4;20,5;20,7;20,5;19,9;20,2;20,5;20,6;20,6;20,5;20,4;20,2;20,5;20,2;20,2;20,1;20,2;20,5;20,6;20,6;20,4;20,5;20,7;20,6;20,4;20,5;20,5;20,5;20,4;20,5;20,4;20,6;20,7;20,5;20,4;20,2;20,5;20,2;20,4;20,4;19,9;20;20,1;20,1;19,9;20,1;20,2;20,2;20;20,1;20;20,2;20,1;20;20,4;20;19,9;20,1;20,1;19,5;19,3;20;19,6;19,6;20,1;20;20;19,5;20,8;23,1;26,8;28,6;28,2;28,6;28,8;29,3;30,8;34,3;35,7;36,3;36,8;36,7;37;37,1;38,1;37,8;38,1;38,4;38,5;39;39;39,8;39,6;39,3;40,3;40;40,4;39,8;40,4;40,1;40,6;40,3;40,2;40,7;40,6;40;40,4;40,1;40,4;40,4;40,3;40,3;40,2;40,3;40,1;40,1;40,1;40;40;40;39,9;40;40,1;40,2;40,3;39,8;39,9;40,1;39,9;40,5;40,4;40,6;41,1;40,9;40,8;41,2;41,2;41,5;41,4;41,5;42;41,8;42;42;42,7;42,8;43;43,4;43,7;43,9;44,5;44,6;45,5;45,9;46;46,8;46,8;47,5;48,3;48,6;49,1;49,5;49,9;49,9;50,3;49,9;49,9;49,9;49,9;49,8;49,6;49,4;49,2;49;48,7;48,2;47,9;47,9;47,7;47,8;47,8;47,9;47,7;47,6;47,5;47,7;47,6;47,7;47,7;47,3;47,3;47,4;47,7;47,2;47,7;47,6;47,3;47,5;47,3;47,4;47,2;47,4;47,4;47,2;47,5;47,5;47;47,1;47,3;47,6;47,2;47,2;47,2;47,3;47,2;47,1;47,3;47,3;47,5;47,5;47,4;47,5;47,6;47,7;47,8;47,8;48;48;48,4;48,5;48,6;48,7;49,2;49,2;49,6;49,7;49,9;49,9;49,7;49,9;49,9;49,8;49,3;48,6;48,4;48,1;47,5;47;46,6;45,9;45,9;45,2;45;44,8;44;43,7;43,6;43,2;43,2;42,7;42,5;42,2;42;41,8;41,5;41,2;41,1;41,2;41,2;41;40,7;40,6;40,6;40,5;40,3;40,2;40;39,6;39,6;39,6;39,6;39,6;39,4;39,3;39,4;39,4;39,4;39,2;39,3;39,2;39,1;39;39,2;39;39;39,3;39,1;39,3;39;39,4;39,2;39;39,4;39;39,1;39;38,6;38,9;38,1;38,2;38,3;38,2;38,9;38,5;38,6;37,6;37,4;36,7;36,9;36,3;36;36,4;35,9;35,8;35,7;36,2;35,8;35,1;35,1;34,4;33,4;31,4;30;29,2;28,6;28,1;28,1;26,2;24;22,3;21,5;20,7;20,7;20,5;20,5;20,7;20,5;20,7;20,6;20,7;20,7;20,4;20,1;20,7;20,7;20,6;20,4;20;20,1;20,2;20,4;20;20,2;20,4;20,4;20,5;20,2;20,5;20,7;20,5;20,4;20,4;20,6;20,6;20,4;20,5;20,7;20,9;20,7;20,4;20,1;20,2;20,2;20,4;20,4;20,5;20,5;20,4;20,4;20,5;20,6;20,6;20,4;20,2;20;20;20,4;20,4;20;20;20,6;20,7;20,5;20,5;20;19,9;19,8;19,9;20,2;20,5;19,9;19,8;20;20,2;20,5;20,2;20,8;20,9;20,4;20,1;20,2;20,4;20,2;19,8;20;20,1;20,5;19,8;19,8;20,2;20,1;20,1;20,2;20,8;20,1;20,1;20,5;20,4;20,2;20,5;19,9;19,6;20,2;19,6;19,9;20;20,7;20;19,5;19,9;20,6;20,7;20,2;20,5;20,6;20,1;19,6;19,8;20,2;20,2;20,1;19,9;20,2;20,4;20,2;20,2;20,2;20,6;20,7;20,4;20,2;20,4;20,2;20;19,8;19,8;20,2;20,1;20,5;19,8;19,9;20,1;20,5;20;20,7;19,9;20,1;20,5;20;19,6;20,5;19,4;20;20,2;20,2;20;19,9;20,1;20,2;20,2;20,1;19,8;19,4;19,8;20;19,8;19,9;19,8;20,2;20,1;19,4;20,2;20,2;19,5;20;20,821,1;21,2;21,2;21,1;20,7;21,2;20,8;21,2;20,4;20,2;20,9;20,9;20,7;20,8;20,7;20,6;20,4;20,7;20,8;20,7;20,7;20,8;20,8;20,9;20,9;20,9;20,7;21,2;20,7;20,8;21,2;20,5;20,8;20,9;20,7;20,7;20,5;20,9;20,6;20,5;20,8;20,6;20,8;20,8;20,6;20,4;21,1;21,1;20,6;20,6;20,8;20,8;20,7;20,6;20,2;20,4;20,4;20,5;20,6;20,5;20,2;20,4;20,7;20,7;20,1;20;20,4;20,7;20,2;20,7;20,2;20,2;20,5;20,5;19,8;20,4;20,6;20,1;19,6;20,6;20,4;20,4;20,5;20,5;20,5;20,2;20,2;20;20,6;20,2;20,2;20,7;20,5;20,7;20,4;20,6;20,4;20,2;20,7;20,4;20,5;20,4;20;20,5;20,4;20,4;20,4;19,9;19,8;19,9;19,8;20;20;20,4;20,1;20,2;20;20;20,5;20,4;20,1;20,4;20,2;20;20,2;20,1;20,1;20,6;20,7;20,4;20,1;19,9;20,2;20,8;20,5;20,4;20,4;20,4;20,4;20,2;20;20,1;20,1;20,4;20,5;20,1;20,2;20,5;20,4;20,5;20,4;20,2;20,2;20,4;20,2;20,2;20,1;20,4;20,5;20,2;20,6;20,5;20,5;20;19,9;20,4;20,4;20,2;20,2;20;20,4;20,4;19,8;20,1;20;19,9;19,9;19,9;20;19,6;19,6;19,5;19,6;19,3;19,8;19,8;19,4;19,4;20;19,9;19,5;19,8;20,8;23,1;26,6;28,6;28;28,1;28,7;29,3;31;34,2;35,6;36,1;36,8;36,7;36,9;37,2;37,8;37,9;38;38,4;38,5;39,5;39,6;39,9;39,6;39,5;40,2;40,5;40,5;40,5;40,6;40,6;40,9;40,5;41;41,1;41,1;40,6;41,2;40,9;41;41;40,9;41;41,1;41,1;41;40,8;41;40,9;41;41,2;41;40,9;41;41,1;41,1;40,8;41,1;41,3;41,2;41,6;41,4;41,3;41,3;42;41,5;41,9;42;42,4;42,5;42,6;42,9;43;43,4;43,6;43,8;43,9;44,1;44,5;45;45;45,6;46,2;46,4;47,2;47,6;48,1;48,6;49,1;50,2;50,5;50,8;51,3;51,5;52;52,3;51,9;51,8;52,2;51,8;51,7;51,7;51,1;50,8;50,6;50,5;50,1;49,8;49,8;49,4;49,6;49,3;49,4;49,2;49,3;49,2;49,1;49,3;49,2;49,2;48,8;49;49;49,2;48,6;49,2;48,8;49;49,2;49;48,6;48,6;48,7;48,8;49,1;49,2;49,2;49;48,6;49,1;49,1;48,8;48,8;49;49,1;48,7;48,5;48,7;49,2;49,2;49,1;49,2;49,2;49,3;49,4;49,6;49,8;49,9;50;50,3;50,5;50,5;50,9;51,5;51,6;52;52,1;52,3;52,4;52,3;52,3;52,4;52,2;51,6;50,8;50,5;50,1;49,8;49,2;48,4;48,1;47,7;47;46,9;46,3;45,9;45,5;45;45;44,7;44,2;43,9;43,6;43,7;43,4;43,1;42,7;42,7;42,7;42,6;42,5;41,9;41,8;41,7;41,5;41,4;41,4;41,2;41;41,2;41;41;41,2;41,1;40,8;40,9;40,8;40,7;40,8;40,5;40,6;40,6;40,4;40,5;40,6;40,3;40,6;40,7;40,7;40,6;40,9;40,8;40,3;40,7;40,4;40,5;40,3;40;40;39,5;39,5;39,2;39,3;39,5;39;39;38,2;37,9;37,7;37,7;37,1;36,9;37;36,3;36,5;36,2;36,3;36,1;35,2;35,2;34,6;33,5;32;30,2;29,2;28,1;28,1;27,9;26,1;24,3;22,2;21,4;20,6;20,4;20,6;20,5;20,6;20,2;20,2;20,7;20,6;20,2;20,5;20,1;20,6;20,4;20,5;20,6;19,9;19,9;20,2;20,6;20,1;20;20,1;20,1;20,4;20,8;20,8;20,4;20,1;20,2;20;19,9;20;20,4;20,6;20,4;20,1;20;19,8;20,1;20,4;20,4;20;19,9;20,1;19,6;19,5;20;20,5;21,1;20,7;20,4;20,1;19,6;19,8;20,2;20,1;20,4;20,4;20,2;20,4;20,4;20,2;20,5;20,6;20,4;20;19,5;19,5;20;20,2;20,2;20,1;19,9;19,6;20;20,5;20,2;20;20,1;20,4;20,1;20,2;19,9;20,2;19,9;19,4;19,8;20;19,6;19,2;19,6;20;19,6;20,8;20;20,9;19,6;20,5;19,9;19,9;20;20,5;19,8;20,2;20;19,9;20;19,5;19,9;20,2;19,6;20,2;20,5;19,9;19,4;19,8;20;20,4;20,2;20,5;20,5;20,4;20,4;20,2;20,2;20;19,6;19,6;19,9;20,1;20;19,8;20;19,5;20,2;20,1;20,2;19,4;20;20,1;20,7;19,9;20,8;20;20;20,4;20,4;19,8;20,4;19,8;20,5;20,5;20,1;19,8;19,9;19,9;20,2;20,4;20;19,9;19,5;20;20,1;20,1;19,8;19,8;20,2;20;19,6;20,2;20;20;19,5;20,220,9;21,2;21,4;21,1;20,6;21,2;20,8;20,9;20,8;20,7;20,8;20,9;20,7;20,6;20,8;20,7;20,6;20,9;21,2;20,7;20,6;20,7;20,8;20,7;20,7;20,8;20,7;21,2;20,6;21,1;20,9;20,5;21,1;20,9;20,7;20,8;20,9;21,2;20,4;20,6;21,1;20,9;20,9;21,2;20,7;20,5;20,5;20,8;20,9;20,7;20,8;20,5;20,5;20,9;20,9;21,1;21,1;20,7;20,2;20,6;20,2;20,4;20,7;20,7;21,1;20,7;20,8;20,7;20,8;20,5;20,4;20,7;20,8;20,9;20,5;20,8;20,6;20,2;20,8;21,4;20,2;20,9;21,4;20,8;20,7;20,2;20,8;20,5;20,7;20,6;20,8;20,8;20,2;20,8;20,4;20,4;20,6;20,4;20,5;20,9;20,6;20,2;20,4;20,7;20,6;20,9;20,7;20,4;20,4;20,1;20,4;20,2;20,5;20,8;20,2;20,4;20,7;20,5;20,5;20,5;20,7;20,6;20,2;20,1;20,2;20,5;20,6;20,4;20;20,1;20,5;20,5;20,1;20;20,1;20,4;20,2;20,5;20,8;20,7;20,4;20,5;20,4;20,4;20,5;20,5;20,2;20,1;20,7;20,6;20,1;20,5;20,7;20,5;20,2;20,2;20,4;20,5;20,4;20;20,1;20,2;20,5;20,1;20,1;20,4;20,2;20,1;20,5;20;20,2;20,2;20,1;20,4;20;20,1;20,4;20,1;19,9;19,6;19,8;19,8;19,8;19,8;20,2;20;19,8;19,3;20,1;19,6;19,8;19,9;21,1;23,4;26,6;28,6;28,2;28,7;28,5;29,1;31,4;33,9;35,1;35,9;36,5;36,2;36,6;36,9;37,1;37,7;37,2;37,9;38,5;39,3;39,3;39,3;39,2;39,1;39,4;40;39,9;40;39,8;40;40,4;40,3;40,6;40,4;40,5;40,4;40,8;40,6;40,6;40,5;40,6;40,8;40,9;40,8;40,7;40,6;40,9;40,8;40,8;41;40,7;40,6;40,8;40,9;40,9;40,8;41,1;41,2;41,3;41,3;41,3;41,2;41,2;42;41,5;41,9;42,3;42,4;42,7;42,7;42,9;43,2;43,5;43,5;43,9;44,3;44,1;44,6;45;45,1;45,6;46;46,3;46,9;47,2;47,8;48,4;49,1;49,9;50,3;50,5;50,9;51,5;51,8;52,3;52,2;52,1;52,1;52;51,9;51,9;51,5;51,3;51,3;50,9;50,5;50,5;50,5;50,4;50,5;50,3;50,2;50,2;49,9;50,1;50;50,1;50;50,2;49,9;50,1;49,9;50,1;50,1;50;49,8;50,1;50;50;49,8;49,9;50,1;49,9;50;50,2;50,5;50,2;50,1;49,9;50,2;49,9;50;49,9;50,1;50,2;50;50;50,2;50,2;50,2;50,3;50,4;50,5;50,5;50,5;50,8;50,9;51,2;51,6;51,5;51,7;52,1;52,7;52,9;53,4;53;53,3;53,5;53,6;53,4;53,4;52,9;52,4;51,7;51,3;50,6;50,2;50,1;49,4;49,1;48,6;48;47,7;46,9;47;46,4;46,1;46;45,6;45,3;45,3;44,9;44,6;44,3;44,1;43,9;43,8;43,6;43,3;43,2;43;42,9;42,7;42,5;42,5;42,5;42,3;42,2;42,3;41,8;41,9;42,2;42;41,7;41,8;41,7;41,5;41,7;41,6;41,6;41,7;41,6;41,6;41,8;41,5;41,5;41,6;41,7;41,6;41,6;41,5;41,2;41,4;41,2;41,5;41,1;41;40,7;40,5;40,2;39,8;40,3;40,3;39,6;39,3;38,8;38,5;37,6;38;37,7;37,4;37,1;36,8;37;36,5;36;36,3;35,7;35,4;35,1;33,7;32;30,6;29,5;28,6;28;28,1;26,3;24,6;22,7;21,5;21,1;20,6;20,8;21,1;20,7;20,5;20,6;20,6;20,6;20,7;20,9;20,4;20,5;20,6;20,6;20,6;20,2;20,5;20,1;19,8;20,1;20,4;20;20,2;20,5;20,1;20;20,2;20,2;20,5;20,4;20,2;20,5;20,6;20,7;20,5;20,1;20;20,2;20,6;20,7;20,4;20,1;20,2;20,8;21,2;20,5;20,1;20;19,9;20,2;20,4;20,4;20,2;20,2;20,5;20,6;20,5;20,6;20,5;20,5;20,6;20,6;20,4;20,2;20,5;20,7;20,8;20,8;20,7;20,4;20,2;20;20,5;20;20,4;20,5;20,1;20,4;20,5;20,4;20,6;20,2;20,5;19,9;20,4;20;20;19,9;20,1;20,7;20,4;19,6;20,6;19,8;20;20,9;19,9;20,5;19,8;19,9;19,9;20,9;20,7;20,5;20,1;20,4;19,5;20;19,9;20;19,8;20,1;20,9;20,8;20,4;20,1;20,2;20,5;20,2;20,5;20,5;20;20,1;20,1;20;20,1;20,2;20,2;20,2;20,5;20,2;20,4;20,8;20;20,4;20,1;20,6;19,9;20;20,4;20,1;20,5;20,5;20,4;20;20,6;20,4;20;20,5;19,6;20,6;20,5;20,1;20;20,5;20;20,1;20,5;20,1;20;20,2;20,2;20,4;20;19,9;20,5;20,1;19,9;20,1;20,2;20;20,2;19,8;20,421,2;20,8;20,9;20,7;20,5;20,9;20,8;20,8;20,9;20,9;21,1;20,9;20,8;20,5;20,6;20,7;20,7;20,8;20,9;20,8;20,6;20,7;20,4;20,5;20,6;20,4;20,2;21,1;20,5;20,7;20,8;20,4;20,8;20,7;20,5;20,6;20,7;20,7;20,6;20,9;20,6;20,6;20,6;20,8;20,5;20,5;20,5;20,5;20,6;20,6;20,9;21,1;20,8;20,5;20,6;20,8;20,8;20,8;20,8;20,9;20,7;20,4;20,6;20,6;21,1;20,9;20,8;20,9;20,4;20,4;21,6;20,8;20,6;20,7;20,4;20,5;20,8;21,1;20,9;20,7;20,5;20,4;20,7;20,2;20,4;20,9;20,5;20,5;20,4;20,5;20,5;20,4;20,5;20,5;20,4;20,2;20,8;20,5;20,5;20,5;20,5;20,6;20,4;20,5;20,4;20,5;20,7;20,4;20,5;20,4;20;20;20,1;19,9;19,9;20,4;20,5;20,5;20,5;20,4;20,4;20,7;20,7;20,2;20,4;20;20,1;20,5;20,7;20,5;20;20,4;20,7;20,6;20,8;20,6;20,1;20;20,4;20,5;20,7;20,5;20,2;20,2;20,7;20,7;20,2;20,1;20,2;20,5;20,4;20,5;20,5;20,8;20,7;20,5;20,2;20,2;20,1;19,9;20;20,5;20,7;20,5;20,4;20,1;20,4;20,2;20,2;20,5;20,4;20,4;20,1;20,1;20;20,2;20,2;20,1;19,9;19,9;19,9;19,8;20;20;20,2;20;19,6;19,6;20,2;19,5;20;20,2;20,8;23,4;27,1;28,6;28,2;28,6;28,7;29;31;33,7;34,9;35,8;35,9;36,1;36,4;36,5;36,9;37,2;37,2;37,2;38,1;38,4;38,7;39;38,8;38,8;38,9;39,2;39,4;39,3;39,2;39,4;39,8;39,8;40,1;39,8;40;39,8;40,1;40,1;40;39,8;39,9;40,2;40,3;40,2;40,1;40,3;40,5;40,3;40,1;40,2;40;39,9;40,2;40,4;40,5;40,3;40,4;40,4;40,5;40,8;40,9;40,9;41,2;41,3;41,4;41,4;41,6;41,8;42;42,4;42,5;42,5;43;42,5;43,3;43,8;43,7;43,8;44,2;44,3;44,9;45;45,6;45,7;46,3;46,9;47,4;48;48,4;49,2;49,5;49,8;50,3;50,5;50,9;50,7;50,8;50,8;50,7;51;50,9;50,6;50,6;50,5;50,5;50,3;50,4;50,4;50,2;50,2;50;50;50,1;50;50,1;49,9;49,9;50,2;49,8;49,9;50,1;50;50,2;50,4;50,1;49,9;50,2;50,1;50,2;49,9;50;50,2;50,1;50,2;50,2;50,3;50,1;50,4;50;50,4;49,9;50,2;50,1;50,4;50,3;50,2;50,1;50,4;50,4;50,3;50,3;50,3;50,4;50,5;50,5;50,5;50,5;50,7;51;51,1;51,4;51,7;52;51,9;52,3;52,3;52,2;52,3;52,3;52,2;52,1;51,6;51,2;50,6;50,3;49,8;49,2;49,1;48,4;48,1;47,9;47,3;47,1;46,2;46;45,8;45,5;45,3;45,2;44,6;45,1;44,6;43,9;44,3;43,9;43,9;43,7;43,2;42,8;42,8;42,8;42,6;42,4;42,3;42,4;42,3;42,3;42,2;41,9;41,8;41,8;41,8;41,5;41,2;41,6;41,7;41,5;41,8;41,6;41,4;41,4;41,5;41,5;41,6;41,6;41,4;41,5;41,5;41,2;41,2;41,4;41,3;41,3;41;41,1;40,8;40,9;40,6;40;39,8;39,4;40,2;40,2;39,4;39;39;38;37,7;37,7;37,1;36,9;36,7;36,8;36,8;36,7;36;35,8;35,7;35,1;34,7;33,8;32,1;30,7;29,9;28,8;28,1;28,2;26,5;24,4;22,6;21,6;21,1;20,7;20,7;21,1;20,9;20,5;20,7;20,6;20,6;20,5;20,6;20,4;20,6;20,7;20,6;20,6;20,4;20,7;20,7;20,2;20,1;20,4;20,5;20,4;20,4;20,6;20,7;20,4;20,2;20,4;20,6;20,2;20,2;20,2;20,1;20,4;20,5;20,4;20,7;20,8;20,5;20,1;20;20,4;20,6;20,6;20,4;20,1;20,1;20,5;20,6;20,2;20,4;20,1;19,6;20,2;20,5;20,2;20,1;20,5;20,5;19,9;20;19,9;20;20,2;20;20,1;20,5;20,7;20,2;20;20;20,2;19,9;20;20,1;19,8;19,9;20,5;19,8;20,4;19,9;20,1;19,9;19,9;19,4;19,6;19,8;20;20;19,8;20,5;20,5;20,1;20,2;20,2;20,6;20,6;19,9;20,1;19,3;20,2;19,8;20,4;20;20;20,1;20,1;19,6;19,9;19,6;20,7;20,1;20,5;20,5;20,5;20,2;20,2;20,5;20,7;20,2;19,8;19,9;20,1;20,1;20,1;20,6;20,4;20;19,9;19,6;19,8;20;19,9;20,5;19,9;20,6;19,6;20,1;19,5;20,2;20,4;20,5;20,2;20;20,2;19,5;20,1;19,9;19,3;20,1;20,2;19,9;19,5;20,2;20;20;20,4;20;20;20,1;20,1;20;19,9;19,8;20;20,1;20;20,1;20;20,1;20,4;20;20,421,2;21,2;20,9;20,7;20,9;20,8;20,7;20,8;21,1;21,2;21,8;20,8;20,8;21,1;20,8;20,7;20,6;20,7;20,9;21,1;20,8;20,8;20,6;20,8;20,4;20,4;20,7;20,8;20,8;20,5;20,6;20,7;20,6;20,7;20,1;20,7;20,8;20,6;20,9;20,7;20,4;19,9;20,1;20,7;20,6;20,6;20,6;20,5;20,6;20,6;20,5;20,4;20,6;20,9;20,8;20,7;20,4;20,2;20,2;20,4;20,5;20,6;20,2;20,5;20,8;20,7;20;20,4;20,8;19,9;20,7;20,9;20,5;20,6;20,2;20,8;20,4;20,6;19,9;20,9;20;20;20,7;20,2;20,2;20,5;20,5;20,1;20,4;20,4;20;20;20;20,7;20,2;20,2;20,1;20,1;20,1;20,4;20,9;20,8;20,1;20,2;19,9;20,2;20,7;20,1;20;20,4;20,2;20,2;20,1;20,4;20,1;20,1;20,1;19,6;19,9;20,2;20,1;19,9;19,9;19,9;20,2;20,6;20,5;20,2;20,2;20,4;20,4;20,4;20,2;20,2;20,4;20,4;20,2;20;20,1;20,4;20,1;20,2;20,1;20;20;20;20,5;20,4;20;20,1;20;20,4;20,6;20,4;20,1;20,4;20,7;20,4;20,1;20,1;20,1;20,2;20,4;20;20;20,2;20,5;20,1;20;20;20,1;20;20;20,4;20,2;20;20;19,9;19,8;19,9;19,6;19,6;19,9;19,9;19,6;19,8;19,4;19,9;19,8;19,8;19,8;20,5;20,6;23;27,2;28;28,2;28,1;28,6;28,8;30,9;33,6;34,9;35,2;35,7;35,9;35,7;36;36,4;36,6;36,6;36,5;37,4;37,9;38,3;38,4;38,1;38,1;38,2;38,5;38,9;38,6;38,8;38,9;39;39;39;39,1;39,1;39;39,1;39,2;39,2;39,1;39;39,3;39,6;39,5;39,3;39,6;39,8;39,3;39,1;39,4;39,5;39,3;39,4;39,6;40;39,9;39,8;39,5;39,9;40;40,2;40,2;40,5;40,6;40,8;40,6;40,8;41,1;41,2;41,5;41,3;41,5;42;42;42,7;42,7;42,7;43,2;43,3;43,8;44,2;44,6;44,6;44,8;45,7;45,8;46,3;46,8;47,5;47,9;48,3;48,4;49;49,2;49,6;49,9;49,9;49,9;49,9;49,9;49,9;49,9;50;50;49,9;49,7;49,8;49,8;49,7;49,7;49,7;49,9;49,6;49,8;49,9;49,3;49,5;49,9;49,7;49,9;49,6;49,9;49,9;50;50;49,9;49,9;50;50,1;49,8;49,9;50;49,9;50,1;49,8;50;50;50,1;49,9;49,9;49,7;50,1;49,9;50,2;50;49,9;49,9;49,9;50;50,1;49,8;49,8;49,9;49,9;50,2;50;50,1;50,5;50,5;50,5;50,6;50,9;51,1;51;51;51,2;51;50,8;50,7;50,6;50,4;50,4;50,1;49,2;49;48,4;48;47,8;47,5;47,1;46,3;46,4;46,2;45,5;45,1;44,8;44,5;44,3;44,5;43,7;43,9;43,7;43,3;43,4;43,2;42,8;42,7;42,6;42,2;42;42;41,8;41,6;41,6;41,5;41,4;41,4;41,3;41,2;41,1;41;40,9;40,8;40,6;41;40,7;41,1;41,1;40,9;40,7;40,7;41;40,8;40,9;40,7;40,8;41;40,6;40,6;40,5;40,7;40,7;40,7;40,3;40,2;40,3;40;39,4;39,1;38,8;39;39,2;39,3;39;38,6;38,3;37,6;37,2;37,4;36,7;36,6;36,7;36,3;36,3;36,4;35,3;35,3;35,4;34,5;34,3;33,5;31,8;30,1;29,4;28,5;28,2;27,9;26,3;24;22,3;21,2;20,7;20,4;20,5;20,6;20,8;20,5;20,4;20,2;20,5;20,2;20,5;20,2;20,4;20,5;20,5;20,4;20,2;20,5;20,4;20,5;20,4;20,4;20,2;19,8;20,2;20,5;20,6;20,5;20;20;20,1;20,5;20,4;20,2;20,1;20,1;20,6;20,5;20,1;20,1;20;20,2;20;19,9;19,9;20;19,5;19,9;20,5;20,6;20,2;20,2;20,5;20;20,1;20;20;20,6;20,5;20;19,8;19,9;20,2;20,1;19,9;20,2;20,5;20;19,9;20,1;20;20,2;19,9;19,6;20;20,4;19,9;19,9;20,5;20,4;20,7;19,9;19,9;19,8;19,4;19,6;19,6;19,9;19,9;19,2;20;19,8;20,1;19,6;19,4;20,4;19,6;20,5;20;19,9;19,9;19,4;19,5;20;20;19,6;19,4;19,5;19,8;20,1;20,2;20,1;20,5;19,9;19,6;20,1;20,1;19,9;19,5;20,1;20,2;20,1;20,2;20;20;20;19,8;19,6;19,8;19,6;19,6;20;20,4;20,1;20;20,6;20;19,6;19,8;19,9;20,1;20,4;19,8;20,2;20,1;20,2;20,5;20;20,2;20,1;19,9;20,1;20,1;20,1;19,9;20,1;20;19,9;19,9;20,2;20,4;20,2;20,1;20;20;19,8;19,4;20,2;20,2;19,6;20,1;20,2;20,5;20;20,421,1;21,2;20,9;21,1;20,8;21,1;20,7;20,7;21,1;20,9;21,9;20,8;20,9;21,1;21,4;20,9;20,8;21,1;21,4;21,1;20,9;21,1;21,1;20,8;20,7;20,8;21,5;21,4;21,1;20,7;21,1;21,1;20,8;21,1;21,2;21,1;20,8;20,9;20,8;20,9;20,9;20,6;21,1;21,4;21,1;20,9;20,9;20,8;20,9;20,7;20,9;21,5;20,9;20,8;21,2;20,9;20,4;20,2;20,7;21,1;20,8;20,8;20,6;20,8;20,8;20,9;20,9;20,4;20,5;20,6;20,6;20,7;20,7;20,9;20,6;20,9;21,1;20,5;20,6;20,5;20,7;20,5;20,7;20,7;20,5;20,9;20,6;20,6;20,6;20,6;20,4;20;21,2;20,7;20,5;20,6;20,4;21,1;20,6;20,7;20,8;20,8;20,6;20,5;20,8;20,8;20,8;20,4;20,6;20,5;20;20,2;20,6;20,4;20;20,4;20,8;20,8;20,7;20,4;20,5;20,8;20,5;20,5;20,6;20,4;20,6;20,8;20,9;20,9;20,8;20,6;20,4;20,4;20,8;21,1;20,7;20,8;20,5;20,5;20,6;20,6;20,5;20,6;20,6;20,5;20,6;20,6;20,5;20,6;20,8;20,8;20,5;20,4;20,6;20,6;20,6;20,8;20,6;20,4;20,5;20,7;20,6;20,2;20,6;20,6;20,4;20,1;20,2;20,2;20,1;20,2;20,5;20,4;20;19,9;20,2;20;19,9;20;20;19,9;20,1;20,2;20,1;20,1;19,8;20,2;19,9;19,9;20;20,2;21,2;23,4;27,3;28;28,5;28,7;28,6;28,8;31,2;33,7;34,5;35,1;35,6;35,7;35,6;35,7;36,2;36,6;36,1;36,6;37,2;37,9;37,9;37,9;37,6;37,5;37,8;38,3;38,6;38;38,3;38,3;38,8;38,5;38,7;38,9;38,5;38,8;38,7;39;39;38,9;38,8;39;39,1;39,1;39;38,9;39;38,8;38,8;39;39,1;39,1;39;39;39,2;39,3;39,4;39,2;39,6;39,5;39,6;39,6;39,6;40;40,2;40,2;40,2;40,9;40,5;41;41;41,3;41,2;41,4;41,9;42;42,3;42,7;42,4;43,2;43,5;43,9;43,8;44,3;44,6;45;45,6;45,9;46,3;46,9;47,3;47,4;47,7;48,1;48,5;49,1;48,8;49;49;48,8;49,1;49,3;49,3;49,5;49,3;48,8;49,1;49,2;49,3;49,2;49,1;49,4;49;49,2;49,4;49,2;49,3;49,3;49,3;49,6;49,3;49,8;49,9;49,7;49,6;49,9;49,6;49,9;49,9;49,7;49,9;49,9;49,8;49,9;49,4;49,6;49,8;49,9;49,9;49,7;49,5;49,9;49,4;49,9;49,9;49,9;49,7;49,5;49,5;49,5;49,3;49,4;49,6;49,6;49,8;49,7;49,9;49,9;50;49,8;49,9;50,1;50,2;50,3;50,1;50,1;49,9;50;49,9;49,5;49,2;49;49,1;48,1;48,2;47,5;47,4;47;46,9;46,3;45,7;45,9;45,4;45;44,8;44;43,8;43,8;43,5;43,6;42,9;43,1;42,7;42,6;42,6;42,3;42,2;42;41,7;41,6;41,3;41,4;41,2;41,2;41,1;40,9;41;40,8;40,6;40,5;40,5;40,4;40,5;40,4;40,7;40,3;40,5;40,6;40,5;40,7;40,7;40,8;40,3;40,3;40;40;40,5;40;40,1;40,1;40,1;39,8;40;40,1;39,8;39,6;39,2;39,2;38,9;38,5;38,8;38,8;39;38,9;38,3;38;37,1;36,5;36,7;36,5;36,8;36,7;36,2;35,7;35,9;35,4;35,2;35,5;34,9;34,2;33,2;31,6;30,2;29,2;28,7;28,4;28,1;26,5;24,3;22,8;21,4;21,1;20,8;20,6;20,4;20,9;20,8;20,6;20,5;20,2;20,4;20,5;20,5;20,8;20,8;20,5;20,7;20,7;20,7;20,5;20,1;20,1;20,6;20,7;20,9;21,1;20,7;20,5;20,4;20,2;20,1;20,2;20,6;20,6;20,7;21,2;21,1;20,8;20,4;20,6;20,7;20,4;20;20,1;20,1;20,1;20,6;20,4;20,4;20,2;20,5;20,7;20,4;19,9;20,4;20,6;20,6;20,6;20,5;20,6;20,6;20,5;20,4;20,4;20,5;20,2;20,2;20,4;20,2;20,4;20,6;20,6;20,5;20,4;20,1;19,9;20,4;20,6;20,5;20,7;20,4;20,4;20,5;20,5;20,5;20,6;20,2;19,9;20,8;20,6;20,5;20,4;19,9;20,6;20,4;20,7;20,2;19,8;20,4;20,7;19,9;20,2;20,5;20,8;20,7;20,7;19,9;20,1;20,5;20,2;20,9;20,5;20,2;20,5;20,5;20,7;20,1;19,8;20,5;20,7;20,5;19,9;19,9;19,8;20,1;20,5;20,4;20,4;20,5;20,5;20,5;20,2;20,1;20,2;20,8;20,7;20,5;20,5;20;20,2;20,2;20,6;20,4;20,7;19,9;20,4;20;20,6;20,6;20,6;20,4;20;20,4;20,5;20,5;20,5;20,6;20,6;20;19,9;20,4;20,5;20,4;20,5;20,4;20,4;20,4;19,8;20,5;20,2;19,6;20,2;20,1;20,1;20;20,421,1;20,8;21,1;20,8;20,5;20,7;20,5;20,9;20,7;20,7;21,2;20,9;20,6;20,5;20,7;20,7;20,5;20,8;21,1;20,9;20,9;20,7;20,9;20,7;20,6;20,5;20,7;21,2;20,7;21,1;20,9;20,6;20,5;20,8;20,6;20,9;20,5;20,8;20,6;20,9;20,7;20,6;20,8;20,8;20,8;20,7;20,4;20,4;20,6;20,6;20,7;20,8;20,7;20,6;20,7;20,9;20,7;20,5;20,5;20,8;20,5;20,4;20,5;20,6;20,7;20,5;20,7;20,4;20,6;20,6;20,5;20,7;20,6;20,4;20,4;20,8;20,2;20;20,4;21,5;20,6;20,2;20,4;20,4;20,8;20,2;19,6;20,8;20,7;20,5;20,5;20,5;20,5;20,5;20,1;20,1;20,6;20,7;20,5;20,7;20,5;20,6;20,5;20,1;20,1;20,2;20,5;20,2;20,2;20,4;20,2;20,4;20,4;20,1;20,1;20,4;20,2;20,2;20,1;20,1;20,5;20,7;20,6;20,6;20,5;20,6;20,5;20,5;20,6;20,4;20,1;20,2;20,4;20,7;20,2;20,1;20,7;20,6;20,2;20,1;20,5;20,4;20,2;20,6;20,8;20,5;20,1;19,9;19,9;20,2;20,7;20,8;20,6;20,2;20,4;20,8;20,8;20,6;20,2;20,1;20,5;20,4;20,2;20,2;20,5;20,6;20,1;20;20,2;20;20;20,4;20,4;20,1;20;19,9;20,4;20,2;20,1;20,1;20,1;19,9;20,2;20,1;20,2;20,2;20;20;20;20,2;20;20;21,1;23,3;27,7;28,2;29;28,6;28,6;28,6;30,8;33,3;34,1;35,3;35;35,3;35,5;35,5;36;36,3;36;36,5;36,7;37,2;37,6;37,7;37,2;37,1;37,7;38,1;38,1;37,6;37,8;37,7;38,4;38,1;38,4;38,6;38,5;38,3;38,4;38,5;38,4;38,5;38,4;38,3;38,3;38,6;38,6;38,3;38,3;38,4;38,5;38,6;38,7;38,7;38,6;38,7;38,8;38,9;38,8;38,8;39,1;39,3;39,2;39;39,3;39,3;39,6;39,8;39,5;40,5;39,9;40,3;40,6;40,6;40,6;40,5;41,4;41,6;41,6;41,8;41,9;42,5;42,7;42,9;43,3;43,7;43,8;44,2;44,7;44,9;45,3;46,1;46,3;46,4;46,9;47,3;47,7;47,9;47,7;48,1;48,2;48,1;48,3;48,4;48,4;48,6;48,6;48,3;48,4;48,4;48,7;48,6;48,5;48,6;48,6;49,1;49,2;48,8;49;49,1;49;49,2;49,2;49,4;49,4;49,2;49,1;49,7;49,3;49,8;49,8;49,4;49,5;49,9;49,7;49,9;49,6;49,6;49,6;49,8;49,5;49,6;49,6;49,5;49,3;49,5;49,6;49,4;49,3;49,1;49;49,1;49;49,2;49,2;49;49,2;49,2;49,3;49,2;49,4;49,2;49,2;49,2;49,2;49,5;49,4;49,2;48,7;49,1;48,6;48,2;48,2;47,9;47,8;47,3;47,4;46,9;46,6;46;45,8;45,3;45,4;45,2;44,9;44,3;43,7;43,3;43;43,2;42,9;42,9;42,6;42,2;42;42;41,7;41,8;41,5;41,2;41,2;41;40,8;41,1;40,8;40,6;40,5;40,3;40,4;40,1;40,1;40,1;40,1;40,3;40,3;40;40,1;39,8;39,9;40,3;40,1;40,3;40,1;40,1;39,9;39,9;39,5;39,6;40,2;39,5;39,2;39,4;39,6;39,2;39,5;39,5;39,5;38,8;39;38,8;38,7;38,6;38,1;38,6;38,6;38,3;37,9;37,7;36,7;36,5;36,6;36,3;36,6;36,2;35,9;35,6;35,8;35,3;35;35,1;35,1;34,2;33;31,5;30,2;28,9;28,8;28,1;28;26,8;24,3;22,8;21,6;21,1;20,7;20,4;20,5;20,6;20,6;20,5;20,6;20,1;20,5;20,6;20,2;20,6;20,8;20,5;20,2;20,7;20,6;20,1;20;20,5;20,5;20,4;20,2;20;20;20,5;20,6;20,2;20,4;20,6;20,6;20,7;20,4;20;20;20,2;20,6;20,8;20,8;20,8;20,2;20;20,4;20,6;20,5;20,1;20,2;20,2;20,1;20,4;20,5;20,5;20,1;19,8;20;20,2;20,1;20,2;20,5;19,9;20,2;20,9;20,5;19,9;19,9;20,1;20,8;20,5;20;20,1;20,4;20,1;20,4;20,1;19,8;20,1;19,9;20,1;20,1;19,5;19,8;19,9;20,1;20,6;20,4;20;20;20,2;19,3;19,9;20,6;19,9;20,2;19,6;19,8;20,1;20,5;19,9;20,7;20,9;20,2;19,8;19,6;20,6;20,4;20,2;19,4;20,2;20,1;20,2;19,9;20,6;20;20,4;20,1;20,2;20,2;19,9;19,6;19,5;19,8;20,1;20,4;20,2;19,9;20,1;20,2;19,9;19,9;20,2;20,4;20;20;19,9;20;20;20;19,9;20,2;19,8;20,1;21,2;19,4;19,9;20,1;20,7;20,2;20,1;20;19,8;19,8;20;20,4;20,2;20,1;20;19,9;20,1;20,4;20,4;20,6;20,2;20;20,2;20,1;19,4;20,1;20,4;20,1;20;19,9;19,8;20;20,121,1;21,1;21,2;20,9;20,7;21,1;20,6;20,6;20,8;20,8;20,9;21,1;20,6;20,7;20,8;20,7;20,7;20,7;20,8;20,8;21,1;21,1;20,9;20,8;20,7;20,9;20,8;21,1;20,6;20,8;20,8;20,9;20,5;20,5;20,6;20,5;20,1;21,1;21,1;20,8;20,5;20,5;20,7;21,1;20,8;20,8;20,6;20,4;20,5;20,5;20,1;20,1;20,7;20,7;20,8;20,8;20,2;20,2;20,5;20,8;20,8;20,5;20,5;20,6;20,9;20,4;19,9;20,4;20,6;20,4;20,8;20,7;20,1;19,8;20,6;20,5;20,4;20,4;20,1;20,5;20,2;20,6;20,1;20,2;20,5;20,2;20,4;20,6;20,5;20,7;20,4;20,2;20,8;20,5;20,2;20,4;20,4;20,1;20,2;20,5;20,7;20,6;20,5;20,4;20,6;20,6;20,4;20,4;20,7;20,4;20,1;20,4;20,2;20,4;20,1;20,2;20,5;20,2;20,4;20,2;20,2;20,4;20,5;20,4;20,1;20;20;20,1;20,4;20,5;20,4;20,4;20,2;20,4;20,5;20,5;20,5;20,2;20,5;20,5;20,2;20;20;20,4;20,6;20,7;20,6;20;20;20,2;20,4;20,5;20,8;20,7;20,2;20,2;20,7;20,5;20,2;20,1;20;20,1;20,4;20,2;20,7;20,7;20,1;20;20,2;20;20;20,2;20,2;19,9;19,9;20,1;20,4;20,2;20,2;20,1;20,1;20;20,2;20,4;20,4;19,9;19,8;19,5;20;20,1;19,9;19,8;20,8;23,3;27,7;28,1;28,8;28,4;28,2;28,8;30,6;33;33,9;34,9;34,9;35;35,1;35,3;35,6;35,4;35,3;36;36,1;36,7;37,2;37,1;36,6;36,7;36,8;37,2;37,4;37,1;37,1;37;37,7;37,5;37,6;37,9;38;37,9;37,8;37,8;37,8;38;37,9;37,8;37,7;37,9;37,9;37,8;37,8;37,7;37,8;38;38;38;38,2;38,2;38,2;38,2;38,3;38,3;38,4;38,8;38,6;38,4;39;38,9;39,1;39;39;39,5;39,4;39,4;39,5;39,8;40,3;39,8;41;40,8;41;41,1;41,4;41,6;41,9;42;42,7;42,7;43,2;43,2;43,3;43,9;44,7;45,1;45,2;45,3;45,9;46;46,5;46,6;46,9;47,3;47,4;47,1;47,2;47,3;47,6;47,7;47,7;47,7;47,7;47,6;47,6;48;48,1;47,7;48,4;48,3;48,4;48,3;48,3;48,7;48,6;48,8;48,5;49,1;48,7;49,1;48,8;49,2;49,2;49,4;49,4;49,1;49,2;49,5;49,2;49,4;49,2;49,3;49,3;49,4;48,7;49,2;49,1;49;49,2;49,2;49;48,7;48,6;48,6;48,5;48,4;48,4;48,5;48,3;48,3;48,4;48,4;48,4;48,3;48,4;48,4;48,4;48,1;48,4;48,4;48,3;48,1;47,7;47,8;47,6;47,2;47,2;46,8;46,9;46,3;46,1;45,9;45,4;44,9;44,9;44,6;44,3;44,2;44;43,4;42,8;42,7;42,6;42,5;42,3;42;41,8;41,3;41,5;41,3;41,1;40,9;40,8;40,6;40,5;40,3;40,3;40,4;40,2;39,9;39,6;39,8;39,6;39,5;39,6;39,5;39,6;39,5;39,4;39,3;39,2;39,4;39,1;39,5;39;39,2;39,3;39,3;39,2;39,3;39,2;39,5;39;39,3;38,8;39,2;39,1;39;39;38,9;39;38,5;38,9;38,2;38,2;38,2;37,5;38,2;37,9;38,2;37,5;37;36,8;36,5;36,3;36;35,9;35,7;35,5;35,6;35,5;34,9;34,7;34,9;34,1;33,8;33,1;31,3;29,5;28,8;28,5;27,8;27,7;26,6;24,3;22,8;21,5;20,9;20,8;20,6;20,9;20,8;20,2;20,4;20,5;20,2;20,2;20,5;20,1;20,6;20,9;20,6;20,2;20,6;20;19,9;20,6;20,9;20,6;20,5;20,5;20,4;20,4;20,4;20,4;20,1;20,2;20,1;19,9;19,9;20;20,4;20,8;20,9;20,7;20,6;20,4;20,5;20,4;20,5;20,6;20,2;20;19,9;20;19,9;20,2;20,5;20,4;20,1;20;19,6;19,6;20;20,6;20,6;20,4;20;20;20,1;20,2;20,1;20;20,2;20,5;20,5;20,1;20,2;20;19,8;20,4;20,2;20,1;19,9;19,8;20,1;20,2;20,1;20,4;20,1;20,1;20,5;20,5;20,2;20,4;20,4;19,8;20;19,8;20;20;19,9;19,5;20,4;19,9;20,6;19,5;20,1;20,1;19,8;20,2;20,8;20,2;19,9;19,5;20,7;20,4;20,2;19,8;19,9;19,9;19,8;20,4;20;19,8;20,5;20,4;19,9;20;20;20,1;20,5;20,4;20;20,1;20,2;20,5;20,4;20,5;20,4;20,2;19,9;20,2;19,9;19,9;20;19,4;20,1;19,8;21,4;19,5;19,5;20,6;20,5;20;19,8;19,6;19,2;19,6;19,9;20;20;20,2;19,9;20,2;20,6;20,5;20,4;20,2;20;20,4;20,2;20;19,9;20;20,4;20;20,1;19,8;19,4;20;2020,9;20,9;21,2;21,2;20,9;21,2;20,8;20,4;20,8;20,9;20,8;20,9;20,9;20,7;21,1;20,9;20,8;20,7;20,5;20,4;20,9;20,9;20,9;20,8;20,5;20,5;20,9;20,9;20,6;20,8;20,8;20,5;20,7;20,5;20,8;20,7;20,5;20,5;20,7;21,4;20,6;20,1;20,5;20,7;20,7;20,7;20,6;20,2;20,6;21,4;21,1;20,8;20,4;20,4;20,6;20,5;20,4;20,5;20,5;20,4;20,4;20,2;20,2;20,2;20,6;20,6;20;20,8;20,2;20,5;20,6;20,4;20,2;20,4;20,6;20,6;20,9;20,4;20,1;20,5;20,6;20,6;20,2;20,4;20,4;20,5;19,9;20,2;20,6;21,1;20,8;20,2;20,6;20,6;20,2;20,4;20,4;20,6;20,5;20,1;20,2;19,9;20,2;20,1;20,4;20,5;20,6;20,5;20,5;20,5;20,2;19,9;19,8;20,2;20,4;20,4;20,2;20,1;20,4;20,4;20,4;20,6;20,5;20,2;19,9;20,1;20,2;20,6;20,5;20,5;20,5;20,6;20,4;20;19,9;19,9;20,1;20,5;20,5;20,4;20,4;20,1;20,4;20,7;20,5;20,2;20,2;20,1;20,4;20,7;20,4;20,6;20,7;20,4;20,6;20,6;20,1;20,2;20,7;20,5;20,2;20,5;20,5;20,6;20,2;20,1;20,1;20,2;20,2;20,1;20,1;20,1;20,1;19,8;20;20,5;20,2;20,4;20,1;19,8;19,8;19,9;20,1;20;20,1;19,6;19,3;19,6;19,9;19,8;19,9;19,9;20,5;23,5;27,4;28;28,2;28,5;27,9;29,1;30,5;32,7;33,4;34,3;34,5;34,7;35;34,9;35,4;35;35;35,6;36;36,4;36,3;36,4;36,2;36,5;36,2;36,6;36,9;36,9;36,6;36,7;37,1;37,1;37,1;37,2;37,4;37,2;37,1;37;37,1;37;37,5;37,5;37,4;37,5;37,5;37,4;37,5;37,5;37,5;37,7;37,6;37,5;37,7;37,8;37,6;37,7;38,1;38,1;38;37,9;37,9;38,2;38,4;38,6;38,6;38,6;38,7;39;39,1;38,9;39;39,3;39,8;39,4;40,3;40,2;40,4;40,6;40,9;41;41,2;41,3;42,2;42;42,4;42,7;42,8;43,3;44;43,9;44,3;44,5;44,9;45,1;45,5;45,7;46,1;46,3;46,4;46,4;46,5;46,6;46,8;46,9;46,9;46,9;47;47;47,1;47,4;47,8;47,4;47,7;47,7;47,8;47,9;48;48,4;48;48,3;48,2;48,6;48,2;48,5;49;48,8;48,5;49,2;49,1;49,1;49,2;49,2;48,8;49;48,6;48,6;49;49,2;48,6;48,7;48,8;48,7;48,5;48,7;48,4;48,4;48,2;48,4;48,4;48,1;47,9;47,8;47,7;47,7;47,9;47,8;47,7;47,5;47,3;47,7;47,9;47,4;47,7;47,6;47,3;47,1;46,9;46,9;46,6;46,5;46,3;45,7;45,7;45,5;45;45;44,6;44,2;43,8;43,9;43,5;43,2;43,1;42,6;42,4;42,2;42;41,8;41,4;41,3;41,3;41,1;40,9;40,6;40,5;40,1;40,3;40,2;39,9;39,9;39,6;39,4;39,5;39,4;39,5;39,5;39,2;39,1;39,1;39,2;39,3;39;38,9;38,8;38,9;39;38,5;39;38,5;39;38,8;39;38,9;38,8;38,9;39;38,7;39;38,9;38,7;38,6;38,6;38,7;38,5;38,4;38,5;38,2;37,9;37,4;37,7;37,2;37,7;37,6;37,4;37;36,6;36,4;35,9;35,6;35,6;35,5;35,6;35,5;35,3;35;34,7;34,6;34,3;33,9;33,7;33,1;31,5;29,5;29,2;28,5;27,9;27,7;26,4;24,4;22,7;21,5;20,8;20,6;20,6;20,6;20,6;20,4;20,4;20,5;20,1;20,5;20,7;20,2;20,1;20,2;20,4;20,2;20;19,9;20,1;20,4;20,6;20,8;20,7;20,5;20,6;20,7;20,7;20,4;20,1;20,2;19,9;19,6;20;20,9;21,4;20,7;20,2;20;20,1;20,4;20,2;20;19,9;20,5;20,6;20,4;20,2;20,5;20,5;20,1;20;20;19,9;20,1;20,1;19,6;20,1;20,2;19,8;20,2;20,1;20;20,4;20,5;20,2;20;20,1;19,9;19,6;19,9;19,6;19,8;20,5;20,2;20;20,6;20,5;20,2;20,4;20,4;20,2;19,9;19,6;20;20,1;19,9;20,1;20,2;20,4;20,6;19,3;19,9;19,9;19,9;20,1;19,6;20,2;20;19,9;20,1;19,8;20;20,9;19,9;20,5;19,9;19,5;19,5;20,5;20,4;19,5;20,1;20,2;19,6;19,8;19,9;20,1;20,5;20,1;19,8;19,9;19,9;19,9;20,1;20,1;20,2;20;19,6;19,9;20;20,1;20,4;20,4;19,9;20;20,1;19,5;19,6;19,8;19,5;20,1;20;20,7;19,8;19,6;20,7;19,9;20,2;19,8;20,4;19,6;19,9;19,6;20;19,9;20,5;20,1;20;20,4;20,4;20;19,9;20,2;20,5;20,1;20,1;20,1;20;20,5;19,9;20,2;19,9;19,2;19,8;19,820,9;20,8;20,9;20,9;20,8;20,6;20,8;20,6;21,2;20,9;20,8;20,9;21,2;20,7;20,8;20,8;20,7;20,9;20,7;20,5;20,6;20,8;20,9;20,6;20,6;20,2;20,8;20,9;20,8;20,6;20,5;20,8;20,7;21,2;21,4;20,8;20,9;20,7;20,7;21,2;21,5;21,1;20,7;20,6;20,4;20,2;20,7;20,8;20,7;20,5;20,5;20,7;20,8;20,6;20,4;20,8;20,8;20,6;20,7;20,7;20,4;20,6;20,4;20,4;20,6;20,6;20,8;20,7;20,6;20,6;20,5;20,7;20,6;20,6;20,8;20,1;20,9;20;20,7;20,2;20,1;20,4;21,1;20;20,8;20,1;20,7;20,8;20,8;20,5;20,5;20,1;20,5;20,7;20,5;20,6;20,6;20,7;20,5;20,6;20,6;20,6;20,5;20,6;20,8;20,7;20,5;20,4;20,4;20,9;20,6;20,2;20,4;20,4;20,6;20,5;20,1;20,9;21,2;20,6;20,4;20,1;20;20,4;20,5;20,6;20,6;20,2;20,1;20,1;20,1;20,4;20,4;20,4;20,2;20;20,1;20,2;20,6;20,6;20,6;20,2;20,1;20,4;20,2;20,1;20,5;20,5;20,4;20,5;20,7;20,5;20,1;20,4;20,5;20,4;20,4;20,5;20,4;20,1;20,4;20,7;20,5;20,2;20,1;20,4;20,2;20,4;20,5;20;20,2;20,4;20,2;20,2;20,1;20,1;20,4;20,2;20;20;20;19,9;20;19,9;20;20,1;19,5;19,9;20;19,5;20;20,2;20,7;23,6;27,2;28;28,1;28,6;28,5;29;30,6;32,7;33,5;34,1;34,1;34,6;34,6;34,5;35,2;34,7;34,9;35,5;35,9;36,1;36,2;36;36,1;36,1;35,9;36,5;36,6;36,6;36,4;36,4;36,8;36,7;36,8;36,9;36,8;36,8;36,9;36,9;37;36,9;37;37,1;37,4;37,4;37,1;37;37;37,2;37,1;37,4;37,4;37,1;37,1;37,4;37,4;37,4;37,6;37,7;37,6;37,6;37,7;37,9;37,7;38;37,9;38,3;37,9;38,7;38,7;38,6;38,8;38,7;39,1;39;39,8;39,6;40;40,3;40,4;40,5;40,8;41,1;41,2;41,4;41,8;42,2;42,7;42,5;43,2;43,1;43,7;43,6;44;44,5;45;45;45,2;45,4;45,6;45,8;46;46;46;46,1;46,4;46,3;46,6;46,9;47;46,9;47,2;47,1;47,1;47,5;47,7;47,7;47,7;47,7;47,7;48;48;48,4;48;48,1;48,4;48,5;48,4;48,7;48,6;49;48,7;49;48,7;48,6;48,6;48,5;48,6;48,7;48,4;48,4;48,4;48,6;48,2;48,4;48;47,9;47,7;47,8;47,9;47,7;47,5;47,4;47,4;47,2;47,2;47,3;47;47;46,9;47;47,1;47,1;46,9;46,5;46,5;46,2;46,1;46;45,9;45,7;45,4;45;45;44,7;44,5;44,2;43,9;43,7;43,3;43;42,9;42,3;42,5;42;41,7;41,8;41,3;41,3;41,1;40,6;41,1;40,9;40,3;40,5;40;39,9;39,8;39,6;39,5;39,4;39,2;39;39;39;39;39,1;38,9;38,7;38,7;38,8;38,9;38,9;38,8;38,5;38,5;38,8;38,3;38,5;38,6;38,6;38,6;38,5;38,5;38,3;38,2;38,6;38,3;38,7;38,7;38,8;38,1;38;38,5;38,3;37,9;38,2;37,6;37,1;37;37,2;37;37,5;37,1;36,8;36,4;36,6;36,1;35,8;35,4;35,4;35,3;35,5;35,3;35;34,7;34,6;34,5;34;34;33,2;32,6;31,2;29,9;29,1;28,1;27,6;27,6;26;24,4;22,8;21,6;20,7;20,6;20,5;20,4;20,6;20,4;20,5;20,7;20,2;20,4;20,5;20,1;20,1;20,1;20,4;20,5;20,4;20,2;20,2;20;20,4;20,6;20,6;20,4;20,4;20,5;20,1;20;20,4;20,5;20,2;20,4;20,1;19,8;19,9;20;20,2;20,5;20,4;20,5;20,4;20,1;20,2;20,5;20,5;20,2;20,2;20;20,1;20,2;20,1;20,2;20,5;20,2;20,2;20,6;20,7;19,9;20;20,4;20,1;20;20,1;19,9;20;20,1;20,1;20,1;20,2;20,4;20,2;20,2;20,4;20,1;19,6;20,1;20,4;20,1;20,1;20,4;20,2;19,6;19,5;20,2;20,5;20,1;20;20,4;20,1;20,2;19,6;20;20,2;20,5;19,8;20,2;20;19,4;20,5;20,2;19,9;20,1;20,6;20,2;20,6;20,1;20,2;19,8;19,9;20;20,5;20;20,5;20,2;19,5;20;20,2;20,6;20,1;20;20,1;20,4;20,5;20;19,8;19,8;20,1;20,6;20,6;20,5;20;20,4;20,4;19,9;20;20;19,9;20,5;20,2;19,9;19,9;19,8;20,4;20,2;20;20,7;20,1;20;20;20,2;20,2;20,4;20;20,4;20,1;20,2;20,2;20;20,1;20,2;19,9;19,6;20,2;20,1;20,1;19,9;20;20;20,1;19,9;20;19,9;18,9;19,8;2020,9;20,9;20,8;20,8;20,9;20,6;20,5;20,4;21,1;20,6;20,8;20,8;20,9;20,8;20,9;20,6;20,5;20,6;20,7;20,6;20,7;20,8;20,6;20,6;20,8;20,2;20,7;20,7;21,2;20,7;20,5;21,1;20,6;20,8;20,8;20,7;21,2;20,5;20,6;20,7;20,8;20,2;20,7;20,7;20,5;20,5;20,4;20,2;20,7;20,6;20,6;20,8;20,6;20,2;20,2;20,7;20;20;20,2;20,6;20,2;20,2;20,2;20,1;20,5;20,6;20,5;20,2;20,1;20;20,8;20;20,4;20,4;20,4;20,9;20,6;20,6;20,4;19,9;20,2;20;20,7;20,1;20,8;20,2;20,2;20,4;20;19,9;20,5;20,4;20,7;20,8;20,4;20,5;20,5;20,2;20,5;20,6;20,9;20,9;20,7;20,4;20,1;20,4;20,1;20;20,2;20,2;19,8;19,6;20,2;20,4;20,2;20,1;20,4;20,1;19,8;19,8;20,1;20,4;20,2;20,5;20,4;20;20,1;20,2;20;20,1;20,4;20,6;20,5;20,5;20,2;20;20,4;20,4;20,6;20,7;20,2;20;20,1;20,5;20,7;20,5;20,4;20,4;20,4;20,1;20;20,1;20,2;20,1;20,2;20,4;20,4;20,2;19,9;19,9;20,2;20,2;20,2;20,5;20,2;19,9;20,2;20,4;20,2;19,6;20,2;20,2;20,5;20,5;20,1;20;20,4;19,9;19,8;20,1;20;19,5;20,1;20,4;20,4;20,2;19,9;20,1;20;19,9;20,1;20,1;20,7;23,3;27,4;27,8;27,9;28,2;28,4;29,2;30,7;32,6;33,3;33,8;33,8;34,2;34,5;34,1;34,7;34,7;34,3;35,3;35,7;36;35,9;35,9;36;35,9;35,6;36,2;36,2;36,3;36,3;36,4;36,4;36,3;36,4;36,5;36,5;36,5;36,8;37;36,8;36,7;36,6;36,8;37;37;36,7;36,7;36,8;36,8;36,8;37,1;37;36,6;36,6;36,9;37;37;37,1;37,2;37,4;37,4;37,5;37,5;37,5;37,4;37,6;37,8;37,7;38,1;38,1;38,2;38,6;38;38,6;38,6;39;39,2;39,3;39,5;40;40,2;40,3;40,4;40,5;40,9;41,7;41,4;42,2;42;42,7;42,7;43,1;42,9;43,3;43,9;44,1;44,1;44,5;44,8;44,9;45;45,4;45,4;45,5;45,8;45,9;45,8;46,2;46,5;46,5;46,5;46,8;46,6;46,9;46,8;47,7;47,3;47,2;47,1;47,7;47,7;47,8;47,8;47,8;47,9;48,2;48,2;48,4;48,4;48,5;48,8;48,4;48,3;48,7;48,5;48,5;48,6;48,4;48,4;48,2;48,2;48;48;47,9;47,9;47,7;47,5;47,5;47,5;47,6;47,4;47,2;47,2;46,9;46,6;46,8;46,8;46,6;46,5;46,3;46,2;46,4;46,6;46;46;45,9;45,8;45,4;45,3;45;45;44,7;44,2;44,3;43,6;43,9;43,4;43,3;43,1;42,7;42,5;42,5;41,8;41,7;41,6;41,2;41,4;40,8;40,9;40,5;40,2;40,4;40,3;39,9;40,1;39,5;39,4;39,3;39,1;39;39;39;38,9;38,8;38,6;38,5;38,5;38,4;38,5;38,4;38,5;38,4;38,3;38,4;38;37,8;38,5;38,1;38,1;38,4;37,9;38,4;38,2;38,2;37,8;37,9;38,2;37,9;37,9;38,1;38,2;37,8;37,6;37,9;37,9;37,7;37,5;37;36,8;37;36,8;36,9;36,8;36,7;37;36,2;36;35,8;35,6;35,2;35,2;35,1;35;34,7;35;34,7;34,7;34,3;34;33,6;33;32,2;30,6;29,4;28,7;28,4;27,7;27,5;25,8;23,9;22,8;21,5;20,5;20,4;20,2;20,5;20,7;20,1;20,4;20,7;20,7;20,5;20,4;20;20,4;20,4;20,4;20,5;20,4;20,1;20,1;20,1;20,2;20,7;20,5;20,4;20,4;20;20,6;20,8;20,7;20,6;20,6;20,5;20,4;20,1;20,1;19,9;20,1;20,6;20,5;20,2;20,1;20;19,9;20,1;20,4;20,1;19,8;19,8;20,1;20,5;20,4;20;19,9;19,8;19,9;20,4;20,2;20,1;20,1;20,2;20,2;19,8;20;20,5;20,5;20,2;19,8;19,5;20,5;20,4;19,9;20;20;20,1;20;20,5;20;19,8;20,7;20,7;20,2;19,9;19,9;19,8;20,2;20,4;19,8;20,1;20,7;20,1;20,1;19,3;20,9;19,6;20,5;19,6;19,8;19,9;20,6;19,6;19,8;19,6;20,1;19,9;20,2;19,4;20,1;20,1;19,9;19,5;20;19,6;20;20,1;20;20,2;20,5;20,2;19,5;19,6;20,4;19,9;20;20,2;19,9;19,9;19,9;19,9;20,4;20,5;20,7;20,9;20,4;20;20;19,6;19,8;20,6;20,4;20;20,1;20,2;19,9;19,9;20;20,2;20,5;20,2;20,1;19,9;19,6;20,1;20,1;19,9;19,8;19,9;20;19,8;19,9;20;19,8;19,9;20,1;19,9;20;19,5;19,8;20,1;19,8;19,6;19,8;20,1;19,4;20;20,120,9;21,1;20,9;21,1;21,2;20,7;20,8;20,6;20,6;20,8;20,9;20,9;20,9;20,9;20,9;20,8;20,7;20,7;20,7;20,7;20,8;20,7;20,5;20,5;21,1;20,5;20,8;20,7;20,6;20,7;20,6;20,8;20,8;20,7;20,8;20,7;20,6;20,8;20,8;20,7;21,1;20,5;20,4;20,6;20,7;20,7;20,8;20,7;20,6;20,5;20,4;20,5;20,6;20,5;20,7;20,9;20,7;20,4;20,5;20,2;20,1;20,9;20,2;20,1;20,5;20,8;21,2;20,8;20,2;20,1;20,6;20,5;20,2;20,2;20,2;20,8;20,5;20;19,4;20,5;20,4;20,1;20,9;20;20,8;20,8;20,1;20;20,8;20,6;20,2;20;20,5;20,6;20,2;20,1;20,7;20,6;20,4;20,4;20,7;20,4;20;20;20,2;20,8;20,4;20,1;20,4;20,4;20,4;20,4;20,2;20;20,1;20,2;20,1;19,9;19,8;20;20;20,1;20;20,2;20,5;20,4;20,2;20,4;20,4;20,2;19,9;19,9;20,2;20,6;20,5;20;20,2;20,5;20,2;20,2;20,5;20,2;20,5;20,6;20,5;20,2;20;20,2;20,2;20,1;20,1;20,2;20,1;19,9;20,1;20,1;19,9;20,4;20,6;20,4;20,4;20,4;20,6;20,6;20,5;20,2;20,5;20,5;20,6;20;20;20;20,4;20,2;20,1;19,8;20;20,1;19,8;20;20,1;19,6;20,1;20,5;20,4;20,2;20;20;20;20;20;19,9;20,6;23,3;27,5;28;27,9;28,1;28,2;29,2;30,3;32,1;33,1;33,6;33,5;34;34,1;33,9;34,4;34,6;34,3;35,1;35,2;35,6;35,6;35,6;35,6;35,6;35,7;36,1;35,8;35,7;35,9;36;36,1;36,1;35,9;36,6;36,6;36,4;36,2;36,6;36,5;36,4;36,1;36,4;36,6;36,4;36,1;36,3;36,5;36,5;36,4;36,6;36,5;36,3;36,4;36,5;36,4;36,6;36,8;36,8;36,9;37,1;37;36,8;37,4;37,2;37,2;37,2;37,4;37,6;38;37,8;38,2;37,8;37,9;38,4;38,5;38,7;39,1;39,3;39,2;40;39,5;39,9;40,5;40,5;40,9;41,1;41,2;41,5;41,8;42,3;42,5;42,5;42,7;43;43,4;43,6;43,9;44;44,1;44,5;44,8;45;45,2;45,3;45,3;45,3;45,7;45,9;46;46;46,4;46,3;46,5;46,6;47;46,9;46,9;47,2;47,3;47,1;47,6;47,6;47,7;47,7;48,2;48;48,2;48,4;48,5;48,4;48,4;47,9;48,4;48,7;48,4;48,5;48,2;48,2;48,3;48;47,8;47,5;47,8;47,7;47,5;47,4;47,5;47,4;47,4;47;46,8;46,9;46,5;46,3;46,4;46,3;46,3;46;45,9;45,8;46;46;45,5;45,6;44,9;45,1;44,7;44,7;44,3;44,5;44,1;43,6;43,6;43,4;43,1;42,8;42,7;42,7;42;42,3;41,6;41,5;41,5;41;40,9;40,9;40,4;40;40,3;39,9;39,8;39,5;39,3;39,4;39,2;39;39;38,9;38,7;38,5;38,4;38,6;38,6;38,2;38,1;38,1;38,1;38,1;38;38,3;38,2;38,1;38,1;37,7;37,6;37,8;37,8;37,5;38;37,8;38,1;37,9;38;37,5;37,8;37,7;37,9;37,7;37,7;37,2;37,7;37,5;37,5;37;37,5;37;37;36,9;36,8;36,4;36,5;36,3;36,5;36,9;36,4;35,9;35,5;35,3;35,2;35,3;35;34,5;34,6;34,7;34,7;34,5;34,2;33,9;33,4;33,2;32,2;30,6;29,4;28,5;28,6;28;27,4;26,1;24;22,8;21,6;20,7;20,6;20,5;20,5;20,7;20,1;20,4;20,4;20,5;20,4;20,5;20,4;20,5;20,7;20,8;20,5;20,2;20,4;20,5;20,2;20,2;20,2;20,1;20,1;20,6;20,6;20,6;20,6;20,4;20,6;20,8;20,4;20;20,6;20,8;20,5;20,6;20,5;20,6;20,4;20,2;20,4;20,4;20,4;20,7;20,6;20,5;20,4;20,2;19,9;20;20,1;19,8;19,9;20,1;20;20,2;20,4;20,1;20,1;20,4;20,2;20,5;20,5;20,5;20;19,3;19,9;20,4;20;19,9;20,1;20,2;20,2;20;20,1;20,6;20;20,1;20,4;20,6;20,2;19,9;20,2;20,5;20,1;19,8;20,2;20,2;19,6;19,3;19,5;20,7;19,8;19,9;20,1;20,5;20,4;20,5;20,2;20,5;20,5;20,4;19,8;20,2;19,9;20;20,5;20,1;19,4;19,6;20,1;20,2;20,2;19,9;20,1;20,1;20,2;20,2;20,1;20,2;20,2;20;19,9;20,2;19,9;19,8;20,4;19,9;19,8;20,1;20,1;20,1;19,9;20,1;20,4;20,2;20,5;20,5;20,1;20,4;20,5;19,4;19,8;19,6;20,1;20,6;20,5;19,9;19,9;20;20;20,2;19,8;19,8;19,6;20;20,1;20;20;19,8;19,8;19,8;19,8;19,9;19,8;19,9;19,8;20,5;19,8;20;20,2;20;19,6;19,921,1;20,9;20,9;21,2;21,4;20,9;21,2;20,9;21,2;21,1;20,9;20,9;21,1;21,2;21,1;20,8;20,8;21,4;21,1;20,8;20,9;20,9;20,9;20,7;20,8;20,8;20,6;20,8;20,7;20,1;21,2;20,9;20,6;20,8;20,6;20,8;20,9;20,9;21,1;20,7;20,6;20,4;20,5;20,7;20,5;19,9;20,1;20,5;20,7;20,7;20,6;20,6;20,8;20,8;20,6;20,7;20,7;20,7;20,5;20,1;20,2;19,9;20,1;20,2;20,6;20,4;20,4;20,5;20,4;20;20,8;20,9;20,4;20,5;20,6;20,8;21,2;20,4;20;20,4;20,4;20,7;20,8;20,2;20,4;20,6;20,5;20,5;20,5;20,7;20,7;20,5;20,7;20,9;20,8;20,5;20,4;20,7;20,1;20,1;20,6;20,6;20,4;20,5;20,5;20,5;20,2;20,2;20,2;20,2;20,4;20,4;20,2;20,4;20,6;20,6;20,4;20,4;20,4;20,4;20,1;19,9;20;20,2;20,4;20,2;20,4;20,5;20,6;20,6;20,2;20,4;20,5;20,5;20,5;20,5;20,5;20,6;20,5;20,1;20,1;19,9;20;20,5;20,4;20;19,8;20,1;20,2;20,4;20,7;20,6;20,4;20,4;20;20,1;20,4;20,1;20,2;20,2;20;20,1;20,8;20,6;20,1;20,4;20,1;20,1;20,1;20,1;20,1;20,4;20,5;20,6;19,9;20;20;19,9;19,6;20;20,5;20,1;19,8;20;19,9;20,2;20;19,8;20,1;20,2;20,1;20,4;20,7;23,4;27,4;28,1;28,1;28,4;28,2;28,5;30,2;31,8;33;33,8;33,5;34;33,8;34,1;34,3;34,3;34,4;35,1;34,9;35,6;35,6;35,2;35,5;35,7;35,8;35,8;35,7;35,5;36,1;35,8;36;36;35,9;36,3;36,2;36,1;36,1;36,2;36,1;36,2;36,1;36,1;36,3;36;36;36,2;36,4;36,3;36,1;36,2;36,2;36,2;36,3;36,1;36,1;36,4;36,4;36,4;36,4;36,8;36,7;36,6;37;36,9;36,9;37,1;36,7;37,2;37,7;37,5;38,1;37,8;37,9;38;38,3;38,5;38,8;39,1;39;39,5;39,3;39,4;40,2;40,1;40,5;40,8;41,1;40,7;41,2;41,9;42,3;42;42,4;42,9;43,1;43,2;43,5;43,5;43,7;43,9;44,2;44,6;44,9;45;45;45,3;45,6;45,6;45,7;45,6;46;46;46,1;46,8;46,4;46,6;46,6;47;47;46,8;47,3;47,6;47,5;47,8;47,8;48,1;47,9;48,3;48;48,2;48,4;48,2;48,3;48,8;48,4;48,4;48,1;48,2;48,4;47,9;47,8;47,7;47,6;47,4;47,2;47,1;47,1;47,1;46,9;46,6;46,6;46,6;46,3;46,2;46,2;46;46,1;45,8;45,6;45,5;45,4;45,4;45;45;44,5;44,8;44,2;44;43,7;43,8;43,6;42,9;43,2;42,8;42,7;42,3;42,3;42,3;41,6;41,6;41,2;41,2;41,3;40,5;40,5;40,1;39,9;39,8;40;39,3;39,4;39,1;39;38,9;38,9;38,7;38,8;38,7;38,4;38;38;38,2;38,3;38,1;38,2;37,9;37,8;37,8;37,8;37,9;37,7;37,8;37,8;37,8;37,6;37,4;37,6;37,2;37,6;37,8;37,7;37,9;37,7;37,4;37,6;37,5;37,6;37,7;37,4;37;37,2;37,5;37,6;37;37,1;36,9;36,7;36,6;36,2;36,1;36,2;36,4;36,2;36,5;35,9;36,3;35,5;35,1;35,1;35,3;34,6;34,3;34,9;34,1;34,4;34,9;33,8;33,9;33,4;33,2;32,6;30,7;29,9;28,9;28,4;28;27,9;26,5;24,5;23;21,8;21,1;20,8;20,7;20,4;20,4;20,1;20,2;20,5;20,7;20,5;20,4;20,5;20,7;20,6;20,5;20,2;20,1;20,2;20,6;20,4;20,2;20,5;20,2;20,1;20,1;20,4;20,4;19,8;20;20,4;20,2;20,6;20,4;20;20,4;20,1;20,5;20,7;20,6;20,5;20,5;20,5;20,4;20,2;20,1;20,1;20,1;20,5;20,5;20,4;20,1;20,1;20,4;20,2;19,6;19,9;20,2;20,1;20,5;20,5;20,2;20;20,1;20,4;20,4;20,1;20,1;19,8;19,8;20,2;19,8;20;19,9;19,8;20;20,2;20,2;20,2;20,2;20,5;20,2;20;20,2;20;19,8;19,9;20,1;19,9;20,1;19,6;20;19,5;20,9;20,7;20,7;19,5;19,9;20,2;20,4;20,1;19,6;20,5;20,4;20;19,4;19,5;20,5;20;20,6;19,6;20,4;20;19,9;20,2;20;19,8;19,9;20;20,4;20,1;20;20,2;20,2;20,1;20,2;20;20,1;20,4;19,9;20;20,4;20,5;20,4;20,2;20,4;20,2;20,1;20,6;20,5;20,1;19,8;19,8;20,1;19,9;19,6;19,9;20,7;20,4;20,1;20,2;20,4;20,4;20;19,9;19,6;19,9;20;19,9;20,2;20;19,9;19,9;20,4;20,1;20,2;20,1;20,4;19,6;20,9;20,1;20,1;20,1;20,4;19,8;20,221,1;21,1;20,9;20,9;21,1;21,1;21,1;20,8;20,8;20,8;20,8;20,8;20,9;21,1;21,4;21,4;21,5;20,9;20,7;20,7;20,8;20,8;20,8;21,2;20,8;21,1;21,2;21,1;20,6;20,5;21,2;20,4;20,8;21,1;21,2;21,1;20,8;21,1;21,4;21,2;21,2;20,7;20,7;20,6;20,4;20,7;20,8;20,9;20,9;20,8;20,8;20,7;20,9;20,9;20,8;20,7;20,5;20,6;20,4;20,4;20,2;20,7;20,6;21,1;20,8;20,8;20,5;20,2;20,2;20,2;21,1;20,7;20,4;20,6;20,5;20,9;20,1;20,7;20,2;20,8;20,8;20,2;20,5;20,4;20,5;20,7;20,6;20,9;20,9;20,8;20,7;20,2;20,7;21,2;20,7;20,5;20,6;20,5;20,1;20,4;20,7;20,9;20,8;20,2;20,4;20,5;20,8;20,9;20,7;20,6;20,4;20,2;20,4;20,2;20,5;20,7;20,5;20,4;20,6;20,6;20,2;20,4;20,8;20,7;20,1;19,9;20,2;20,5;20,4;20,6;20,7;20,7;20,5;20,1;20,2;20,5;20,5;20,2;20,5;20,7;20,7;20,7;20,5;20,5;20,7;20,5;20,6;20,7;20,4;20,5;20,5;20,7;20,6;20,2;20,2;20,2;20,6;20,7;20,4;20,1;20,5;20,2;20,6;20,8;20,8;20,7;20,2;20,1;20;20,4;20,7;20,6;20,5;20,4;19,9;20;19,9;20;20;20,2;20,6;20,2;19,8;20,4;20,5;20,1;19,8;19,9;20,2;20,5;20,6;20,5;21,1;23,7;27,7;28,1;27,8;28;28,2;28,8;30,2;32,4;32,9;33,5;33,7;34;34,1;34,1;34,2;34,5;34,2;34,6;34,9;35,5;35,4;35,3;35,6;35,8;35,5;35,7;35,5;35,2;36,2;35,8;35,9;35,7;35,8;36;35,8;35,9;36;36;35,9;36;35,9;36;36;36,1;36,3;36,3;36,2;36,1;35,8;35,9;36,1;36,1;36,1;36;36,1;36,3;36,2;36,4;36,4;36,5;36,8;36,8;36,5;36,5;36,6;36,8;36,3;36,9;37,5;37,1;37,6;37,7;38;37,9;38,2;38,4;38,2;38,7;38,8;39,1;39,1;39,3;39,9;39,8;40,1;40,4;41;40,4;41,2;41,5;41,6;41,7;42,3;42,6;42,7;42,7;43,2;43,2;43,5;43,7;43,9;44,1;44,5;44,7;44,6;45;45,2;45,2;45,3;45,4;45,7;46,2;46;46;46,1;46,2;46,3;46,5;47,1;46,9;47,3;47,4;47,3;47,7;47,7;47,8;47,7;48,2;48;48,2;48,4;48,3;48,4;48,8;48,3;48,1;48,3;48,2;47,9;47,7;47,8;47,7;47,5;47,1;46,9;46,9;46,8;46,8;46,8;46,6;46,5;46,4;46,1;46;46;45,8;45,8;45,6;45,5;45,1;45;45;44,7;44,6;44,2;44,3;43,8;43,7;43,3;43,1;43,1;42,7;42,8;41,8;42,7;41,7;41,9;41,8;41,3;41,1;40,7;41,1;41,1;39,9;40,4;39,8;39,8;39,9;39,3;39,1;39,1;39,1;38,7;38,6;38,7;38,5;38,5;38,4;38,1;37,9;37,9;38;37,9;37,9;38,1;37,8;37,7;37,6;37,6;37,8;37,6;37,8;37,4;37,5;37,6;37,2;37,5;37,5;37,5;37,7;37,2;37,8;37,4;37;37,1;37,7;37,5;37,1;37,5;37;37,4;37,5;37,6;36,9;36,7;36,8;36,5;36,5;36,3;36,1;35,9;36,5;35,9;36,2;35,7;36,2;35,2;35,1;35,1;35,1;34,2;34,4;34,6;34,3;34,3;34,9;33,8;33,9;33,1;32,7;32,1;30,8;29,9;28,9;28,5;28,2;27,9;26,3;23,9;23;22;21,1;20,8;20,8;20,5;20,4;20,6;20,5;20,7;20,8;20,4;20,4;20,6;20,8;20,6;20,2;20,5;20,6;20,6;20,8;20,6;20,6;20,8;20,5;20,5;20,5;20,6;20,7;20,8;20,4;20,1;20,4;20,4;20,1;20,8;21,2;20,6;20,4;20,7;20,6;20,4;20,4;19,9;19,9;20,2;20,4;20,8;20,6;20,2;20,7;21,2;20,9;20,5;20,6;20,4;20,2;20,1;20,2;20,4;20,7;20,9;20,5;20,4;20,7;20,4;19,9;20,2;20,6;20,6;20,6;20,6;20;20,4;20,5;20,5;20,2;20,2;20,1;20;20,2;20,1;20,2;20;20,2;20,2;20;20,2;19,9;20,1;20,5;20,5;19,9;19,9;20,6;20,5;20,7;20;20,5;19,9;20,5;19,9;20,2;20;20;20,6;20,5;19,8;20,9;19,9;19,9;20,8;20,4;20,5;20,4;20,4;20,2;20;20,6;20,2;19,9;20;19,9;20,5;20,6;20,2;20,6;20,5;20,1;20,1;20,2;20,4;20,4;20,7;20,6;20;20,4;19,8;20,2;20,7;20,8;19,8;19,9;20,1;20,8;20,4;20,1;20,2;20,5;19,8;20,1;20,4;20,5;20,4;20,4;20,4;20;20,4;20,5;20;20,2;20,4;20;19,9;20,1;20,2;20,2;19,9;19,9;20;20,4;20;19,5;20,4;20,4;19,9;20,621,1;21,2;20,6;20,7;20,6;21,2;20,9;20,7;21,1;20,9;21,1;21,2;20,8;20,5;20,7;20,9;20,7;20,7;20,9;21,1;21,2;20,9;20,6;21,1;20,7;21,1;21,1;21,1;21,1;20,8;21,2;20,7;20,9;20,9;20,9;21,1;20,8;20,7;20,7;20,7;21,2;20,8;20,5;20,8;20,7;20,7;20,7;21,1;21,1;20,6;20,4;20,5;20,7;20,7;20,9;21,1;20,7;20,4;20,5;20,7;20,7;20,6;20,5;20,2;20,8;20,7;20,1;20,6;20,6;20,4;20,5;20,5;20,5;20,4;20,4;21,1;20,8;20,7;20,5;20,6;20,4;20,4;20,9;20,4;20,7;20,4;20,6;20,5;20,6;20,5;20,5;20,5;20,6;20,6;20,6;20,6;20,5;20,8;20,9;20,7;20,7;20,6;20,7;20,4;20,4;20,6;20,6;20,5;20,6;20,7;20,5;20,5;20,5;20,6;20,7;20,5;20,2;20;20,2;20,1;20,4;20,7;20,4;20,5;20,4;19,9;20,1;20,4;20,5;20,7;20,4;20;20,2;20,4;20,2;20,7;20,5;20,5;20,7;20,4;20,5;20,6;20,4;20,5;20,6;20,6;20,6;20,4;20,4;20,4;20,4;20,7;20,8;20,6;20,6;20,6;20,6;20,5;20,2;20,2;20,6;20,6;20,5;20,5;20,6;20,6;20,6;20,7;20,5;20,6;20,6;20,5;20,6;20,5;20,1;20,2;20,4;20,4;20,2;20,6;20,6;20,4;20,5;20,5;20,7;20,4;20,4;20,1;20,1;20,1;20,2;20,2;21,1;23,8;27,5;28,1;27,9;28,2;28,5;29,2;30,1;32,2;32,9;33,4;33,8;33,9;34,1;34;34,2;34,1;34;34,4;35,1;35,3;35,4;35;35,3;35,6;35,1;35,6;35,3;35,2;35,7;35,4;35,8;35,6;35,7;35,7;35,6;35,9;36;36;35,8;35,8;35,7;35,9;35,8;36;36;35,8;35,8;35,9;35,9;35,8;35,7;35,8;35,9;35,8;36;36,2;36;36,3;36,3;36,1;36,3;36,5;36,5;36,2;36,5;36,6;36,5;37;37,1;37;37,2;37,5;37,6;37,9;38;38;38;38,6;38,6;38,8;39;39,2;39,3;39,5;39,8;40,2;40,4;40,4;41;41;40,9;41,5;41,7;41,8;42,3;42,5;42,7;42,8;43,2;43,4;43,5;43,9;44,2;44,5;44,3;44,6;44,9;45;45,1;45,3;45,6;45,9;45,9;45,4;46;46;46,4;46,4;46,9;46,9;47,1;47,3;47,4;47,5;47,9;48;47,8;48,3;48,2;48,2;48,2;48,3;48,5;48,7;48,3;48,2;48,2;48,2;47,9;48,1;47,7;47,7;47,4;47,3;47;46,9;46,8;46,6;46,6;46,4;46,1;46,2;45,9;45,7;45,8;45,8;45,4;45,2;45;44,7;44,7;44,9;44,3;44,1;43,8;43,8;43,2;43,5;43,3;42,7;42,7;42,7;42,5;41,5;42,2;41,5;41,7;41,2;41;40,8;40,4;40,6;40,7;39,9;40,1;39,8;39,4;39,5;39,3;39,2;38,8;38,9;38,8;38,4;38,5;38,2;38,3;38;38;37,8;37,8;37,8;37,6;37,5;37,5;37,5;37,7;37,5;37,2;37,4;37;37,2;37;37,1;37,4;37,4;37,4;37,4;37;37,2;36,9;37,6;37,4;37;36,7;37,7;37,4;37,1;37,1;37,2;37,2;37,5;37,1;36,8;36,4;36,6;36,7;36,4;36,2;35,9;35,8;36,3;35,8;36;35,8;35,9;35,2;35;35;34,6;34,4;34,7;34,6;34,2;34,1;34,6;33,9;33,5;33,6;32,7;32,2;30,6;29,2;28,7;28,1;27,9;28;26,6;23,9;22,7;21,5;20,8;20,7;20,7;20,6;20,5;20,7;20,1;20,2;20,7;20,5;20,4;20,6;20,5;20,4;20,5;20,1;20,4;20,5;20,5;20,8;20,5;20,4;20,5;20,4;20,7;20,7;20,6;20,2;20,2;20,2;20,5;20,5;20,4;20,8;20,8;20,6;20,7;20,7;20,7;20,1;20,1;20,6;20,4;20,1;19,9;20,1;20;19,9;20,4;20,6;20,5;20,2;20,5;20,5;20;20,2;20,4;20,4;20,4;20,4;20,4;20,2;20,4;20,4;20,1;20,4;20,5;20,4;20,5;20,5;20,4;20,4;20;20;20,4;20,4;20,2;20;20,1;20,4;20,4;19,9;19,6;20,2;20,5;20,5;20,6;20,4;20,4;20;19,9;19,3;20,9;20,6;19,8;19,9;20,6;19,9;20,5;20,5;19,6;20,1;20,6;20,5;20,6;19,9;19,6;19,6;20,1;20,5;20,1;19,9;20,5;20,4;20,4;19,8;20,6;20,5;20,6;20,5;20,1;20;20,1;20,4;20,1;20;20,5;20,6;20,4;20,1;20,4;20,5;20;20,4;20,4;20;20,6;20,2;20,5;19,9;20,1;20,2;20,4;20,9;20;20,4;20,6;19,6;20,2;19,5;20,2;20,4;20,2;20,1;20;20,1;20,1;19,8;19,9;20,5;20,6;20,4;20,2;20,2;20;19,8;20;20,2;20,1;19,8;19,9;20,4;20,4;19,3;20,621,1;21,2;20,9;20,5;20,4;21,5;21,1;20,9;20,9;21,4;21,1;21,2;20,8;20,4;20,6;20,4;20,4;20,7;21,1;21,5;21,2;20,7;20,5;20,7;20,7;20,2;21,5;20,8;20,7;20,7;20,8;20,9;20,4;20,9;20,8;21,1;20,6;20,7;20,5;20,7;20,8;20,8;20,7;20,7;20,8;20,7;20,4;20,6;20,8;20,8;20,7;20,5;20,6;20,5;20,5;20,8;20,7;20,7;20,6;21,1;20,5;20,4;20,1;20,9;20,8;20,6;20,7;20,6;20,5;20,9;20,5;19,5;20,1;20,5;20,9;20,5;20,9;20,6;20;20,5;20,6;20,4;20,2;20,5;20,5;20,6;20,6;20,4;21,2;20,9;20,5;20,8;20,7;20,9;20,5;20,5;20,6;20,6;20,5;20,1;20,2;20,6;20,4;20,4;20,5;20,7;20,7;20,2;20,4;20,2;20,1;20,1;20,2;20,4;20;20,2;20,4;20;20,5;20,6;20,2;20,6;20,5;20,4;20,2;20;20,1;20,5;20,6;20,4;20;19,9;20,1;20,2;20,4;20,7;20,4;19,9;20,2;20,5;20,5;20,6;20,4;20,2;20;20,1;20;20;20,4;20,6;20,5;20,6;20,6;20,5;20,6;20,5;20,6;20,8;20,5;20,2;20,4;20,7;20,5;20,5;20,1;20;20,5;20,6;20,5;20,4;20,4;20,7;20,9;20,4;19,9;20,1;20,2;20,1;20;20,2;20,1;19,9;20,2;20,4;20,2;20,2;20;19,9;19,9;19,9;20,4;20,1;20,8;23,6;27,3;28;27,9;28,2;28,1;28,7;30,2;31,8;32,9;33,1;33,6;33,8;33,9;33,9;34;34;34;34,4;34,7;35;34,9;35;35,1;35,1;35,2;35,3;35,2;34,9;35,2;35,2;35,4;35,5;35,3;35,7;35,5;35,7;35,8;35,7;35,7;35,4;35,3;35,6;35,5;35,6;35,6;35,4;35,4;35,8;35,8;35,8;35,6;35,5;35,6;35,5;35,7;35,9;35,9;36,3;36;35,7;36,1;36,1;36,4;36;36,4;36,3;36,4;36,6;36,7;36,8;37,2;37,1;37,1;37,4;37,8;37,8;37,8;38,1;38,4;38,4;38,6;39;38,9;39,2;39,6;40,1;40,2;40,2;40,4;40,8;40,6;41,2;41,2;41,4;41,9;41,9;42,3;42,5;42,7;42,9;43,1;43,6;43,9;43,9;44,1;44,2;44,5;44,8;45;45,1;45,3;45,2;45,6;45,6;45,8;46,2;46,3;46,1;46,9;46,8;46,9;47,2;47,4;47,7;47,9;48;47,9;48,4;48,2;48,4;48,1;48;48,6;48,5;48,4;48,4;48,2;48,4;47,8;48,4;47,7;47,4;47,2;47,1;47;46,9;46,9;46,6;46,3;46,1;46;45,8;45,6;45,5;45,4;45,5;45,1;44,8;44,7;44,8;44,7;44,1;43,9;43,8;43,5;43,2;43,3;43,2;43,1;42,5;42,5;42,5;41,8;41,4;41,5;41,3;41,5;41,2;40,8;40,4;40,2;40,4;40,3;39,8;39,6;39,3;38,9;39,1;39;38,8;38,7;38,6;38,4;38;38;37,8;37,8;37,6;37,7;37,5;37,4;37,5;37,5;37,5;37,4;37;37,4;37,4;37;36,9;37;37;36,9;36,6;37,1;36,9;36,8;37,1;36,5;36,8;36,5;37,1;36,8;36,7;36,5;37;37;37,1;36,6;36,9;36,7;36,7;36,8;36,7;36,2;36,8;36,2;36,1;35,9;35,8;35,6;36;35,7;36;35,9;35,4;34,7;34,6;34,6;34,9;34,5;34,3;34,6;34;33,9;34,3;34;33,2;33,3;32,8;32,2;30,5;29,1;28,8;28,5;28,2;27,7;26,4;23,9;22,6;21,4;20,6;20,5;20,9;20,7;20,7;20,5;20;20,7;20,6;20,4;20,5;20,4;20,6;20,7;20,4;20,1;20;20,1;20,4;20,7;20,5;20,5;20,2;20,5;21,1;20,8;20,5;19,9;20,1;20,7;20,4;19,9;20,2;20,7;20,6;20,1;20,4;20,6;20,5;20,6;20,5;20,2;20;20;20,5;20,6;20,5;20,4;20,2;20,4;20,5;20,1;19,8;19,9;19,9;20;20,4;20,2;20;20,2;20,2;20,4;20,9;20,8;20;20,1;20,8;20,1;20,1;20,2;20;20,1;20,6;20,5;19,6;19,9;20,2;20,5;20,2;20,4;20,5;20;19,9;20,2;20,6;20,7;20,2;20,1;19,8;20,5;20,5;20,6;20,6;20;19,9;19,8;20;20,2;20,6;20,4;20,7;20,1;20,5;19,8;20,6;20,4;19,9;19,6;20,1;20,2;20,2;20;21,2;20,6;20;19,8;19,9;19,9;20,6;20,4;19,8;19,9;19,9;20;20;20;20,4;20,5;20,1;20,4;20,7;20,1;20,2;20,1;20,4;20,2;19,4;20,2;20,6;20;19,9;20,4;20,2;20,5;20,1;20,5;20,2;20;20,6;19,5;20,4;20;20,2;20,2;20,1;20,1;19,9;20,1;20,1;19,8;19,9;20;20;19,9;19,9;19,8;20;20;20,5;19,9;20,4;20,6;20,4;19,4;2021,1;20,9;20,9;20,7;20,7;21,1;21,1;21,2;20,6;20,9;20,9;20,8;20,9;20,7;20,9;21,2;21,1;21,2;20,9;21,2;20,7;20,7;20,6;21,1;20,6;20,5;21,1;20,5;20,5;20,9;20,7;21,4;20,8;20,9;20,8;21,1;20,4;20,7;20,9;20,9;20,7;20,6;20,7;20,8;20,9;20,9;20,9;20,7;21,1;21,1;20,7;20,7;20,4;20,4;20,6;20,6;20,6;20,6;20,5;20,9;20,7;20,6;20,4;21,1;20,5;20,6;20,5;20,1;20,8;20,4;20,8;20,4;20,5;20,6;20,6;20,7;20,2;20,6;20,8;20,1;20,6;20,4;20,7;20,6;20,8;20,9;20,4;20,6;20,5;20,7;20,4;20,5;20,7;20,9;20,6;20,7;20,5;20,7;20,5;20,5;20,4;20,4;20,5;20,5;20,6;20,6;20,5;20,4;20,6;20,4;20,1;20;20;20;20,2;20,5;20,2;20,4;20,7;20,2;20;20,2;20,4;20,1;20,1;19,9;20;20,4;20,4;20,5;20,7;20,5;20,4;20,2;20,4;20,4;20,2;20,2;20,1;20,2;20,6;20,6;20,2;20,1;20,2;20,4;20,4;20,4;20,2;20,1;20,4;20,5;20,5;20,1;20;20,5;20,5;20,1;20,2;20,1;20;20,4;20,8;20,6;20,4;20,2;20,1;20,2;20,5;20,2;20,1;20;20,4;20,1;20,2;20,2;20;20,2;20,1;20,1;20;20;20,4;19,9;20;20,2;19,8;20,1;19,9;20;20,5;20,5;21,1;23,8;27,4;27,6;28,1;28,1;28,2;28,4;29,9;31,6;32,7;33,4;33,4;33,3;33,5;33,6;33,7;33,9;34,1;34,3;34;34,5;34,4;34,7;34,9;35;34,6;35,1;35,1;34,6;35,1;34,9;35,4;35,2;35;35,7;35,4;35,2;35,3;35,4;35,4;35,3;35,2;35,3;35,2;35,3;35,4;35,3;35,4;35,3;35,3;35,6;35,6;35,6;35,6;35,5;35,5;35,6;35,9;36,1;35,6;35,8;36,1;36;36;36;36,2;36;36;36,4;36,4;36,4;36,6;36,8;37,1;36,9;37,2;37,7;37,5;37,7;38,3;38;38,2;38,6;38,8;38,8;39,4;39,5;39,8;39,9;39,6;40,6;40,7;40,8;40,8;41,1;41,4;41,5;41,8;42,2;42,5;42,7;42,8;43,3;43,5;43,7;43,9;44;44,1;44,2;44,6;44,7;45;45;45,5;45,6;46;46;46,1;46,2;46,6;46,5;46,9;47;47,4;47,3;47,6;47,7;47,8;48,4;48,1;48,5;48,4;48,3;48,5;48,6;48,4;48,4;48,2;48;47,9;48,2;47,7;47,3;47,3;47,1;46,8;46,5;46,5;46,2;46;46;46;45,6;45,2;45,1;45;45;44,9;44,7;44,6;44,3;44,2;43,7;43,6;43,6;43,3;42,8;43,3;42,7;42,3;42,2;42;42;41,2;41,2;41,2;41,2;40,9;40,6;40,6;40,5;40;40,2;40;39,4;39,4;39;38,6;39;38,8;38,5;38,3;38,2;38,2;37,9;38;37,8;37,7;37,2;37,4;37;37;37,4;37,2;37,2;37,1;36,9;37;37;36,9;36,9;36,8;36,8;36,8;36,3;36,8;36,8;36,7;36,9;36,5;36,7;36,3;36,9;36,6;36,5;36,3;36,4;36,6;36,7;36,4;36,6;36,4;36,4;36,6;36,3;36;36,7;36;35,9;35,7;35,7;35,2;35,7;35,6;36;35,9;35,2;34,4;34,4;34,3;34,1;34,1;33,8;34,2;33,8;34,1;34;33,8;33,3;32,8;32,4;31,8;30,5;29,3;28,8;28,2;27,9;27,5;26,3;24,3;22,8;21,5;21,2;20,7;20,5;20,4;20,1;20,4;20,7;20,7;20,5;20,6;20,2;20,1;20,2;20,5;20,6;20,2;20,4;20,6;20,6;20,1;20;20,5;20,6;20,5;20,6;20,6;20,2;19,9;19,8;20,1;20,4;20,4;19,9;19,9;20,1;20,5;20,6;20,9;21,4;20,7;20,4;20;20,2;20,5;20,4;20,4;19,9;19,8;19,8;20,4;20,6;20,1;20,1;20;19,8;19,9;20,4;20,4;20,4;20;19,9;20;20,2;20;19,6;20,2;20,7;20,4;20,2;20,1;20;20,1;20,2;20,4;20;20,2;20,4;20,5;20,7;20,5;20,4;20,2;19,8;20,1;20,5;20,1;19,9;19,9;20;20,1;20,2;19,9;20,2;20,2;20,7;19,8;19,3;20,7;19,6;20,4;19,9;20,1;20,7;20;20,2;20,8;19,9;20,2;20,7;20,6;19,6;20;19,6;20;20,5;20,4;20,6;20;19,9;20,1;20,2;20,5;20,1;19,6;19,9;20,2;20,2;20,1;20,1;20,6;20,8;20,5;20;19,8;19,9;20,2;20,4;20,4;20,4;20,4;19,9;20,4;20,1;20,2;20,1;20;20,5;20,2;20,1;20,2;20,1;19,9;20,2;20,2;20;19,9;19,8;20;20,1;20,2;20;19,9;20,1;19,6;19,4;20,2;20,4;20,1;20,5;20,1;20,1;20,2;20;20;19,620,9;20,7;20,6;20,7;20,9;20,7;20,8;20,9;20,9;20,7;20,8;20,9;20,8;21,1;21,1;20,9;20,8;20,6;20,8;20,9;20,6;20,8;20,7;20,9;20,4;20,8;21,1;20,6;20,5;20,9;20,9;21,1;20,6;20,9;20,6;21,1;20,2;20,5;20,4;20,2;20,6;20,5;20,5;20,4;20,6;20,7;20,8;20,7;20,7;20,7;20,6;20,6;20,7;20,7;20,7;20,6;20,2;20,5;20,8;20,7;20,2;20;20,8;20,5;20,4;20,4;20,8;20,2;20,1;20,2;20,7;20;20,4;20,6;20,2;20,9;20,8;20,8;20,1;20,1;20,5;20,4;20,4;20,7;20,6;20,7;20,4;20,1;20,5;20;20,4;20,5;20,5;20,4;20,2;20,2;20,2;20;20,2;20,6;20,4;20,2;20,2;20,8;20,7;20,5;20,4;20,1;20,2;20,2;19,8;20;20,5;20,5;20,2;20,4;20,6;20,4;20,5;20,2;20,2;20,4;20,1;20,2;20,4;20,1;20,1;20,2;20,1;20;19,9;20;20,4;20,1;19,9;19,9;20,1;20;20,2;20,4;19,9;20,1;20,1;20,1;20,1;20,2;20,2;20,7;20,7;20,2;19,8;19,9;20,4;20,7;20,4;20,2;20,1;20,4;20,6;20,2;20,2;20,4;20,4;20,2;20,2;20,2;20;20,4;20,6;20,1;20;20;20,2;20,5;20,4;19,9;19,9;20,4;20,2;20,1;19,9;20;20;19,9;20,2;19,9;20;20,5;20;20,2;20,2;20,6;21,1;23,3;27,4;27,5;27,7;27,8;28;28,6;29,4;31,5;32,7;33,1;33,2;33,2;33;33,6;33,7;33,5;33,4;34,1;34,2;34,3;34,5;34,2;34,5;34,7;34,5;34,9;35;34,9;34,7;34,9;35;35,1;34,7;35,6;35;35,1;35,3;35,1;35;35;35;35,2;35,4;35,5;35,2;35,3;35,3;35;34,9;35,3;35,5;35,4;35,3;35,3;35,4;35,5;35,4;35,8;35,6;35,7;35,6;35,7;35,6;36;35,9;36,1;36;36,5;36;36,1;36,5;36,7;36,8;36,6;37,1;37,4;37,2;37,5;38;37,5;38,3;38,3;38,4;38,6;39;39,2;39,4;39,5;39,4;40,2;40,7;40,7;40,8;40,9;41,1;41,2;41,5;41,8;42,2;42,4;42,7;43;43,4;43,6;43,4;43,7;43,9;43,9;44,6;44,6;44,8;45;45,2;45,4;45,6;45,6;46,2;46,3;46,5;46,8;46,9;46,9;47,4;47,5;47,4;47,8;47,7;48,3;48,4;48,4;48,6;48,7;48,4;48,7;48,5;48,2;48;47,8;47,9;47,9;47,6;47,4;47,1;47;46,8;46,1;46,1;46;46;45,8;45,6;45,5;45,2;45;45;44,8;44,8;44,3;44,1;43,9;43,7;43,6;43,5;43,2;42,9;42,7;42,7;42,2;41,6;41,8;41,6;41,7;41;40,8;40,9;40,5;40,4;40,2;40,5;40,3;39,6;39,5;39,5;39,2;39,2;39;38,7;38,9;38,4;38,1;37,9;38,2;38,2;37,9;37,6;37,5;37,2;37;37;36,9;37,1;37,1;36,8;36,7;36,8;36,8;36,9;37;36,8;36,9;36,7;36,4;36,3;36,3;36,7;36,7;36,8;36,7;36,3;36,4;36,4;36,6;37;36,7;36,2;35,9;36,4;36,2;36,2;36,6;36,4;36,3;36,5;36;36,2;36,3;35,7;35,9;35,7;35,6;35,2;35,4;35,6;35,2;35,2;34,9;34,7;34,4;34,2;33,6;33,9;33,7;33,9;33,8;33,9;33,9;33,6;33,3;32,8;32,7;31,6;30,5;29,1;28,2;27,8;27,6;27,4;26,4;24;22,3;20,8;20,6;20,6;20,1;20,1;20,1;20,2;20,4;20,5;20,6;20;20,2;20,2;20,2;20,5;20,6;20,5;20,1;19,8;20;20,5;20,4;20,2;20,2;20,4;20,1;20,1;20,2;20,2;20,5;20,4;20,2;20,5;20,2;20,1;20;20,1;20,1;20,1;20,5;20,7;20,6;20;19,9;20,4;20,1;19,9;20,2;20,2;20;19,9;20,1;20,5;20,2;19,9;19,9;20,2;20,5;20;20,4;20,8;20,4;19,9;19,9;20,4;20,4;20,2;20,5;20,4;20,1;19,8;19,5;19,8;20,1;20,1;20,1;20,1;20,1;19,8;19,8;20,4;20,5;19,6;19,5;20;20,1;20,1;20,6;20,1;20;19,6;20,1;20,4;20,2;20,1;20,2;19,8;20,1;19,8;20;19,8;19,5;19,9;19,6;19,6;20;20;19,3;19,9;19,8;19,8;19,8;20,1;20,5;20,2;19,4;19,8;19,9;19,9;19,6;19,9;19,8;20;19,8;20,1;20,2;20;19,8;20;20,5;20,2;19,9;20;19,9;20;20,1;20,7;20,2;19,8;19,3;20,7;19,9;19,8;20;20,1;19,8;19,6;20,5;20,2;19,9;20,2;19,9;19,9;20,1;20;19,9;19,9;19,9;20;20;20;20;19,9;19,8;19,6;19,6;20;20,1;20,1;19,6;20;19,6;19,4;20;19,9;19,620,9;20,9;20,6;20,4;21,2;20,4;20,9;20,9;21,2;20,9;20,9;20,8;20,7;21,2;21,2;20,7;20,6;20,7;20,9;20,9;20,6;20,7;20,9;20,8;20,8;20,4;20,8;20,7;20,4;20,6;20,9;20,8;20,9;21,5;21,1;20,5;20,8;20,6;20,5;20,7;20,8;20,8;20,8;20,9;20,9;20,7;20,7;20,7;20,6;20,7;20,8;20,6;20,6;20,7;20,6;20,6;20,4;20,4;20,5;20,7;20,5;20,1;20,4;20,4;20,2;20,8;20,5;21,1;20,5;20,6;20,7;20,4;20,1;20,6;20,2;20,7;20,6;20;20,7;21,1;20;20,4;20,8;20,6;20,6;20,1;20,7;20,8;20,4;20,5;20,5;20,1;20,5;20,8;20,7;20,4;20,5;20,4;20,1;20,2;20,2;20,6;20,6;20,2;20,4;20,2;20,6;20,4;20,1;20,1;20;20;20,5;20,6;20,2;20,4;20,4;20;20;20,5;20,6;20,4;20;19,9;20,2;20,5;20,2;20,1;20,4;20,1;20,1;20,4;20,5;20,1;20,1;20,4;20,2;20;20,2;20,6;20,4;20,1;20,4;20,1;20,4;20,5;20,1;20;20,1;20,2;20,2;20,4;20,5;20,6;20;19,6;20;20,5;20,5;20,1;20,5;20,4;20,4;20,2;20,2;20,6;20,4;20,5;20,7;20,2;20,1;20;20,4;20,5;20,1;19,9;19,9;20,2;19,9;19,6;20;20;19,9;19,9;19,9;20;20,2;20,1;20;20,4;20,1;20,2;20,8;23,7;27,2;28,1;27,9;27,9;27,8;28,7;29,9;31,4;32,6;33,1;33;33,6;33,3;33,8;33,5;33,3;33,1;33,3;34,3;34,3;34,6;34,2;34,4;34,4;34,9;35,1;34,7;34,9;34,7;34,7;34,7;34,9;35;35,4;35,2;35,2;35,2;34,9;34,7;34,9;34,7;35;35,2;35,3;35,1;35,1;35,2;35,1;35;35,2;35,2;35,1;35;35,2;35,3;35,3;35,2;35,7;35,6;35,5;35,4;35,6;35,8;36;35,6;36;35,8;36,2;36;36,3;36,2;36,5;36,4;36,6;37;37,2;36,9;37,8;37,7;37,5;38,1;38,5;38,3;38,6;39;39,2;39,4;39,3;39,3;39,9;40,5;40,4;40,8;40,9;41,1;41,2;41,5;41,7;42;42,3;42,5;42,8;43;43,2;43,2;43,5;43,8;43,9;44,3;44,3;44,5;44,9;45;45,3;45,3;45,5;46,2;46,3;46,4;46,6;46,9;47;47,3;47,7;47,4;47,8;47,7;48,6;48,5;48,4;48,5;49,1;48,4;49;48,4;48,2;48,2;48,3;48,1;47,9;47,5;47,4;47,1;47;47;46,3;46;45,9;45,8;45,7;45,3;45,1;45,2;45;44,7;44,6;44,7;44,1;44,1;44;43,6;43,5;43,4;42,8;42,7;42,6;42,2;42;41,6;41,8;41,1;41,5;40,9;40,4;41;40,4;40,4;40,3;40,3;39,8;39,3;39,2;39,3;39;39,1;39;38,6;38,5;38,2;38,3;38;37,9;37,6;37,4;37,2;37,5;37,4;37,2;37,2;36,9;36,7;36,7;36,5;36,6;36,8;36,6;36,6;36,8;36,8;37;36,7;36,1;36,2;36,5;36,8;36,6;36,5;36,6;36,3;36;36,6;36,6;36,6;36,1;36,4;36,1;36,2;36,2;36;36,3;36,3;36,1;36,3;36;36,3;36,1;35,4;36;35,5;35,4;35,2;35,8;35,4;35,3;34,7;34,4;34,3;33,8;33,8;33,6;33,9;33,9;34,1;33,8;33,6;33,9;33,4;33,1;32,6;32,4;31,7;30,6;28,9;28,4;28;28;27,6;26,2;24,4;22,7;21,2;20,7;20,6;20,4;20,8;20,7;20,5;20,4;20,4;20,4;20,6;20,4;20,1;20,1;20,2;20,6;20,7;20,4;20,1;20,5;20,6;20,6;20,6;20,5;20,1;20,1;20,5;20,5;20,2;19,9;19,8;20,1;20,1;20,2;20,8;20,6;20,6;20,5;20,6;20,6;20,9;20,4;19,6;19,9;20;20,1;19,9;20,1;20,7;20,4;20;20,1;20,5;20,6;20;20;20,4;20,2;20,2;20,4;20,1;20,4;20,6;20,4;20,2;20,4;20,6;20,4;20,1;20,6;20,4;20,2;20,2;20,6;20,6;20,4;20,5;20,2;20,2;20,2;20,6;20,5;20,2;20;19,9;20,4;19,9;19,9;20,6;20,2;20,2;20,2;20;20,2;20,7;20,1;20,1;20,6;19,8;19,6;19,9;19,8;20;20,4;20,5;20;20,1;19,8;20,2;20,2;20;20,7;20,2;20,5;20,5;20,5;20,1;20,2;19,9;20,6;20,2;19,6;19,9;19,9;20;20,6;20,5;20;19,8;19,6;20,1;20,2;20;20,2;20,5;20,5;20,4;20,6;20,4;20,6;19,9;20;19,6;21,2;19,8;19,9;20;19,9;20,1;20,2;19,9;19,8;19,8;20;20,1;20,2;20,4;20,2;20,1;20,2;20;19,2;19;19,8;20;20,1;19,8;19,8;19,9;19,9;19,8;20;19,6;20,4;19,6;19,920,9;21,1;20,8;20,7;21,1;20,7;21,4;20,8;20,6;20,8;21,2;20,9;20,6;21,1;21,1;20,5;20,4;20,6;20,8;20,8;20,6;20,7;20,9;20,9;20,9;20,5;20,9;20,8;20,6;20,7;21,1;20,9;20,7;20,9;21,1;20,5;20,2;20,7;20,5;20,8;20,7;20,6;19,9;20,5;20,7;20,5;20,7;20,7;20,6;20,6;20,5;20,4;20,4;20,1;20,5;20,7;20,5;20,7;20,7;20,5;20,1;20,5;20,6;20,4;20,2;20,7;20,5;20,7;19,9;20,1;20,6;19,8;20,6;20,5;20,9;20,4;20,5;20,4;20,5;20,7;20,5;20,7;20,6;20;19,8;19,9;20,1;20,2;20,4;20,4;19,9;20;20,1;21,1;20,8;20,2;20,2;20,2;20,4;20,4;20,4;20,6;20,6;20,5;20,6;20,4;20;20,1;20,4;20,4;20,5;20,5;20,6;20,6;20,4;20,2;20,4;20,4;20,6;20,5;20,4;20,2;20,2;20,4;20,2;20,5;20,1;19,9;20,1;20;20,4;20,5;20,1;20;19,9;20;20,2;20,2;19,9;19,9;20,1;20,2;20,4;20,5;20,2;20,1;20,2;19,9;20,1;20,6;20,6;20,2;19,9;19,9;20;20,5;20,7;20,5;20,1;20;20,1;20,5;20,5;20;20,1;20,1;20,1;20,1;20,2;20,2;20;20;20;20,2;20,2;20;20,1;20,5;20,1;20,2;20,4;20;20,2;20,1;20;20;20;20,2;20,2;19,9;20,1;20,1;20,9;24;27,1;27,8;27,8;27,9;28,1;28,7;29,7;31,5;32,2;33,4;32,9;33,7;33,4;33,6;33,2;33,3;33,1;33,2;33,7;34,2;34,2;34,3;34,4;34,4;34,2;34,9;34,9;34,3;34,9;34,4;34,9;34,6;34,9;35;34,9;35;35;35;34,6;34,6;34,6;35,1;35,2;34,9;34,7;34,7;35;35;35,1;35,2;35;35;35,1;35;35,2;35,3;35,1;35,3;35,2;35,1;35,3;35,5;35,7;35,5;35,6;35,8;35,7;35,6;36;36,1;36,2;36;36;36,2;37,1;37,2;37,1;37,8;37,7;37,6;37,7;38,5;38,5;38,4;38,9;38,7;38,9;39,1;39,2;39,8;40,3;40,1;40,5;40,7;40,6;40,9;41,3;41,5;41,9;42;42,2;42,5;42,7;42,9;43,2;43,6;43,8;44;43,9;44,2;44,3;44,8;44,9;45,2;45,8;45,3;46;46;46,3;46,5;46,9;47,1;47,3;47,7;47,5;47,7;48,1;48,8;48,8;49,1;48,8;49,1;48,6;49;48,7;48,4;48,3;48,6;48,5;48,4;47,7;47,7;47,3;46,9;46,4;46,5;46;46;45,7;45,4;45,2;45;44,9;44,6;44,2;44,2;44,3;44,1;43,9;43,9;43,4;43,2;43,2;42,8;42,3;42,3;41,9;41,6;41,5;41,6;40,9;41;41,1;40,3;40,5;40,1;40,3;40,1;40;39,4;39,1;39,3;39,2;38,6;38,9;38,7;38,3;38,2;38,2;38,2;37,8;37,6;37,6;37,1;37,1;37;37,1;37,4;37,1;36,9;36,5;36,5;36,4;36,6;36,6;36,5;36,6;36,6;36,4;36,7;36,4;36,2;36,1;36,3;36,5;36,3;36,1;36,4;36,3;36,2;36,4;36,2;36,2;35,8;36,3;36,1;36,1;36,3;35,7;36,1;36,2;35,9;36;35,9;36,1;35,8;35,4;35,4;35,4;35,5;35,2;35,6;35,2;35;35,2;34,5;33,9;33,9;33,8;33,9;33,8;33,9;34,1;33,6;33,5;33,9;33,4;33,4;32,7;32;31,4;30,2;28,7;28,5;28,1;28,1;27,7;26,1;23,8;22,7;21,5;20,6;20,5;20,2;20,5;20,1;19,9;20,4;20,7;20,9;20,4;20;20,1;20,2;20,1;20,5;20,7;20,4;20,2;20,2;20;20,1;20,4;20,6;20,6;20,5;20,4;20,1;20,1;20,2;20;20;20;19,9;20,2;20,1;20,2;20,5;20,6;20,6;20,6;20,4;19,8;19,5;20;20,6;20,5;20,1;20,2;19,9;20;20,4;20,5;20;19,9;20,1;20;19,8;20,1;20,4;20;20,2;20,5;20,6;20,4;20,2;20,4;20,1;19,8;20,1;20,5;20,1;20,4;20,7;20,1;19,8;20,5;20,2;19,9;20,5;20,2;19,9;20,6;20,1;19,9;20,1;20,2;19,6;19,9;20,5;20,2;19,6;20;20,9;20;20,1;19,8;19,9;19,9;20;19,8;20,2;20,2;19,9;20,5;19,6;19,9;20,1;20;19,8;20;19,9;19,5;19,3;19,4;20,2;19,8;20;20,1;20,2;20,2;20;20,4;20,5;20;19,6;19,5;20,2;20,5;20,1;20;19,9;20,1;20,2;20;20;20,4;20;20;20,2;19,8;20;20;20,9;19,8;19,9;20,6;20,4;19,5;20,2;20,1;19,9;20,1;20;20,5;20,4;20,1;20;20,1;20,6;20,2;19,6;19,8;19,8;19,8;20,1;19,9;19,9;20;20,2;20,2;20,4;20,5;20;19,9;2020,9;20,9;20,8;21,4;20,5;21,1;20,6;20,9;20,9;21,2;21,1;20,9;21,1;20,9;21,2;21,4;20,9;20,9;21,1;20,9;20,8;21,2;21,4;20,9;21,2;20,8;20,9;20,8;20,7;20,9;21,2;21,1;21,2;20,9;21,1;21,2;20,7;21,2;20,6;20,9;21,1;20,8;20,9;21,2;21,2;21,5;21,5;21,1;20,8;20,8;21,1;21,2;21,1;20,8;21,2;21,2;20,9;20,9;20,9;21,1;20,7;21,1;20,9;20,4;21,1;20,6;20,8;20,4;20,8;20,6;20,6;20,7;20,8;20,6;21,4;20,6;20,9;20,6;20,5;20,7;20,6;20,6;21,1;20,9;20,8;20,4;20,6;20,8;20,9;20,9;21,1;20,5;20,6;21,4;20,6;20,5;20,4;20,5;20,8;21,2;21,1;20,9;20,5;20,7;20,7;20,7;20,9;20,8;20,9;20,9;20,5;20,6;20,6;20,5;20,6;20,8;20,6;20,5;20,7;20,6;20,2;20,6;20,8;20,7;20,6;20,4;20,5;20,7;20,7;20,8;20,8;20,9;20,6;20,5;20,5;20,6;20,4;20,2;20,5;20,7;20,9;20,8;20,6;20,7;20,8;20,9;20,8;20,9;20,9;20,7;20,5;20,5;20,5;20,5;20,5;20,5;20,6;20,7;20,4;20,1;20,4;20,5;20,7;20,8;20,7;20,7;20,5;20,5;20,8;20,9;20,6;20,4;20,5;20,7;20,4;20,5;20,7;20,1;20;20,4;20,5;20,4;20,2;20,4;20,4;20,5;20,2;20,4;20,5;20,1;20;20,6;20,9;24,4;26,8;28;27,8;27,7;28,5;28,7;29,9;31,7;32,6;33;33;33,4;33,5;33,5;33,4;33,2;33,1;33,6;33,7;34,1;34,2;34,3;34,4;34,2;34,4;34,5;34,9;34,7;34,9;34,7;34,9;34,4;34,5;35,4;35,1;35;35,1;35,1;34,9;35,1;34,9;35,1;35;35;35;34,9;35;35;35;35,1;35,1;35;35,1;35,2;35,5;35,5;35,3;35,5;35,5;35,5;35,5;35,4;35,5;35,3;35,5;35,9;35,6;35,7;35,9;36,1;36,2;36,2;36,1;36,1;37,1;36,9;37,2;37,5;37,8;37,8;37,9;38,1;38,5;38,5;38,7;38,6;38,8;39,3;39,1;39,8;40,3;40,2;40,4;40,7;40,6;41,1;41,7;41,6;41,9;42;42,3;42,4;42,7;43,1;43,3;43,5;43,6;44;44,1;44,3;44,6;44,8;45,1;45;46;45,5;46;46;46,4;46,8;47;47,5;47,6;47,8;48,1;48,3;48,6;48,7;49,1;49,2;49,2;49,1;49,2;49,2;49,3;49,1;48,7;48,7;48,6;48,7;47,7;47,7;47,7;47;46,4;46,8;46,2;46,1;45,9;45,5;45,2;45,1;44,9;44,6;44,6;44,6;44,5;44,1;43,8;43,9;43,3;42,9;43,3;43,1;42,2;42,3;41,8;41,6;41,6;41,5;41,2;40,9;41,1;40,4;40,5;39,9;40,1;39,9;39,6;39,3;39,1;39,2;39,2;38,4;38,8;38,4;38,3;38;38,1;37,8;37,8;37,9;37,6;37,4;37,1;37;37;37,4;36,9;36,7;36,7;36,4;36,4;36,6;36,4;36,3;36,3;36,4;36,6;36,6;36,3;36,2;36,1;36,6;36,5;36,4;36,5;36,2;36,2;36,5;36,4;36;36,6;35,9;36,3;36,1;36,3;36,4;35,8;35,9;36,2;36;36;35,8;35,9;36,2;35,8;35,3;35,6;35,5;35,1;35,3;35,4;35,4;35,2;34,6;34,2;33,9;34,2;33,7;34,2;33,8;34,1;33,7;34;33,8;33,7;33,4;33;32,5;31,7;30,4;29,1;28,7;28,1;28;27,9;26,5;24;22,7;21,6;20,9;20,8;20,8;20,6;20,7;20,1;20,6;20,8;20,9;20,6;20,5;20,6;20,4;20,2;20,6;20,9;20,8;20,6;20,5;20,9;21,1;20,6;20,4;20,4;20,5;20,7;20,5;20,5;20,5;20,2;20,1;20,5;20,5;20,6;20,5;20,7;20,9;20,8;20,8;20,5;20,5;20,4;20,5;20,4;20,5;20,5;20,5;20,5;20,4;20,2;20,4;20,4;20,4;20,5;20,4;20;20,2;20,4;20,1;20,4;20,6;20,6;20,5;20,5;20,7;20,5;20,6;20,9;20,8;20,6;20;20,1;20,2;20,4;20,5;20,4;20,6;20,6;20,5;20,8;20,9;20,1;20;20,6;20,2;20,2;20,2;20,4;20,4;20,4;20,2;20,2;20,6;20,1;20;19,9;20,7;20,5;20,6;20,5;20,6;20;20,5;20,4;20,2;20,4;20,2;20,6;20,2;20,1;20,7;20,2;20,7;19,9;20,1;19,9;20,7;20,4;20,5;20,6;20,7;20,2;20,4;20,2;20,2;20,4;20,1;20,2;20,5;20,8;20,8;20,6;20,2;20,4;20,7;20,6;20,6;20,5;20;19,5;20,6;20,2;19,8;19,9;20;20,7;20,2;20,1;19,8;20,4;20,5;20,8;20,2;20,9;20,7;20,4;20,1;20;20,1;20,5;20,5;20,5;20,4;20,2;20,4;20,2;20,6;20,4;20,4;20,1;20;20,1;19,5;19,8;19,921,1;20,7;20,7;21,1;20,6;20,6;20,1;20,7;20,5;20,8;20,7;20,4;20,4;20,6;20,6;20,7;20,6;20,6;20,8;20,6;20,5;20,6;20,7;20,6;20,6;20,5;20,9;20,6;20,9;20,5;20,9;20,7;20,4;20,2;20,4;19,8;20,4;20,7;20,5;20,7;20,4;20,1;20,7;20,5;20,5;20,6;20,4;20,6;20,6;20,1;20,1;20,6;20,8;20,6;20,2;20,6;20,6;20,6;20,5;20,4;20,2;20,6;20;20,7;20,2;20,5;20,1;19,6;20,4;19,9;20,5;20,4;20,2;20,2;20,6;20,8;20,6;19,3;19,6;20,5;20,5;20,5;19,9;20,5;20,2;20,5;20,2;20,1;19,9;19,9;20;20,1;20,6;20,6;20;20,2;19,9;19,9;20,5;20,5;20,5;20,5;20,1;19,8;19,9;20,5;20;20;20,4;20,1;20,2;20,2;20,1;20,1;20;19,9;20,1;20,1;20,1;20;19,6;19,9;20,2;20,1;19,9;19,8;20;20,1;19,8;19,9;20,1;20;19,9;19,8;20;20,1;20,1;20,1;20;19,6;19,8;19,9;20,2;20,4;20,2;19,8;19,9;20,4;20,1;20;20,2;20,4;20,5;20,4;20,1;20,2;20,1;20,2;20,4;20,4;20,2;20,5;20,2;19,9;20,1;20,2;20,1;20,1;20,2;20,1;19,9;20,1;20,2;20,4;20,1;20,4;20,4;20,1;20,2;20;20,2;20;19,8;20,1;20,1;20;19,6;19,9;20;20;19,8;20,2;20,6;23,7;26,6;27,8;27,7;27,9;27,9;28,2;29,3;31,5;32,1;33;33;32,9;32,9;33,1;33;33,1;32,8;33,1;33,4;34;33,7;33,9;33,9;33,7;34,2;34,2;34,9;34,4;34,5;34,4;34,7;34,2;34,2;35,1;35;34,9;34,9;34,5;34,5;34,6;34,6;34,6;34,3;34,5;34,5;34,5;34,3;34,6;34,7;35;35,1;34,7;34,9;34,6;35;34,6;34,9;35;34,7;34,7;34,7;35;35,1;35,2;35,4;35,3;35,1;35,3;35,6;35,5;36,1;35,9;36,2;35,8;37;36,6;36,6;37;36,9;37,6;37,6;37,4;38;38,2;38,2;38,5;38,6;39;39;39,2;39,8;40;40,3;40,2;40,4;40,7;41,2;41,1;41,5;41,7;42,2;42,4;42,5;42,8;43,1;43,1;43,3;43,8;43,7;44;44,1;44,2;44,6;44,8;45,3;45,5;45,8;46;46,3;46,3;46,5;47,4;47,6;47,9;47,9;48,4;48,6;48,8;48,8;48,8;49,2;49,3;49,1;49,4;49,2;49,2;49;48,6;48,5;48,4;47,7;47,5;47,2;46,9;46,3;46,3;46,1;46;45,7;45,3;45;45;44,8;44,3;44,5;44,2;44;43,5;43,3;43,3;42,9;42,7;42,8;42,6;42,3;41,7;41,4;41,4;41,4;41;41,2;40,8;40,8;40,2;40,3;39,8;40,1;39,3;39,1;39;38,8;39;38,8;38,7;38,4;38,2;37,8;37,6;37,6;37,6;37,5;37,6;37;37,1;36,5;36,5;36,9;37;36,7;36,4;36,5;36,3;36,2;36,3;36,1;36,1;36;35,9;35,9;35,7;35,8;36,1;36;36,1;36;35,9;36,1;35,7;36,1;35,9;36,1;35,9;36,3;35,5;36;35,8;36,2;35,9;35,4;35,6;35,7;35,6;36;35,3;35,5;35,9;35,1;35,1;34,7;34,9;34,7;34,6;35,2;35,2;34,6;33,9;33,6;33,3;33,5;33,4;33,9;33,7;33,3;33,7;33,8;33,5;33,2;32,8;32,9;32;31,4;30,3;28,8;28,4;27,9;27,7;27,3;26;23,9;22;20,8;20,5;19,9;20,1;20,1;20,2;19,9;19,8;19,8;20;20,1;19,9;20,1;20,2;20;20;19,9;20,4;20,6;20,2;19,8;20;20,1;20;20;20;20,1;20,5;20,5;19,9;20;20;20,2;20,4;20,4;20,2;19,9;20;20,2;20,4;20,5;20,6;20;19,4;20;20,1;20,2;20,1;19,6;19,4;19,3;19,9;20;19,6;19,9;19,8;19,8;20,1;20,2;20,4;20,2;19,9;19,8;20;20;19,5;19,9;20;19,9;20;19,5;19,4;20;20,1;19,5;19,9;20,1;20,1;19,5;19,9;20,1;20,1;20;20;19,9;19,5;20;19,8;20,5;19,8;18,9;19,3;20,2;20,4;19,9;19,9;19,8;20,7;19,5;19,8;20,1;19,9;19,6;20,2;20,2;19,3;19,3;19,8;19,5;19,8;20;19,5;19,8;20,6;19,8;20,1;19,8;20,1;19,8;19,8;20;19,5;19,6;20,2;20,1;20,1;20,1;19,9;19,8;19,6;19,4;19,4;19,8;20;20;20,2;20,1;19,4;19,9;19,6;19,8;20;20,1;19,3;20,4;19,6;19,4;20;20,1;19,5;19,8;19,4;20,4;19,8;20,2;19,8;20,2;19,9;19,9;19,8;20;19,9;19,8;20;20;19,8;19,5;19,3;19,4;20,4;19,8;19,8;19,9;19,6;19,4;2021,1;21,2;20,9;20,9;20,9;21,2;21,2;21,6;20,9;20,9;21,4;21,1;20,7;20,6;20,8;20,9;20,7;20,6;20,9;20,8;20,9;20,9;20,8;21,1;21,1;20,7;21,1;21,1;20,7;21,1;20,9;21,1;20,8;20,5;20,2;20,7;20,6;21,1;20,8;21,2;21,5;20,6;20,8;20,9;21,2;21,1;20,8;20,5;20,6;21,1;20,7;20,5;20,6;20,2;20,5;20,9;20,7;20,9;21,1;20,7;20,7;20,8;20,8;20,9;20,6;20,7;20,9;21,2;21,1;20,6;20,5;20,6;20,8;20,4;20,4;21,2;20,9;20,9;20,8;20,7;20,8;20,7;20,7;21,1;20,6;20,6;20,6;20,4;20,6;20,6;20,1;20,1;20,7;20,9;20,9;21,1;21,4;20,9;20,7;20,7;20,6;20,5;20,4;20,5;20,5;20,5;20,5;20,5;20,1;20,1;20,4;20,6;20,6;20,5;20,7;20,7;20,2;20,4;20,5;20,2;20,1;20,1;20,2;20,2;20,4;20,4;20,2;20,6;20,4;19,9;19,9;20,4;20,5;20,2;20,6;20,8;20,6;20,2;20,6;20,6;20,5;20,2;20,2;20,8;20,7;20,4;20;20,4;20,6;20,6;20,7;20,6;20,6;20,4;20,5;20,7;20,4;20,4;20,4;20,4;20,5;20,7;20,8;20,6;20,4;20,2;20,5;20,7;20,6;20,5;20,4;20,5;20,6;20,6;20,6;20,7;20,1;20,2;20,4;20,4;20,5;20,4;20,2;20,2;20,1;20,2;20,2;20,2;20,1;20,1;19,9;20,1;21,6;23,8;26,5;27,8;27,6;27,5;28;28,7;29,7;31,4;32,2;32,8;33,1;33,1;33;33,1;32,9;33,3;32,8;33,3;33,7;33,9;33,9;34;33,7;34;34,1;34;34,5;34;34,3;34,4;34,3;34,5;34,5;34,6;34,9;34,7;34,7;34,6;34,7;34,7;34,7;34,7;34,4;34,5;34,5;34,7;34,4;34,6;34,5;34,6;34,6;34,5;34,7;34,7;34,9;35;34,9;34,9;34,7;34,9;35,1;35,1;35,4;35,1;35,2;35,2;35,5;35,4;35,7;35,2;36,1;35,9;36,2;35,8;36,9;36,6;36,5;36,7;36,7;37,2;37,4;37,6;37,9;38,2;38,3;38,3;38,7;38,9;38,9;39,3;39,6;39,8;40,2;40,2;40,6;40,8;41,1;41,2;41,6;41,5;41,9;42,4;42,6;42,7;43;43,2;43,5;43,8;43,7;44;44,1;44,2;44,6;45;45;45,5;45,8;46,1;46,2;46,5;46,9;47,6;47,5;48,1;48;48,4;48,6;49,2;49,2;49,4;49,6;49,3;49,4;49,8;49,4;49,4;49,1;49,1;48,7;48,4;47,8;47,7;47,3;47,1;46,9;46,3;46,2;46,2;45,6;45;45;45;44,8;44,1;44,1;43,9;44;43,6;43,2;43,2;42,9;42,7;42,4;41,9;42,4;41,5;41,6;41,4;41,2;41;40,9;40,5;40,5;40,4;40,3;40;40,1;39,4;39,1;39;38,8;39;38,6;38,8;38,1;37,8;37,8;37,7;37,6;37,9;37,6;37,2;36,7;36,9;36,5;36,7;36,9;36,8;36,6;36,2;36,2;36,3;36,2;36,2;36,1;36,4;35,9;35,9;36;36,2;36,3;36,4;36;36;36;36,1;35,9;35,9;36,1;36;36,3;36;36;35,8;35,7;36;36;36,3;35,8;35,6;35,8;35,7;35,8;35,8;35,8;35,5;35,4;35,5;34,9;35,1;35;34,9;35,1;35,2;34,6;34,1;33,7;33,4;33,5;33,7;33,6;33,6;33,2;33,3;33,4;33,2;33,4;33,3;32,6;31,8;31,5;30,3;29,2;28,8;28,2;27,8;27,3;25,6;23,7;22,6;21,4;20,8;20,8;20,7;20,6;20,6;20,2;20,5;20,8;20,6;20,7;20,4;20,2;20,5;20,7;20,8;20,5;20,5;20,6;20,4;20,5;20,5;20,5;20,6;20,1;20,2;20,8;20,6;20,1;20,5;20,4;20,7;20,7;20,1;20,4;20,4;19,8;20,2;20,8;20,5;20,4;20;20;20,1;20,2;20,8;20,6;20,1;20,2;20,2;20,2;20,5;20,4;20,1;20,4;20,6;20,5;20,2;20,2;20;20,4;20,4;20,4;20,7;20,7;20,7;20,5;20,4;20,4;20,5;20,5;20;19,6;20;20;20,1;20,2;20,2;20,2;20;20,1;20,6;20,7;20;20,4;20,1;20;20;20,4;20,5;20,2;20,5;19,9;20,7;20;20,2;19,9;20,4;20,1;20,1;21,4;20,4;20,5;20,5;20;20,4;19,9;20,2;20,6;19,9;20;19,9;20,2;20,2;20,4;20,8;20,1;19,9;20;20;20;20,1;20,1;20,4;20;20,2;20,6;20,2;20;20;20;20;20;20,2;20,4;20,5;20,1;19,8;19,9;20,2;20,2;19,6;20,4;20,2;20,5;20,2;20,5;20,2;20,6;20,2;20;20;20,1;19,9;20,4;20,1;20;19,9;20,1;20,1;19,9;20,1;20,4;20,2;20;19,9;19,9;20,1;19,9;20,5;19,8;20,1;20,4;19,9;19,9;20,421,1;21,6;20,9;21,1;21,1;21,2;21,2;21,5;21,2;20,9;21,2;21,1;20,8;20,8;21,2;21,4;21,4;21,1;21,4;21,4;20,8;20,7;21,4;21,4;20,9;20,8;21,2;21,1;21,1;20,8;21,1;21,2;21,1;21,1;21,4;20,8;20,6;21,2;21,4;21,5;21,2;20,9;20,7;20,8;21,2;21,2;20,9;21,1;21,2;21,2;21,1;20,8;20,5;20,6;20,8;20,9;20,6;21,1;20,8;20,8;20,6;20,6;20,6;20,8;21,1;20,7;21,5;20,6;21,5;20,8;20,7;21,1;20,7;20,8;20,4;21,2;20,8;20,9;21,1;20,4;20,7;20,8;20,8;20,7;20,7;20,8;20,8;20,7;20,7;20,7;20,6;20,6;20,8;21,1;21,2;20,7;20,5;20,4;20,6;20,4;20,4;20,6;20,8;20,5;20,4;20,7;20,6;20,7;20,6;20,4;20,6;20,6;20,7;20,5;20;20,6;20,5;20,4;20,6;20,9;20,8;20,4;20,5;20,8;20,9;20,5;20,5;20,5;20,5;20,6;20,7;20,6;20,7;20,5;20,5;20,5;20,4;20,4;20,6;20,6;20,6;20,6;20,4;20,5;20,5;20,5;20,6;20,6;20,7;20,7;20,4;20,2;20,5;20,7;20,9;20,8;20,6;20,7;20,7;20,7;20,8;20,6;20,8;20,7;20,6;20,6;20,7;20,7;20,7;20,4;20,5;20,9;20,6;20,1;20,2;20,5;20,6;20,6;20,7;20,7;20,4;20,5;20,2;20,5;20,6;20,4;20,7;20,5;20,2;20,1;19,9;20,6;21,8;24,5;26,8;27,9;27,9;27,8;27,9;28,6;30,3;31,8;32,1;32,4;33,1;33;33,2;33,4;33;33,4;32,7;33;33,9;34,1;33,9;34,2;33,7;34,1;34,5;34,2;34,6;34;34,1;34,4;34,7;34,5;34,4;34,4;34,7;34,7;34,6;34,7;34,7;35;35;34,7;34,7;34,7;34,7;34,7;34,9;34,7;34,3;34,4;34,7;34,7;34,9;34,9;34,7;35;34,9;35,2;35;35,1;35,2;35;35,3;35,2;35,5;35,3;35,7;35,8;36;35,5;35,9;36;36,1;36;36,6;36,8;36,8;36,8;36,9;37,1;37,6;37,5;38,2;38,2;38,3;38,6;38,5;39;39,2;39,3;39,9;40;40,2;40;40,3;40,6;41,2;41,2;41,4;41,6;41,9;42,3;42,5;42,8;43,1;43,4;43,6;43,8;43,7;43,9;44;44,5;44,8;45,1;45,3;45,7;45,8;46,1;46,6;47;47,2;47,9;47,7;48,4;48,6;48,7;49,3;49,4;49,8;50,1;49,9;49,6;49,9;50,1;50;49,9;49,7;49,3;49;49;48,4;48;47,7;47,3;46,9;46,4;46,4;46,2;45,8;45,3;45,3;45,3;44,9;44,1;44,2;44,1;44;43,8;43,3;43,2;43;42,8;42,7;42,3;42,5;41,6;41,7;41,4;41,1;41,2;40,7;40,9;40,9;40,5;40,2;39,8;39,9;39,2;39,1;39;39;39;38,9;38,2;37,8;38;38,2;37,9;38;38;37,5;37,4;37;36,8;36,8;36,8;36,8;36,6;36,6;36,5;36,4;36,3;36,3;36,4;36,1;36,2;36,1;36,3;36,6;36,5;36,2;36,3;35,7;35,5;35,8;36,1;35,7;35,9;35,8;36,1;36,2;36,3;36,1;36,3;36;36,1;36,1;36,3;36,2;36,1;35,9;36,1;35,6;35,8;36,1;35,6;35,4;35,5;35,4;35,3;34,7;35,3;35,1;35;34,5;34;33,8;33,4;33,3;33,9;33,7;33,5;33,6;33,7;33,6;33,4;33,6;33,5;32,7;32,2;31,4;30,5;29,2;29;28,4;27,6;27,5;26;24,4;22,8;21,6;20,7;20,7;20,7;20,7;20,5;20,4;20,2;20,4;20,4;20,9;20,8;20,9;21,4;21,1;20,7;20,4;20,4;20,4;20,4;20,5;20,6;20,7;20,5;20,1;20,7;20,9;20,8;20,8;20,7;20,8;20,6;20,7;20,8;20,8;20,6;20,5;20,5;20,4;20,7;20,8;20,7;20,4;20,4;21,4;21,2;20,6;20,5;20,4;20,6;20,7;20,8;20,4;20,1;20,1;20,2;20,4;20,4;20,2;20,1;20,9;20,9;20,2;20,4;20,2;20,2;20,4;20;20,4;20,6;20;19,9;20,4;20,2;20,5;20,5;20,5;20,2;20,1;20,6;20,5;20,5;20,1;20;20,6;20,5;20;20,1;20,2;20,2;19,9;19,9;20;20,7;20,2;20,4;20,8;20,6;19,9;20,6;20,8;20,7;20,1;20;20,7;20,9;20,7;20,6;20;20,7;20,8;20,7;20,2;20,4;20,8;20,6;21,1;20,7;20,2;20,1;20;20,1;20,4;20,4;20,1;20;19,9;20,2;20,6;21,1;21,1;20,6;20,4;20,2;20,2;20,5;20,2;20,1;20;20,1;20,2;20;19,9;20,5;20,6;20;20,6;20,6;20,6;20,2;20,5;19,8;20,2;19,9;20,5;20;20,4;20;20,1;20,4;20,2;20,5;20,8;20,8;20,5;20,2;20,2;19,9;20;20,6;20,1;20,2;20;20,2;19,5;20,221,1;20,9;20,9;20,9;20,8;20,8;21,1;20,9;20,5;20,2;20,7;20,6;20,7;20,8;20,9;20,7;20,6;20,9;20,7;20,7;20,5;20,2;20,5;20,9;20,4;20,4;20,7;20,9;20,6;20,7;20,9;20,8;20,1;20,5;20,5;20,8;20,8;20,7;20,6;20,8;20,9;20,8;20,7;20,6;20,2;20,6;20,5;20,5;20,8;20,6;20,4;20,6;20,9;20,8;20,6;20,8;20,7;20,7;20,5;20,5;20,2;20,9;20,8;20,8;20,6;20,4;20,8;20,6;20,6;20,7;19,9;20,4;19,8;20,5;20,8;20,8;20,6;20,8;20,6;20,6;20,1;20,4;20,4;20,1;20,6;20,4;20,2;20,2;20,5;20,2;20;19,9;20,8;20,8;20,5;20,4;20,2;20,7;20,7;20,7;20,6;20,5;20,7;20,6;20,4;20,4;20,5;20,2;19,9;20,5;20,5;20;20,1;20,2;20,4;20,1;19,9;20,1;20,5;20,5;20;20,1;20,5;20,4;20,4;20,2;20,2;20,5;20,6;20,4;20,4;20,1;20,1;20;19,9;19,8;20,1;20,2;20,4;20,1;19,9;20,2;20,4;20,2;20;20;20,1;20,2;20;20,4;20,5;20,2;20,4;20,4;20,1;20,2;20,1;20;20;20,2;20,2;20,4;20,4;20,1;20;20;20,1;20;20;20;19,9;20,1;20,4;20,2;20;20,2;20,4;20,4;20,2;20,2;20,1;20;20;20,5;20,6;20;20,4;20;20,1;20;20,4;20,4;21,2;23,6;27,4;27,7;27,7;27,7;27,9;28,4;29,5;31,4;31,6;32,8;32,9;32,9;33;33,2;33;33;32,7;33,2;33,5;33,7;33,5;33,8;33,7;33,8;34,3;34,3;34,2;33,8;33,9;34,2;34,5;34,2;34,1;34,1;34,6;34,3;34,5;34,5;34,2;34,2;34,3;34,4;34,3;34,4;34,4;34,4;34,3;34,5;34,1;34,3;34,6;34,4;34,4;34,5;34,5;34,5;34,6;35;34,9;34,9;35,1;34,9;34,9;34,9;35,3;35,2;35,4;35,4;35,6;35,5;35,3;35,7;35,7;35,7;36,4;36,4;36,5;36,6;37,1;37;37;37,2;38;37,7;38,1;38,6;38,4;38,7;39,1;39,1;39,2;39,6;39,9;39,8;40,3;40,2;40,9;40,9;41,1;41,2;41,6;41,7;42;42,5;42,7;42,7;42,8;43,2;43,3;43,8;44;44,3;44,5;44,8;45,4;45,6;45,5;46,2;46,5;46,8;47,1;47,7;47,8;48,4;48,8;49;49,3;49,6;49,9;50,2;49,9;50,1;50,5;50,2;50,2;49,9;49,9;49,6;49,2;48,8;48,5;48,2;47,5;47;46,8;46,2;46,1;45,9;45,4;45,3;45,3;45,1;44,7;44;44,1;43,9;43,7;43,5;43,2;42,8;42,7;42,5;42,5;42,2;41,8;41,5;41,2;41,2;41,1;40,9;40,8;40,3;40,4;40;39,9;39,3;39,3;39;39;38,8;38,6;38,5;38,8;37,8;37,8;38,1;37,5;37,5;37,5;37,1;36,7;37;37;36,9;36,9;36,6;36,3;36,3;36,5;36,4;36,2;35,8;35,6;35,3;35,5;35,9;36;35,9;36;36,1;36;35,4;35,4;35,4;35,6;35,9;35,4;35,5;35,6;35,9;35,9;35,8;35,9;35,8;35,7;35,5;35,9;35,9;35,5;35,8;35,9;35,8;35,5;35,7;35,6;35,6;35,1;35,2;34,9;35;34;34,6;34,7;34,5;34,4;34,1;33,7;33,3;33,2;33,7;33,5;32,9;33,5;33,3;33,4;33;33,1;33,1;32,2;31,8;31,2;30,4;28,9;28,7;28,4;27,7;27,5;25,7;24,3;22,7;21,4;20,7;20,4;20,2;20,5;19,9;20,2;20,5;20,1;20,4;20,2;20;20,5;20,4;20;19,9;20,1;20,2;20,2;20,1;19,9;20,1;20,4;20;20,1;20,2;20,5;20,5;20;20;19,9;19,9;20,2;20,1;20,4;20,1;19,9;20,4;20,2;19,9;19,8;20;20,1;20,1;20;19,9;19,9;20;19,9;19,8;20,1;20,2;20,1;20,1;20;20,4;20,4;20;20;20;20;19,8;19,9;20,1;20,5;20,5;20,4;20,5;19,9;19,9;20,1;20;20,4;20;20,1;19,8;19,9;20,1;20,2;20;20,5;20,6;19,9;19,6;20,2;20,5;20,6;20,2;20,2;20,2;19,9;20,1;19,9;20,7;20,2;20;19,6;20,8;19,9;20,1;19,9;20,4;19,5;20,1;20,7;20,2;20,2;19,5;19,5;19,6;20,8;20,2;20,4;20,7;19,6;19,8;20;19,9;20,7;20,7;20,7;20,4;20,1;20,4;20,4;20,1;20,2;20,6;20,4;19,9;19,8;19,9;19,9;19,9;19,9;20,2;20;19,9;20,1;19,9;19,4;19,4;20,1;20;20,1;20,1;20,2;20,1;20,1;20;20,4;20,1;20;19,6;20,2;20,1;20,1;19,8;20,1;20,2;19,8;19,5;19,6;19,4;19,3;19,5;20;19,4;19,6;19,8;19,9;19,9;19,5;19,5;19,6;19,820,9;20,5;21,2;20,6;20,5;21,2;20,2;20,5;20,7;20,7;20,9;20,7;20,7;20,5;20,2;20,1;20,2;20,6;20,5;20;20,7;20,7;20,7;20,8;20,4;20,4;20,8;20,8;20,7;20,7;20,5;20,7;20,2;20,9;20,1;20,7;20,4;20,8;20,9;20,9;20,6;20,6;21,2;20,9;20,5;20,2;20,6;20,7;20,6;20,6;20,7;20,8;20,9;20,8;20,5;20,6;20,5;20,4;20,6;20,2;20,4;20,8;20;20,4;20,7;20,2;20,4;20,6;20,2;20,4;20;20,5;20,6;20,5;20;20,9;20,5;20,4;19,9;20,4;20,2;20,1;19,6;20,5;20,1;20;20;20;20,4;20,1;19,8;20;20,2;20,5;20,5;20,6;20,6;20,4;20,2;20,6;20,5;20,7;20,7;20,1;20,5;20,4;19,9;19,9;19,9;19,9;20;20,2;20,2;20;20,1;20,4;20,4;20,4;20,6;20,7;20,2;20,2;20,5;20,1;20,2;20,6;20,1;20,2;20,5;20,7;20,5;20;20;19,8;19,9;20,2;20,4;20;19,8;20,2;20,4;19,9;19,9;20,2;20,1;19,9;20;20;20,4;20,4;20,2;20,4;20,5;20,4;19,9;20,1;20,2;20,2;20,1;20,4;20,5;20,4;20,1;20,1;20,1;20;19,9;19,9;20,2;20,2;20;20,1;20,2;20,1;20;19,9;19,9;20,4;20,2;20,5;20,2;20,5;19,6;19,9;20,2;20,2;19,9;19,6;20,1;19,9;20;20,1;20,8;23,1;27,2;27,8;27,6;27,4;27,7;28,4;28,9;31,1;31,5;32,7;32,9;32,9;32,5;33;32,7;32,9;32,4;33,3;33,1;33,9;33,3;33,6;33,8;33,9;34;34,1;33,9;33,7;34,1;33,8;34;34,4;33,8;33,8;34,3;34,4;34,4;34,1;34,1;34,3;34,4;34,1;34;34,2;34,1;34,4;34,2;34,3;34;34;34,1;34,2;34,1;34,4;34,2;34,3;34,4;34,5;34,9;34,4;34,3;34,2;34,5;34,6;35,1;35,1;35;35,1;35,2;35,4;35,3;35,3;35,5;35,5;36,2;36;36,1;36,5;36,9;36,8;37;37,1;37,5;37,5;38;38,5;38,2;38,4;38,6;39,2;39;39,2;39,9;39,8;40,2;40,1;40,5;40,4;40,9;40,9;41,2;41,4;41,9;42,3;42,6;42,5;42,7;43,3;43,4;43,8;44,1;44,2;44,2;44,9;45,1;45,5;45,6;46;46,5;46,8;47,1;47,7;48,2;48,5;48,7;49,1;49,4;50,1;50,1;50,5;50,2;50,4;50,5;50,5;50;50,1;49,7;49,6;48,8;49,1;48,4;48,2;47,7;47,1;46,9;46,4;46;45,6;45,2;45,3;45,1;44,7;44,2;44;43,9;43,6;43,3;43,2;43,2;42,7;42,4;41,9;42;42,2;41,3;41,2;41,1;41;40,6;40,2;40,1;40;39,9;39,9;39,6;39;39,2;38,9;38,8;38,7;38,2;38,1;38,4;37,7;37,8;37,5;36,8;37,4;37,2;37,1;36,5;36,8;36,7;36,5;36,3;36,4;36,4;36,5;36,3;36,2;35,8;35,6;35,9;35,9;35,8;35,8;35,5;35,3;35,6;35,7;35,6;35,3;35,7;35,3;35,3;35,8;35,3;35,2;35,6;35,8;35,7;35,4;35,7;35,5;35,2;35,4;35,5;35,5;35,2;35,1;35,4;35,6;35,4;35,5;35,3;35,5;34,9;34,4;34,5;34,2;34,1;34,6;34,9;34,3;34,4;34,1;33,3;32,8;33,1;33,4;33,2;33,3;33,4;33;33;33;32,8;32,9;32,4;31,4;30,9;30,2;29;28,1;28,1;28;27,2;25,5;23,7;22,3;20,9;20,2;20,6;20,6;20,2;20;20,2;20,4;20,2;20,4;20,4;20;20,1;20,5;20,4;20,2;20,4;20,2;20,6;20,7;20,2;19,9;19,6;19,8;20,4;20,6;20,7;20,7;20;19,9;20;20;20,1;20,5;20,9;20,7;20,4;20,4;20,5;20,8;20,6;20,2;20;20;20,2;20,2;20,2;20,1;20,2;20,4;20,2;19,8;19,6;20,1;19,9;20;20;19,9;20;20;19,9;20;20,2;20,2;20;19,9;19,6;19,8;20;20,4;20,5;20,1;19,9;20;20,4;20,2;20,1;20,1;20,2;20,7;20,1;20,1;20,2;19,8;20,1;20,1;20;20,2;19,9;19,8;19,6;19,8;19,9;20,1;20,1;20,1;19,6;19,8;20,1;20,5;19,3;20,2;19,8;19,3;19,8;20,6;19,6;19,9;19,6;20,2;19,8;19,8;20;20,2;19,3;19,5;19,5;20,1;19,5;19,9;20;19,8;19,9;19,8;19,8;20,1;20,4;20,4;20,2;19,8;19,9;20,5;20,2;19,6;19,6;19,6;19,6;20,1;20,1;20;20,1;19,4;19,4;19,9;19,9;19,2;19,9;19,6;20,5;19,9;19,9;19,5;19,5;20,1;20,2;19,9;20,1;19,6;19,8;20;20,1;20;19,6;19,6;19,9;19,8;19,8;19,3;19,4;19,8;19,9;20;19,8;19,4;19,8;19,920,7;20,6;21,2;20,9;20,9;21,5;20,2;20,6;20,8;20,7;20,9;21,1;20,7;20,9;20,9;20,8;20,7;20,4;20,6;20,8;20,4;20,5;20,6;20,7;20,9;20,8;20,8;20,9;21,2;20,5;20,5;20,6;20,7;20,6;20,7;20,8;20,7;20,4;20,7;21,2;21,2;20,9;20,7;20,8;20,6;20,2;20,7;20,8;20,7;20,8;20,9;21,1;20,8;20,4;20,5;20,8;20,9;20,7;20,8;20,9;20,4;20,2;20,2;20,9;20,4;20,6;20,5;20,2;20,2;20,6;20,2;20,4;20,6;20,5;19,9;20,6;20,4;20,2;20,9;20,2;20,1;20,2;20;20,1;20,7;20,7;20,6;20,6;20,4;20,5;20,5;20,5;20,5;20,8;20,6;20,5;20,4;20;20;20,5;20,5;20,6;20,5;20,2;20,4;20,1;20,1;20,1;20,1;20,1;20,1;20,4;20,9;20,8;20,6;20,7;20,6;20,4;20,6;20,7;20,1;19,8;20,1;20,1;20,2;20,4;20;19,8;20;20,2;20;20,1;20,2;19,8;20,1;20,5;20,2;20;20,2;20,6;20,4;20,1;20;19,8;20;20;20,1;20,5;20,4;20,5;20,6;20,5;20,2;20,4;20,4;20,4;20,5;19,9;20;20,4;20,5;20,6;20,4;20,1;20,2;20,4;20,2;20;20,1;20;19,9;20;20;20,1;19,8;19,8;20,4;20,4;20,2;20,2;20,1;20;20;19,8;20;20,2;20,1;20;20;19,9;20,4;20,5;20,8;23,3;26,7;27,8;27,4;27,4;27,5;28,5;29;31,2;31,5;32,4;32,9;32,7;32,6;33,1;32,7;32,6;32,5;32,7;32,9;33,7;33,4;33,8;33,5;33,8;33,7;33,8;33,8;33,9;34,1;34,1;33,8;34,1;33,8;34,1;34,2;34,2;34,2;33,8;33,9;34,1;34,1;34,3;34,1;34,1;34;34,2;34;34,1;34,2;34,2;34,3;34,3;34,1;34,1;34,2;34,5;34,3;34,4;34,7;34,2;34,2;34,4;34,5;34,5;34,9;35,1;35,1;34,9;35,4;34,9;35,4;35,3;35,4;35,6;36;36,2;36;36,4;36,7;36,8;36,9;36,8;37,2;37,7;38;38;38,1;38,4;38,5;38,9;39,1;39;39,5;39,6;40;40;40,4;40,5;40,8;41;41,2;41,2;41,7;42,3;42,3;42,7;42,9;43,1;43,3;43,5;44;44,1;44,2;44,9;44,9;45,4;45,5;45,9;46,8;47,2;47,3;47,8;48,2;48,5;49,2;49,3;49,9;50,5;50,5;50,5;50,7;50,5;50,7;50,7;50,5;50,5;50,3;49,9;49,2;49,2;48,8;48,4;47,9;47,5;47;46,5;46,1;45,7;45,4;45,2;45;44,6;44,2;43,9;43,8;43,5;43,4;43,2;42,9;42,5;42,4;41,9;41,8;41,6;41,4;41,2;41;41;40,4;40,4;40,2;40;39,3;39,6;39,6;39,3;39,1;38,8;38,6;38,6;38,3;38,3;38,2;37,4;37,7;37,1;37;37,4;37;37;36,6;36,7;36,6;36,3;36,4;36,2;35,9;36,1;36,1;36;36,1;36;35,6;35,2;35,3;35,3;35,4;35,6;35,5;35,5;35,5;35,8;35,5;35,3;35,7;35,8;35,6;35,4;35,7;35,7;35,4;35;35,6;35,6;35,7;35,3;35,2;35,5;35,2;34,6;35,7;35,3;35,6;35,6;35,2;35,3;35;34,4;34,7;34,4;34,4;34,9;34,3;34,1;34,2;33,8;33,4;32,7;33;33,3;32,9;33,1;33,7;32,9;33,2;33,3;33,2;32,7;32,5;31,7;31;29,7;29;28,5;28;27,7;27,5;25,8;23,8;22,3;21,6;20,8;20,4;20,6;20,5;20,4;20;20,4;20,5;20,2;20,4;20,4;20,5;20,6;20,6;20,1;20,2;20,4;20,5;20,5;20,4;20,4;20,6;20,2;20,5;20,4;20,2;20,4;20,4;20,4;20,2;20;20,2;20,1;20,2;20,4;20,4;20,2;20,4;20,5;20,4;20,4;19,9;19,9;20,4;20,2;20,2;20;19,6;20;20,4;20,4;20,5;20,4;20,2;20,2;20,1;19,6;20;20,1;20;20,4;20,4;20,1;20;20;20,5;20,4;20,1;20,4;20,1;19,9;19,8;20,1;20,4;20;20,4;20,5;20,4;20,1;19,8;19,9;20;20,1;20;20,7;20,4;19,6;20,1;19,9;19,5;19,6;20;20,4;19,9;20,2;20,2;19,8;20,6;20,6;20,1;20,4;19,3;20;19,9;19,5;20,4;20,1;19,5;20;19,9;19,8;20,2;19,6;19,5;20,5;19,8;20,1;19,9;19,3;20,1;20;20,2;20,5;20,4;19,8;20,2;20,1;19,8;20,4;20,7;20,5;20,1;20,1;20;19,8;20;19,6;19,6;20,1;20,1;19,8;19,9;20;20;20,7;20,4;20;20,4;19,6;19,9;19,3;19,6;19,3;20,1;20,2;19,9;19,8;19,8;20,4;20,5;19,9;19,9;19,9;19,5;19,6;19,9;20;20;20,1;19,8;19,9;19,4;19,9;19,6;2020,6;20,6;21,2;21,1;20,7;21,1;20,7;20,6;21,1;20,7;20,5;20,7;20,9;20,8;20,6;20,4;20,5;20,7;20,9;20,8;21,1;20,5;20,5;20,9;20,6;20,5;20,8;20,4;20,8;20,7;20,4;20,8;20,8;20,9;21,1;21,1;20,2;20,7;20,6;20,2;20,7;20,7;20,9;20,7;20,6;20,6;20,9;20,9;20,7;20,7;20,7;20,8;20,7;20,7;20,8;20,8;20,8;20,7;20,2;20,5;20,8;20,7;20,6;20,5;20,4;20,8;20,4;20,9;20,4;20,5;20,4;20,1;20,5;20,7;20,5;21,2;20,9;20,4;20;20,5;20,2;20,6;20,7;20,6;20,5;20,5;20,5;20,4;20,5;20,2;20,8;20,5;20,8;20,6;20,2;20,4;20,4;20,4;20,6;21,1;20,7;20,6;20,4;20,2;20,2;20,5;20,4;20,2;20,5;20,8;20,4;19,9;20,1;20,2;20,1;20,4;20,5;20,4;20,2;20,4;20,1;20,2;20,5;20,1;20,4;20,7;20,5;20;20,2;20,6;20,4;20,4;20,2;19,9;20;20,1;20,2;20,4;20,1;20,1;20,1;19,8;20,1;20,5;20,2;20,2;20,1;20,2;20,2;20,1;20;20,4;20,5;20,4;20,2;20,6;20,6;20;20,1;20,5;20,2;20,1;20,2;20,1;20,1;20,5;20,2;20,1;20;20,1;20,2;20,2;20,1;20,4;20,4;20,7;20,7;20,6;20,2;19,5;20;19,6;19,8;20,1;20,7;20,5;19,8;19,9;20;20;20,2;20,5;21,1;23,5;27,1;27,3;27,3;27,4;27,7;28,1;29,1;31,2;31,7;32,2;32,5;32,4;32,9;32,9;32,7;32,1;32,2;32,5;33,3;33,4;33,6;33,7;33,3;33,4;33,7;33,9;34,1;33,7;33,5;34;33,5;33,9;33,6;34,3;34,2;34,1;34,1;34,1;34,2;34,1;33,7;34,1;34,1;33,9;34;34,3;34;33,9;33,8;33,9;34,1;34,1;34,2;34,1;33,9;33,9;34,2;34,5;34,7;34,1;34,4;34,3;34,3;34,5;34,6;34,6;35;34,6;35,4;35,2;35,4;35,4;35,8;35,7;36,2;36,1;36,2;36,6;36,5;36,8;36,7;37;37,4;37,7;38;37,5;38,4;38,4;38,5;38,7;39,1;39,1;39,5;39,4;39,9;40,1;40,4;40,6;40,6;40,6;41,1;41,5;41,9;42,2;42,4;42,6;42,7;43;43;43,5;44,2;44;44,1;44,7;45,2;45,6;45,8;45,9;46,6;47,3;47,5;48,3;48,2;49,3;49,6;49,9;50,4;50,7;50,8;50,8;51,2;50,8;51,4;51;51,3;50,5;50,5;50,4;49,7;49,5;49;48,7;47,9;47,3;46,9;46,3;46,2;45,9;45,3;45,1;45;44,5;44;43,9;43,9;43,7;43,7;42,9;42,6;42,6;42,5;41,8;41,7;41,5;41,3;41;41;41;40,4;40,5;40;40,3;39,8;39,2;39,6;39,2;39;38,4;38,9;38,3;38,1;38,4;38,1;37,6;37,7;37,2;37,1;37,2;36,6;36,9;36,4;36,4;36,3;36,2;36,4;36,1;35,7;35,8;36;35,9;35,8;35,9;35,3;35,2;35,4;35,3;35,2;35,4;35,7;35,5;35,4;35,8;35,3;35,4;35,7;35,6;35,5;35,3;35,2;35,4;35,3;35,1;35,3;35,6;35,7;35,4;35;35,2;35,3;35,5;35,4;35;35,3;35,4;35,3;35;34,7;34,4;35;34,5;34,2;34,3;34,1;34,1;34;33,9;33,1;33;32,9;33;32,7;33,3;33,4;33;33,1;33;32,5;32,2;32,5;31,8;31;30;28,4;28,2;27,8;27,8;27,7;26,3;24;22,7;21,5;20,5;20,4;20,7;20,6;20,6;20,4;20,4;20,5;20,1;20,1;20,4;20,2;20,1;20,4;20,6;20,4;20;20,4;20,5;20,6;20,6;20,6;20,2;20;20,1;20,4;20,6;20,1;20;20,2;20;20,4;20,4;20,4;20,6;20,8;20,7;20,7;20,6;20,4;20,2;20,5;20,2;19,9;20;20,4;20,2;19,9;19,9;20,1;20,2;20,2;20,1;20;19,8;20,1;20,5;20,1;19,9;20,1;20,5;20,1;20,2;20,2;20,1;20,1;19,9;19,9;20;20,1;20;19,9;19,8;19,5;19,5;20,2;20;20,4;20,6;20,2;20,4;19,9;19,8;20;20,1;20,2;20,2;20,5;20,5;19,6;20;20;20,7;20;19,9;19,9;20,4;20;20,1;20,2;20,6;20,4;20,4;20,7;20,6;19,9;20;19,6;20,1;20,5;19,9;19,9;20;19,9;19,8;19,6;19,8;20;20;19,9;20,1;19,5;19,2;19,8;20;20,2;19,9;19,8;19,9;20;20,2;20,2;20;19,8;20;20,1;20;20;19,8;19,9;19,8;20,4;20,2;19,6;19,8;20,2;20,6;19,2;19,6;20,4;20,2;19,9;19,6;19,6;19,9;20;19,9;20,2;20,1;20,1;20;19,9;19,9;19,6;19,8;20,1;20;20;20;19,4;19,8;19,3;19,5;19,6;19,920,6;20,8;21,1;21,2;20,7;21,1;20,4;20,7;21,1;21,4;21,4;21,4;21,2;21,1;20,8;20,8;20,8;20,7;20,9;21,1;20,9;20,8;20,9;20,7;20,8;20,7;20,7;20,9;20,8;20,6;20,9;20,2;20,8;20,7;20,8;20,6;21,1;20,7;20,8;21,2;20,8;20,6;20,9;20,9;20,9;20,9;20,8;20,6;20,6;20,7;20,6;20,6;20,8;20,5;20,6;20,8;20,5;21,1;20,4;20,6;20,4;20,9;20,6;20,8;20,7;20,9;20,8;20,6;20,6;20,9;20,6;20,1;20,2;20,4;20,7;20,7;20,5;20,7;20,4;20,7;20,8;20,9;20,7;20,8;20,8;20,6;20,6;20,7;20,7;20,6;20,8;20,5;20,6;20,9;20,2;20,4;20,7;20,5;20,2;20,6;20,9;20,7;20,5;20,4;20,6;20,9;20,8;20,4;20,5;20,6;20,5;20,5;20,6;20,4;20,5;20,7;20,4;20,2;20,4;20,8;20,6;20,2;20;19,6;20;20,2;20,5;20,4;20,2;20,1;20,1;20,4;20,7;20,5;20,4;20,6;20,5;20,4;20,5;20,2;20,1;20,1;19,9;20,1;20,2;20,1;20,5;20,8;20,4;20,4;20,6;20,7;20,8;20,5;20,2;20,4;20,4;20,6;20,7;20,5;20,4;20,2;20,2;20,5;20,8;20,6;20,6;20,5;20,1;20,2;20,2;20,2;20,5;20,6;20,4;20,5;20,5;20,4;20,2;20,5;20,6;20,5;20,4;20,6;20,5;20,4;20,4;20,2;20,5;20;20,2;20,8;21,2;23;26,2;27,6;27,3;27,8;28;28,1;29;30,6;32,4;33;32,5;32,2;32,9;32,6;32,2;32,1;32,4;32,2;32,8;33,6;33,8;33,2;33,5;33,8;33,8;34,2;34,1;33,7;33,9;33,9;33,9;33,9;33,9;34,4;34,2;34,4;34,4;34,2;34;34;34;33,9;34,1;34,2;34;34;34,4;34,3;34;33,9;33,9;33,8;34;34,4;34;34,2;34,3;34,3;34,4;34;34,6;34,7;34,6;34,7;35,1;34,3;34,6;34,9;35,3;35,4;35,4;35,4;35,8;35,5;36;35,7;36,2;36,1;36,6;36,5;36,6;36,7;37,1;37,6;37,8;37,7;38,2;38,2;38,6;38,5;39;39;39,3;39,5;39,8;40;40,5;40,7;40,8;40,7;41,1;41,4;41,7;42;42,2;42,5;42,8;43,2;43;43,6;44;44,1;44,2;44,9;45,4;45,5;46;46,3;47;47;47,8;48,7;48,4;49,5;49,9;50,3;50,5;51,1;51;51,8;51,9;51,7;51,7;51,6;51,4;51,1;51;50,7;50,3;49,9;49;48,6;48,1;47,7;47,4;46,9;46,4;46;45,4;45;44,7;44,5;44,1;44;43,8;43,3;43,1;43,1;42,9;42,7;42,6;41,9;41,9;41,8;41,2;41,2;41,1;40,9;40,5;40,4;39,9;39,8;39,8;39,6;39,6;39;39;38,7;38,8;38,4;38,2;37,9;38,3;37,5;37,1;37,4;37,1;37;36,7;36,7;36,6;36,6;36,5;36,3;36,4;36,2;36;36;35,7;35,8;35,6;35,7;35,8;35,7;35,7;35,4;35,3;35,3;35,4;35,5;35,7;35,9;35,7;35,5;35,4;35,5;35,6;35,7;35,3;35,4;35,7;35,5;34,9;35,8;35,3;35,4;35,3;35,3;35,1;35,1;35,3;35,4;35,1;35,2;35,4;35,2;34,4;34,9;34,5;34,4;34,6;34,2;34,3;34,1;33,9;33,4;33,4;32,9;32,9;32,9;33,2;33,4;33,2;32,8;33;33,3;32,9;32,7;32,5;31,6;30,8;29,7;29,1;28,6;28,1;27,3;27,4;25,8;23,8;22,5;21,5;21,1;20,6;20,6;20,5;20,6;20,6;20,9;20,8;20,8;20,4;19,9;20,1;20,6;20,4;20,5;20,2;20,6;21,5;21,1;20,6;20,5;20,6;20,6;20,5;20,5;20,4;20,2;20,2;20,2;20,4;20,7;20,8;20,7;20,9;20,8;20,6;20,7;20,7;20,7;20,5;20,2;20,1;20,4;20,2;20,4;20,4;20;20;20,2;20,5;20,5;20,2;20,5;20,2;20,4;20,8;20,5;20;20,1;20,5;20,7;20,9;20,9;20,4;20;20;19,9;19,6;20,5;20,7;20,2;20,2;20,5;20,1;20;20,4;20,5;20,2;20,6;20,5;20,4;20,4;20,4;20,7;20,4;20,4;19,9;20,2;20,1;20,2;20,1;20,2;20,4;20,5;20,6;19,4;19,6;20,2;20,2;20,4;20,2;20,1;20,2;20,6;20,2;20,7;20;20,4;19,8;20;19,4;20,2;20,7;20;20,7;20;20,5;20,1;20,7;20,4;20;20,2;20,5;20,2;20,2;20,2;20,2;20;19,9;20,5;20,5;20,4;20,7;20,2;20;20;19,8;20;20;20,4;20,4;20,2;20,6;20,6;19,4;20,6;20,4;19,9;19,8;20,1;20;20,2;20;20,2;20,1;20;20,1;20,2;19,9;19,9;20;19,8;19,9;20,1;20,4;20,2;20;20;20,4;19,6;20,4;19,9;20,1;19,6;20,220,7;20,5;20,9;21,2;20,8;20,6;20,8;20,8;20,8;20,7;21,2;20,8;20,6;20,5;20,8;21,2;20,8;20,9;21,2;20,8;20,5;20,8;20,6;20,8;20,8;20,8;20,8;20,7;21,2;21,2;20,5;20,5;20,7;21,2;20,1;20,7;20,7;20,9;20,7;21,1;20,9;20,9;21,2;21,4;20,7;20,7;20,9;20,7;20,9;21,2;20,8;20,9;21,2;20,6;20,4;20,6;20,8;20,6;20,8;20,4;20,1;20,5;20,9;20,8;20,4;20,6;21,4;20,8;20,4;20,1;20,6;21,1;20,6;20,6;21,1;20,9;20,8;20,7;21,1;20,6;20,5;20,9;20,2;20,5;20,4;20,9;20,4;21,2;21,4;20,7;20,7;20,6;20,9;21,1;20,7;20,1;20,2;20,8;20,8;20,9;20,8;20,8;20,6;20,6;21,1;20,7;20;20,2;20,6;20,5;20,5;20,7;20,6;20,4;20,6;20,5;20,4;20,4;20,7;20,7;20,4;20,6;20,5;20,2;20,2;20,5;20,6;20,6;20,6;20,2;20;19,9;20,2;20,2;20,1;20,4;20,4;20,2;20,1;20,2;20,2;19,9;19,9;20,4;20,6;20,4;20,2;20,6;20,7;20,5;20,2;20,1;20,4;20,5;20,2;20,4;20,6;20,5;20,6;20,7;20,7;20,5;20,5;20,5;20,4;20,7;20,6;20,6;20,6;20,1;20,4;20,5;20,5;20,6;20,5;20,5;20,2;20,2;20,2;20;20,1;20,4;20,1;20,2;20,4;20,4;20,2;20,4;20,7;20,1;20,2;20,2;20,8;22,9;26,1;27,2;27,6;27,2;27,4;28,1;29,5;31,3;31,5;32,9;32,6;32,6;32,9;32,5;32,4;32,6;32,2;32,6;32,8;33,6;33,7;33,6;33,2;33,4;33,6;34,1;33,8;33,2;34,1;33,6;33,8;34,1;33,7;34;34;33,9;34,2;34,1;34,1;34;33,9;34;34;33,9;34;34,3;34,2;33,9;33,7;33,8;34,2;34,1;34,1;34,1;34,3;34,1;33,9;34,2;34,4;34,1;34,4;34,5;34,5;34,7;34,9;34,5;34,6;35;35,2;35,3;34,9;35,6;35,6;35,2;36;35,8;35,9;36;36,3;36,3;36,4;36,5;37;37,8;37,4;38;38;38,1;38,4;38,7;39;39;39,1;39,2;39,5;39,8;40,2;40,3;40,6;40,7;41;41,2;41,8;42,2;42,4;42,7;42,7;43;43,2;43,7;43,8;44;44,1;44,6;45,4;45,7;45,9;46,5;47,2;47,4;48,1;48,7;49,2;49,7;50,2;50,5;50,8;51,5;51,8;52,2;52,3;52,3;52,4;52,3;52,1;51,6;51,4;51,2;50,5;50,3;49,5;49,2;48,3;47,7;47,4;46,9;46,4;46,1;45,7;45,2;45;44,7;44;43,8;43,7;43,3;43,3;43;42,7;42,4;42,2;41,8;41,9;41,7;40,9;40,8;40,9;40,8;40,4;40,2;40,4;39,4;39,8;39,5;39,2;38,7;38,6;38,6;38,7;38,5;38,3;37,9;38;37,8;37,1;37,2;37;36,9;37;36,7;36,5;36,2;36,3;36,3;36,2;36;35,9;35,6;35,4;35,6;35,8;35,7;35,4;35,5;35,8;35,6;35,1;35,1;35,5;35,6;35,3;35,2;35,2;35,2;35,2;35,4;35,3;35,6;35;35,2;35,3;35,6;35,3;35,2;35,5;35,3;34,9;35,5;34,7;35,1;35,1;35,8;35;35,3;35;35;34,4;34,9;34,1;34,3;34,4;34,2;34,3;34;33,7;33,4;33,1;33;33,3;32,8;33;33,1;32,8;33,2;33,4;33,4;33,3;32,8;32,2;31,6;31,3;30;28,7;28,1;27,8;27,6;27,5;26,1;23,8;22,5;21,2;20,7;20,2;19,9;20,1;20,7;20,7;20,6;20,7;20,5;20,1;20,4;20,6;20,5;20,2;20,1;20,1;20,4;20,5;20,5;20,2;19,6;20,1;20,6;20,5;20,7;20,7;20,7;20,6;20,4;20,8;20,7;20,5;20,7;20,6;20,1;20,2;20,6;20,8;20,6;20,6;20,7;20,5;20;20,1;20,8;20,9;20,5;20,6;20,4;20,2;20,4;20,5;20,2;20,2;20,6;20,5;20,4;20,4;20,2;20,2;20;20,2;20,6;20,2;20;20;20,1;20,1;20,2;20,4;20;20,2;20,5;20,2;20,4;20,5;20,2;19,8;19,9;20,2;20,7;20,5;20;20,5;20,7;20,4;20,2;20,5;20,2;20;20,2;20,2;20,7;20;20,5;20;20,4;20,9;20,1;19,9;21,2;20,1;20,6;20,1;20,2;20,7;20;20;20,4;20,6;20,2;19,8;20,7;20,2;20;19;19,8;20;20,2;20,2;20,1;20,4;20,2;20,6;20,7;20,5;20,2;20;19,9;20,1;20,6;20,8;20,9;20,4;20;20,1;20,1;20,5;20,7;19,8;19,6;20;20,2;20,4;19,9;20,5;20,8;20;19,8;20,2;20,4;20,1;20,1;20,6;20,7;20,5;20,1;19,9;19,8;20;20;19,8;20;20,1;19,8;19,9;20,2;20,2;20;20;20,1;20,4;19,6;19,8;19,620,7;20,7;21,5;20,5;20,8;20,6;20,7;20,9;20,1;20,4;20,7;20,6;20,8;20,9;20,8;20,8;20,6;20,5;20,7;20,9;20,8;20,4;20,7;20,6;20,9;20,7;20,9;20,8;20,9;20,7;20,7;20,4;20,8;20,5;20,8;20,4;20,6;20,6;20,9;21,2;21,4;20,8;20,8;20,9;20,7;20,6;20,7;20,6;20,5;20,7;20,5;20,4;20,8;20,7;20,6;20,6;20,2;20,4;20,7;20,8;20,7;20,9;20,8;21,4;20,4;20,4;19,9;20,9;20,6;20,4;20,5;20,9;20,4;20;20,5;20,7;20,4;21,2;20,2;20,5;19,9;20,8;20,6;20,9;20,9;20,5;20,5;20,5;20,2;20,4;20,5;20,7;20,7;20,8;20,4;20,2;20,5;20,5;20,5;20,5;20,5;20,4;20,2;20,2;20,4;20,7;20,8;20,5;20,7;20,8;20,8;20,6;20,4;20,2;20,1;20,1;20,4;20,2;20,2;20,4;20;20,1;20;20,1;20,5;19,9;19,8;20;19,9;20;20;19,8;19,9;19,8;20;20;20,2;20,5;20,2;20;20,4;20,4;20;20,2;20,4;20,2;20,1;20,1;20,2;20,5;20,5;20,4;20,5;20,4;20,1;20,1;20,4;20,1;20,1;20,1;20,2;20,2;20,2;20;20,1;20,4;20,2;20,1;20;20;20;20,2;20,4;20,2;20;20,4;20,4;20,4;20;19,9;19,8;19,9;20,4;20,4;20;20,1;20,4;20,1;20,4;20,4;20,5;20,5;20,9;23,4;26,4;27,4;27,2;27,3;27,4;27,8;29,5;30,9;31,5;32,4;32,4;32,4;32,4;32,1;32,4;32,4;31,6;32,1;32,9;33,4;33;33,3;33,3;33,3;33,2;33,9;34;33;33,6;33,2;33,7;33,7;33,3;33,6;33,9;34,4;34;33,9;33,8;33,8;33,7;33,8;33,6;33,7;33,8;33,8;33,6;33,6;33,7;33,7;33,6;33,6;33,7;33,9;33,9;34;33,8;34;34;33,9;34,1;34,3;34,4;34,3;34,2;34,6;34,4;34,6;34,7;35;35,1;35,1;35,3;35;35,9;35,8;35,7;36;36,1;36,3;36,1;36,7;37,1;37;37,1;37,6;37,7;37,7;38,3;38,4;38,8;38,9;39;39;39,5;39,5;39,9;40;40,3;40,6;40,8;41,2;41,4;41,7;42;41,9;42,3;42,7;42,8;43,3;43,8;44,1;44,6;45;45,1;45,6;45,9;46,4;47,2;47,7;48,1;49;49,7;49,8;50,5;51;51,7;52;52,5;52,4;52,5;52,6;52,8;52,9;52,6;52,3;51,9;51,5;50,7;50,3;49,7;49,4;48,6;47,8;47,4;46,9;46,3;46;45,4;45;44,6;44,1;43,8;43,4;43,6;43,6;43,1;42,6;42,4;41,9;41,8;41,6;41,6;41,6;41;40,8;40,3;40,6;40,1;39,6;40,2;39,5;39,3;39,2;38,9;38,6;38,5;38,5;38,4;37,6;37,8;37,4;37,8;37,4;37;36,8;37,2;36,7;36,3;36,5;36,3;35,9;36;36,1;35,8;35,5;35,6;35,5;35,4;35,3;35,2;35,1;35,2;35,2;35,3;35,3;35,1;35,2;35,4;35,3;35,1;35;35;34,9;35,3;35,3;35,1;35,1;34,9;34,9;34,6;35,3;35;35;34,9;35,1;35,1;35;34,9;35,2;34,9;35,1;35,1;35;34,7;35,3;34,9;34,9;34;34,2;34,4;34;34,2;33,6;33,7;33,5;32,8;32,8;32,7;32,7;32,2;32,7;33;33;33;33,3;32,4;32,4;31,8;31,3;30,8;29,7;28,6;27,8;27,6;27,7;27,3;25,8;23,8;22,7;20,9;20,5;20,4;20,4;20,7;20,5;20,5;20,2;20,1;20,7;20,5;19,9;20,2;20,6;20,5;20,4;19,9;20,1;20,5;20,7;20,5;20;20;20,1;20,5;20,2;20,4;20,8;20,5;19,9;20,1;20,1;20,4;20,4;20,5;20,6;20,6;20,8;20,7;20,4;20,4;20,6;20,5;20,1;20,2;20,8;20,5;20;20,4;20,2;20,2;20;20,1;20,1;19,9;20,1;20,4;20,2;20,2;20,2;20;20;20,1;20,1;20;20;20,1;20,1;20,1;20,1;20;20,1;20,1;20,4;20,5;20,2;20,1;20;20,1;20;19,9;19,9;19,8;19,9;20;20;19,6;20,1;20,4;20;20,1;20,2;20,4;20,7;20,1;19,5;20,1;20,1;20;19,9;20,1;19,8;20;19,8;20,4;20,6;20,1;20,1;19,3;19,3;19,9;20,6;20,4;19,9;19,9;19,6;19,6;20,1;19,9;20,5;20,5;20,6;19,9;20,2;20,5;20,1;19,9;20,2;20,4;20,8;20,5;19,8;20;19,9;19,6;19,9;19,9;20;20,1;20,1;20,1;19,8;19,9;19,9;20,1;20;19,3;19,5;20,5;19,8;20,4;19;19,4;19,9;19,6;20,4;20,5;20,4;20;19,8;20,1;19,8;20;20,4;19,6;19,5;19,9;19,8;20;19,9;20,1;19,6;19,8;19,6;20;19,620,8;20,8;21,1;20,7;20,6;20,8;20;20,2;20,6;20,7;20,9;20,9;20,8;20,6;20,6;20,6;20,5;20,6;20,7;20,9;21,1;20,8;20;20,4;20;20,7;20,7;20;20,4;19,9;20;20,1;20,5;20,6;20,7;20,8;20,6;20,6;20,8;20,7;20,8;20,9;20,8;20,7;20,7;20,8;20,9;20,6;20,5;20,8;20,6;20,6;20,5;20,7;20,9;20,6;20,4;20,7;20,8;20,8;20,5;20,4;20,2;20,6;20,4;20,7;20,2;20,8;20,8;20,2;20,1;20,5;20,4;20,4;20,5;20,6;20,6;20,5;20,6;20,7;19,9;20,1;19,9;20,4;20,6;20,2;20,2;20,5;20,6;20,9;20,9;20,6;20,4;20,7;20,5;20,8;20,9;20,7;20,4;20,6;20,7;20,4;20,2;20,2;20,5;20,6;20,5;20,2;20,5;20,5;20,1;20;20,4;20,2;20,2;20,5;20,4;20,1;20,2;20,6;20,4;20,4;20,1;20;20;20,2;20,4;20,2;20,4;20,6;20,2;20;20,4;20,2;20,5;20,8;20,2;20,1;20,4;20,5;20,2;20,1;20,1;20,6;20,8;20,2;20,1;20,2;19,9;20,2;20,4;20,6;20,5;20,4;20,7;20,6;20,5;20,1;20,2;20,4;20,4;20,6;20,6;20,4;20;20;19,9;20,2;20,2;19,9;20;20,4;20,4;20,1;20,1;20,4;20,2;20;20,1;19,8;20,1;20,2;20;20;20,1;20,2;20,1;20,1;20;19,9;19,9;20,2;20,9;22,9;26,7;27,6;26,8;27,3;27,4;28,1;29,1;30,5;31,2;32,2;32,5;32,8;31,8;31,8;32,4;31,6;32,1;31,5;32,7;33,2;33,1;33,3;33,5;33;33,1;33,8;33,7;33,3;33,3;33,8;33,5;33,6;33,6;33,7;33,9;34,3;33,4;33,5;33,5;33,5;33,3;33,3;33,4;33,7;33,7;33,8;33,6;33,6;33,8;33,3;33,4;33,7;33,7;33,7;33,6;33,7;34,1;34;34;33,8;34,1;34,1;34,2;34,1;34,4;34,3;34;34,3;34,4;34,5;34,7;35,1;35,5;35;35,8;35,5;35,7;35,8;36;36,5;36,2;36,6;36,8;36,6;37,1;37,4;37,6;37,7;37,9;38;38,5;38,7;38,9;39,1;39,3;39,4;39,8;40;40,4;40,5;40,6;40,8;41,1;41,6;41,8;41,9;42,4;42,7;42,7;43,2;43,6;43,9;44,7;44,8;45,1;45,6;46,1;46,4;47,4;47,9;48,3;49,2;50,1;50,2;50,6;51,4;52,1;52,3;52,8;53,4;53,4;53,4;53,1;53,4;52,9;52,8;52,3;52,1;51;50,5;49,9;49,3;48,7;48,1;47,4;46,9;46,4;46;45,7;45,3;44,7;44,1;43,9;43,5;43,5;43,2;42,7;42,8;42,3;41,6;41,7;41,7;41,3;41,2;40,9;40,6;40,1;40,3;40,3;39,4;39,6;39,3;39;39;38,7;38,6;38,7;38;38,2;37,8;37,7;37,5;37,8;36,9;36,8;36,8;36,5;36,5;36,1;36,5;36,2;35,9;35,9;35,7;35,6;35,3;35,4;35,6;35,4;35,1;34,6;34,7;35;35;35,1;35,5;35,4;35,1;34,7;34,6;34,6;34,7;34,7;34,7;35,1;34,9;34,7;34,7;35;34,9;34,7;35,1;34,9;34,7;34,7;34,6;35,2;35,1;34,9;35,2;34,7;35,1;34,7;34,5;34,4;34,7;34,4;34,6;33,7;33,7;34,3;34,3;33,9;33,8;33,5;33,6;33,1;32,2;32,8;32,6;32,1;32,7;32,7;32,8;32,9;33;32,5;32;32;31,2;30,6;29,7;28,7;28,5;27,7;27,5;27,1;25,6;23,8;22,2;20,8;20,7;20,7;20,8;20,6;20,4;20,5;21,1;20,8;20,5;20,2;20,2;20,4;20,2;19,8;20,1;20,2;20,2;20,7;20,7;20,5;20,2;19,9;20,1;20;20;20,2;20,1;20,2;20;20,1;20;19,9;20,1;20,5;20,1;19,8;20;20,4;20,5;20,7;20,6;20,1;19,9;20;20,5;20,6;20,2;20,1;20,1;20,2;20,4;20;19,9;19,9;19,8;20,2;20,4;20;20,2;20,5;20,4;20,4;20,4;20;19,9;20,1;20,2;19,9;20;19,9;19,6;20,2;20,5;20,2;20,1;20,2;20,4;20,1;20,2;20,1;20,2;20;19,8;20,2;20,2;20,1;19,9;20;20;20,2;20,5;20,2;20,6;20,2;20,5;20,1;20;20,1;19,8;19,8;20,5;20,2;20,4;19,8;19,9;20,8;20,5;19,8;19,4;20,2;19,9;20,1;20;19,9;19,6;20,1;20,1;19,6;20,4;20,2;20,5;20,2;19,9;20;20,5;20,2;20,1;20,2;20;19,9;20,1;20,5;20,6;20;20;20,1;19,5;20,2;20,1;19,6;20,1;20,2;20,1;20,5;19,6;19,5;20,1;20;19,5;20,2;20,2;19,4;19,6;20,1;20,2;20,1;20,1;20;20,1;20,1;19,9;19,5;19,6;20;20;20,2;20,1;19,9;19,9;19,6;20,8;19,5;20;20,5;19,620,9;21,1;21,1;20,4;20,6;20,7;20,7;20,7;20,6;20,9;21,4;21,2;20,7;20,6;20,6;20,5;20,6;20,5;20,6;20,9;20,4;20,7;20,8;20,2;20,5;20,6;20,8;20,5;20,8;21,1;20,4;20,6;20,4;20,7;20,5;21,1;20,8;20,5;20,1;20,7;21,1;20,9;20,8;21,2;20,9;20,7;20,5;20,5;20,7;20,7;20,6;20,5;20,7;20,5;20,5;20,9;20,6;20,4;20,9;20,6;20,8;20,8;20,4;20,1;20,5;20,8;20,4;20;20,6;20,4;20,6;20,5;20,8;20,6;20,6;20,6;20,5;20,5;20,2;20,6;20,4;20,9;20,7;20,2;20,4;20,4;20,7;20,4;20,5;20,2;20,5;20,1;20,7;20,8;20,5;20,5;20,5;20,5;20,2;20,5;20,2;20,5;20,5;20,5;20,6;20,4;20,2;20,2;20,5;20,5;20,2;20,4;20,6;20,6;20,5;20,7;20,9;20,6;20,2;20,5;20,7;20,6;20,6;20,2;20,2;20,6;20,6;20,6;20,7;20,7;20,5;20,5;20,4;20,5;20,4;20;20,2;20,2;20,1;20,1;20,1;20,1;20,6;20,7;20,4;20,1;20;20,5;20,5;20,4;20,4;20,1;20,1;20,4;20,5;20,2;20,5;20,7;20,6;20,4;20,5;20,6;20,6;20,2;20,1;20,1;20,2;20,4;20,4;20,2;20,1;20,1;20,2;20,1;20,1;20,2;20,5;20,1;20,2;20,6;20,8;20,4;20;20,5;20,6;20,6;20,4;20,1;20,1;20,5;20,5;20,9;20,9;23,1;26,3;27,4;26,8;26,8;27,4;28;29,2;30,8;31,3;31,8;32,1;32,6;32,1;32,1;32,1;31,8;32,2;31,8;32,6;32,9;32,8;33,1;33,5;33,1;33,1;33,6;34,2;33,3;33,2;33,8;33,4;33,9;33,8;33,7;33,7;33,9;33,7;33,6;33,9;33,7;33,4;33,4;33,5;33,6;33,6;33,5;33,4;33,6;33,7;33,8;33,7;33,6;33,6;33,5;34;33,9;33,5;33,9;33,6;33,8;34,3;34;34,2;34;34,3;34,1;34,2;34,3;35;34,4;34,9;35,1;35,3;34,7;35,7;35,6;35,5;35,9;35,7;36,4;36,2;36,8;36,7;36,7;37,4;37,4;37,8;37,7;38;38,6;38,6;38,7;39;39;39,3;39,4;39,6;39,9;40,3;40,6;40,7;40,7;41,1;41,5;41,8;42;42,5;42,7;42,8;43,5;43,8;43,9;44,2;44,6;45,1;45,9;46,1;46,5;47,7;47,8;48,8;49,6;50,3;50,7;51,6;51,7;52,5;53,3;53,8;54;54,1;54,3;54,3;54,1;53,5;53,5;52,9;52,4;51,5;50,9;50,4;49,7;49;48,4;47,9;47,3;46,8;46,1;45,4;45,1;44,6;44,3;43,9;43,4;43,3;43,1;42,8;42,8;42,4;41,8;41,7;41,5;41,1;41,2;40,8;40,7;40,5;40;40;39,3;39,3;39,3;39;38,9;38,7;38,3;38,5;38,3;38,1;38;37,7;37,8;37,7;37,2;36,7;36,6;36,5;36,6;36,4;36,1;36,1;35,9;35,7;35,6;35,7;35,6;35,5;35,4;35,4;35,3;35,2;35,1;35,1;35,2;34,7;34,9;34,9;34,5;34,5;34,7;35;35,1;34,9;35;35;34,9;34,9;35,1;35;34,9;34,7;35,1;34,5;34,3;35;35;34,7;34,7;35,2;34,7;35,1;34,9;35,2;35,3;34,9;34,4;34,6;34,4;34;34;34,3;34,3;34,2;33,7;33,2;33,5;32,9;32,4;32,6;32,5;32,7;32,7;32,8;32,9;32,8;32,5;32,8;32,7;32;32;30,9;29,7;28,7;28,1;27,5;27,7;27,2;25,6;23,8;22,1;21,2;20,9;20,7;20,4;20,4;20,6;20,5;20,6;20,6;20,5;20,4;20,1;20,5;20,6;20,9;20,6;20,1;20,4;20,5;20,6;20,8;20,7;20,5;20,9;20,9;20,5;20,4;20,1;20,1;20,1;20,6;20,8;20,4;20;20,4;20,5;20,5;20,4;20,6;20,7;20,7;20,2;19,6;19,8;19,9;20,2;20,6;20,2;20,5;20,1;20;20,2;20;19,9;20,1;20,2;20,1;20,2;20,2;20,2;20,5;20,4;20;20,1;20,5;20;20;20,2;20,1;20,2;20,4;20,4;20,5;20,2;20;19,8;20,1;20,7;20,2;20,2;19,9;20,2;20,5;20,4;20,4;20,4;20,5;20,5;20;20,2;20,1;19,9;20,6;20,9;19,8;19,9;20,1;20,1;19,9;20;20,5;20;19,5;20;20,6;19,5;20,4;20,7;20,1;20,1;19,5;19,8;19,9;20;20,4;20,7;19,9;20,2;20;20,2;19,9;19,4;20,1;20,1;20;20;20,4;20,2;20,1;20,1;19,9;20;20,6;20,6;20;20,1;20,8;20,6;19,8;20;20;20,6;20;20,5;20,2;20,2;20,2;20,2;20,8;19,6;20;19,5;20,4;20,4;20,1;20;20,4;20,4;19,9;19,4;19,5;19,6;20,2;20,6;20,4;20,2;20;19,6;20;19,5;19,5;20,2;20;20,1;20,2;20,521,1;21,2;20,7;20,9;20,8;20,7;20,7;20,6;20,6;20,4;20,7;20,7;20,6;20,5;20,6;20,7;20,6;20,7;20,6;20,6;21,1;20,9;20,8;20,8;20,1;20,2;20,8;20,8;20,5;20,7;20,7;20,8;20,8;20,6;21,2;21,2;20,5;20,6;20,9;21,1;20,8;20,6;20,8;20,9;20,6;20,6;20,7;20,6;20,8;20,6;20,1;20,5;20,6;20,5;20,7;20,9;20,2;20,4;20,4;20,2;20,2;20,2;20,2;20,4;20,1;20,8;20,4;20,5;20,8;20,7;20,2;20,6;20,6;21,2;20,5;20,5;20,2;20,6;20,5;20,7;20,8;20,4;20,6;21,1;20,7;20,7;20,6;20,7;20,6;20,2;20,5;20,7;20,8;20,6;20,2;20,5;20,7;20,6;20,4;20,7;21,2;20,8;20,6;20,5;20,5;20,2;20,2;20,2;20,1;20,4;20,6;20,8;20,7;20,1;20;20,1;20,2;20,5;20,7;20,6;20;20;20,2;20,1;20;20,1;20,1;20,1;20,2;20,1;20,1;20,4;20,4;20,1;20,4;20,1;19,6;19,8;20,4;20,7;20,4;20,1;20,1;20,6;20,5;19,9;20;20,4;20,1;19,8;20,1;20,4;20,6;20,6;20,1;20,2;20,2;20,2;20,1;19,9;20,1;20,1;20,4;20,2;20,2;20;20,1;20,5;20,5;20,5;20,1;20,4;20,8;20,7;20,5;20,2;20,1;20,7;20,4;20,1;20,1;19,8;20,1;20,1;20,2;20;20,2;20,6;20,4;20;20;20;20,8;22,9;25,6;27,1;27,3;27,3;27,5;27,9;29,1;30,6;31,5;32;32,4;32,2;31,8;31,5;32,1;32;31,8;31,7;32,6;32,8;33,1;33,3;33,2;33,1;33,4;33,2;34;33,1;33,7;33,7;33;33,8;33,2;33,2;33,4;33,5;34,1;33,8;33,4;33,2;33,3;33,6;33,7;33,4;33,3;33,6;33,3;33,4;33,5;33,4;33,3;33,5;33,7;33,3;33,4;33,9;33,9;33,8;33,8;33,7;33,9;34,1;34,2;34;34,1;34,1;34,1;34,2;34,2;34,3;34,7;34,9;35;35;35,1;35,4;35,6;35,6;35,9;36,3;35,9;36,6;36,9;36,7;36,9;37,2;37,5;37,6;38;38,4;38,5;38,4;38,8;39,1;39,2;39,3;39,6;39,9;40;40,4;40,5;40,8;41,1;41,4;41,7;42;42,2;42,6;42,7;43;43,6;43,9;44;44,7;45,1;45,7;46,2;46,6;47,7;48;49,2;49,8;50,5;51,6;51,9;52,6;53,3;53,9;54,4;54,9;54,9;55;55,1;55;54,7;54;53,7;52,6;52;51,7;50,7;50;49,4;48,6;48;47,2;46,4;46,1;45,6;44,9;44,3;44,2;44,1;43,5;43,2;43,1;43,1;42,8;42,2;41,7;41,9;41,4;41,1;41,3;40,7;40,5;40,4;39,9;39,5;39,5;39,2;39,1;39;38,3;39;38,5;38,3;38,3;38;37,7;37,8;37,4;37,1;37,1;36,7;36,5;36,6;36,6;36,3;36;36,1;35,9;35,7;35,7;35,3;35,3;35,2;35,1;34,9;35,2;35;35,1;35,1;34,7;34,9;34,6;34,9;35;35,1;34,7;34,6;34,5;34,7;34,6;34,7;34,9;34,6;35;35,1;34,6;35,2;34,7;35;34,7;34,6;34,9;34,7;34,4;34,9;35,1;34,9;34,5;35,1;35,2;34,7;34,5;34,2;34;34,2;33,7;33,8;34,1;33,8;33,7;33,2;33,4;32,8;32,1;32,1;32,1;32,5;32,4;33,2;33,1;32,7;32,9;32,5;32,2;31,8;31,1;30,9;30;28,7;27,9;27,7;27,7;27,3;26;23,8;22,5;21,4;20,6;20,6;20,4;20,4;20,5;20,4;20,7;20,5;20,4;20,7;20,2;20,4;20,5;20,2;20,7;20,6;20,2;20;20,1;20,4;20,2;20,6;20,5;20,4;20,4;20,2;20,4;20,4;20,2;20,6;20,7;20,5;20,4;20,5;20,5;20,7;20,6;20,4;20,2;20;20,1;20,5;20,5;20,6;20,5;20,1;20;20,1;20;20;19,9;20,5;20,6;20;20,1;20,1;20,1;20,1;20;20,5;20,5;20,1;20,2;20,4;20;20,5;20,5;20;19,9;20,4;20,5;20;20;19,9;19,8;20,4;20,7;20,1;20,5;20,4;20,2;20,5;20,2;20;20,1;20,2;19,8;20,2;20,7;20,7;20;20,1;20,9;20;20,1;20,6;20,6;19,6;20,2;19,9;20,4;20,4;20,1;20,4;19,9;20,5;20,4;20,2;19,8;20,1;19,9;20,2;20,5;20,2;19,3;19,6;19,9;20;20;19,5;20,6;20,1;20,4;20,1;20;19,9;20,1;20,2;20,4;20,5;20,4;20,4;20;19,8;19,9;20;20;20;20;20,1;19,8;20,4;20,1;19,9;20,2;20,1;20,4;20,6;20;20,1;19,6;19,5;20,1;20,4;19,9;20,4;20,1;20,4;20,4;20;20;20,1;20,1;20;19,6;19,9;20,2;20,4;20,5;19,3;19,2;19,9;19,8;19,9;20,421,1;21,1;20,8;21,2;20,5;21,1;20,6;20,4;20,6;20,5;20,8;20,6;20,5;20,5;20,2;20;20,5;20,9;20,6;20,6;21,1;20,8;20,7;20,8;20;20,1;20,8;21,2;20,7;20,8;20,6;20,6;20,8;20,4;20,6;20,7;20,6;20,7;21,1;21,1;20,8;20,7;20,8;20,6;20,4;20,5;20,5;20,4;20,7;20,7;20,4;20,4;20,5;20,2;20,5;20,9;20,8;20,4;20,6;20,1;20,7;20,7;20,9;20,1;20,2;20,8;20;20,5;20,9;20,6;20,4;20,5;20,8;19,9;21,2;20,7;20,7;20,8;20,8;20,5;21,1;20,9;20,5;20,5;20,7;20,7;20,5;20,4;20,6;20,2;20,7;20,5;20,6;20,6;20,4;20,1;20,5;20,6;20,2;20,1;20,5;20,5;20,2;20,2;20,8;20,8;20,5;20,2;20,5;20,5;20,1;20,1;20,2;20,4;20,2;20,1;20,5;20,6;20,6;20,7;20,5;20,2;20,2;20;19,9;20;20;20,2;20,4;20,1;20,4;20,4;20,1;20,2;20,6;20,6;20,4;20,4;20,6;20,2;20,2;20,4;20,4;20,5;20,5;20,5;20,5;20,2;20,4;20,5;20,6;20,7;20,5;20,4;20,4;20,2;20,2;20,2;20,2;20,4;20,5;20,6;20,2;20;20;20,1;19,9;20,1;20,4;20,1;19,9;20;20;20,1;20,2;19,9;19,9;20,1;20,1;19,9;20,6;20,4;20,1;20,2;20,6;20,1;20,1;20,2;20,4;20,2;20,5;20,4;20,7;22,6;25,4;27,3;27,5;27,3;27,3;27,6;29;30,6;31,5;32;31,8;32,2;31,8;31,7;32;31,3;31,4;32;32,5;32,8;32,8;33;33,1;33,3;33,3;33;33,7;33;33,5;33,5;33,2;33,7;33,5;33,4;33,5;33,7;33,5;33,4;33,6;33,3;33,5;33,6;33,7;33,9;33,3;33,2;33,4;33,4;33,7;33,8;33,5;33,2;33,2;33,2;33,5;33,5;33,3;33,3;33,4;33,4;33,7;33,7;33,9;33,7;34;34;34,2;34,4;34,5;34,2;34,4;34,7;35,2;34,6;35,2;34,9;35,4;35,6;35,6;36,2;35,8;36,4;36,7;36,1;36,7;37,1;37,2;37,2;38;38,1;38,4;38,4;38,7;39;39,2;39,1;39,1;39,6;40;40,1;40,3;40,6;41,1;41,2;41,6;41,9;41,9;42,6;42,6;42,8;43,6;44;44;44,7;45,3;46;46,5;46,9;47,8;48,7;49,2;50,3;50,8;51,8;52,9;53,4;54,4;54,8;55,5;55,6;56,1;55,9;56,2;55,9;55,5;54,6;54,5;53,5;52,7;52,3;51;50,2;49,6;48,5;48;47,5;46,9;46,1;45,5;45;44,6;43,9;43,4;43,2;43,2;42,7;42,4;42,5;42,2;41,6;41,8;41,4;40,9;41;40,8;40,5;40;40,2;39,4;39,2;39,3;38,7;38,7;38;38,7;38,3;38,4;38,2;37,7;37,2;37,5;37,2;36,7;36,9;36,7;36,3;36,5;36,1;36,3;36,1;35,6;35,9;35,7;35,3;35;35,1;35,3;35,4;35,3;35,2;35;34,7;34,9;35;35,1;34,7;34,3;34,9;34,9;34,4;34,6;34,6;34,7;34,5;34,6;34,7;34,5;34,5;34,3;34,6;34,9;34,4;34,7;34,7;34,6;34,9;34,4;34,4;34,3;34,9;35;34,5;34,2;34,5;34,6;34,3;34;34,2;33,9;33,8;33,5;34;33,6;33,7;33,4;33;32,4;32,2;32;32,2;32;32,2;32,7;32,4;32,8;33;32,6;32,2;31,8;31,3;30,5;29,3;28,8;28;27,7;27,5;27,5;25,8;23,6;22,6;21,6;20,5;20,5;20;20,2;20,5;20,2;20,4;20,6;20,4;20,6;20,8;20,7;20,6;20,6;20,2;20;20,1;20,1;20,1;20,2;20,2;20,5;20,5;20,5;20,5;20,7;20,6;20,1;20,1;20,2;20,2;20,4;19,9;19,9;20,5;20,4;20,4;20,5;20,6;20,6;20,4;20,2;20,5;20,5;20,6;20,6;20,7;20,5;20,1;20,4;20,4;19,9;20,1;20,1;19,8;19,9;20,1;20,6;20,2;19,5;20;20,1;19,9;20,1;20,2;19,9;19,8;19,9;19,8;20;20,2;20,2;20,2;20,2;20;20;20,4;19,9;19,8;20,2;20,6;20,2;20,2;20,1;20,4;20,1;20;20,5;20,1;19,9;20,4;19,8;20,4;20,1;20,6;20,2;20,7;20,2;20,1;20;20;19,4;20,6;20,1;20;20;20;19,5;19,9;20,2;20,4;19,6;20,4;20,2;20,1;19,6;20,1;20,1;20,1;20,1;19,8;19,6;20,1;20,1;19,9;19,8;20,1;19,9;19,6;19,9;20,2;20,1;19,5;19,5;19,9;20,4;20,2;20,2;19,8;20;20;20,2;19,9;19,9;19;20,1;20,2;19,6;20,1;20,9;20,5;19,6;20,1;19,9;19,5;20,2;20,2;19,8;19,8;20,2;20,4;20,1;20,1;20,2;20;19,8;19,6;20,1;20,5;20;19,2;19,9;19,6;19,8;19,820,9;21,1;20,7;20,5;20,4;20,4;20,2;20,6;20,4;21,1;21,4;21,1;20,8;20,6;20,7;20,8;20,7;20,6;20,6;20,6;20,8;20,4;20,6;20,6;20,8;20,4;20,7;20,6;20,1;19,9;20,5;20;20,8;20,5;20,5;20,6;20,6;20,8;20,6;20,9;21,4;20,9;20,7;20,7;20,6;20,7;20,7;20,5;20,5;20,9;21,1;20,7;20,6;20,1;20,6;20,6;20,6;20,9;21,1;20,6;20,5;20,7;20,8;20,7;20,8;20,8;20,1;20,2;20,6;19,8;20,5;20,6;20,5;20,9;21,2;20,9;20,2;20,5;20,4;20,7;20,9;20,9;20,9;20,2;20,5;20;20,1;20,2;20,4;20,5;20,4;20,5;20,8;20,5;20,4;20,4;20,5;20,4;20,4;20,6;20,6;20,5;20,5;20,4;20,4;20,5;20,7;20,4;20,2;20,4;20,4;20,6;20,4;19,9;19,8;20,1;20,5;20,4;20,1;20,5;20,4;20,1;20;20,1;20,6;20,4;20,6;20,8;20,4;20;20,4;20,4;20,2;20;20,1;20,4;20,4;20,2;19,9;19,8;20,2;20;20,1;20,2;20,4;20,5;20,4;20;20,5;20,7;20,1;20,1;20,2;20,2;20,5;20,6;20,5;20,2;20,4;20,1;20,5;20,4;20,4;20,2;20,2;20,6;20,6;20,2;19,9;20,1;20,2;20,5;20,2;20;20;20;20,1;20,2;19,9;20,1;20,7;20,6;20,5;20,2;20,1;20,1;19,9;20,4;20,1;20,2;20,5;20,5;20,8;23;26,1;26,6;27,5;27,4;27,3;27,6;29,1;31,1;31;31,7;32;32,1;32;32,4;32,5;31,2;31,3;32;32;32,4;32,4;32,9;32,8;33,3;33,5;33,2;33,2;32,9;33;33,4;33,3;33,9;33,2;33,2;33,4;33,3;33,4;33,6;33,9;33,7;33,1;33,2;33,3;33,4;33,3;33,5;33,4;33,2;33,2;33,4;33,1;33,5;33,9;33,8;33,4;33;33,6;33,6;33,3;33,3;33,3;33,6;33,9;33,8;34;33,9;34,1;34,1;34,3;34,1;34,7;34,1;34,9;34,6;35,2;34,7;35,3;35,6;35,9;36,3;35,9;36,2;36,7;36,5;37,1;37;36,7;37,1;37,6;37,9;38,1;38,2;38,6;38,8;38,9;39;39,5;39,9;40;40,1;40,4;40,8;41;41,2;41,5;41,6;42;42,5;42,7;42,9;43,5;43,7;44;45;45,5;45,9;46,6;47,6;47,9;48,6;49,6;50,5;51,7;52,4;53,8;54;55,2;55,9;56,5;57,2;56,9;57,3;57;56,6;56,6;55,9;55,2;54,5;53,4;52,4;51,6;50,5;49,9;48,7;47,9;46,9;46,6;46;45,3;44,9;44,9;44,1;43,7;43,2;42,8;42,8;42,4;42;42,3;41,6;41,5;41,3;41;40,7;40,4;40,2;39,6;39,8;39,5;39,2;38,9;38,7;38,7;37,9;38,6;38,2;37,7;38;37,6;37,4;37,1;36,6;36,8;36,5;36,9;36,2;36;36,4;36,1;35,9;35,5;35,6;35,5;35,4;35,7;35,2;35,2;35,1;35,2;34,9;34,6;34,9;35;34,6;34,2;34,3;34,5;34,3;34,4;34,4;34,3;34,4;34,4;34,6;34,6;34,4;34,3;34,9;35;34,5;34,6;34,9;35;34,2;33,8;34,7;34,7;34,5;34,1;34,4;34,3;34,2;34,6;34,3;34,7;34,1;34,3;33,9;33,9;33,9;33,4;33,8;33,8;33,5;33,2;33,2;32,6;32;32,4;31,7;32,7;32,1;32,5;32,5;32,5;32,8;32,6;32,1;31,6;31,7;30,6;29,2;28,4;28;27,8;27,6;27,2;25,5;23,5;22,1;21,2;20,6;20,5;20,8;20,7;20,6;20,4;20,5;20,6;20,5;20,4;20,4;20,2;20,4;20,5;20,4;20,4;20,6;20,6;20,5;20,2;20,4;20,6;20,5;20,8;20,6;20;20;20,2;20,7;20,6;20;20,2;20,1;20,4;20,6;20,2;20,2;20,5;20,6;20,5;20,4;19,9;19,8;20,2;20,2;20,1;20;20,2;20,2;20,2;20,5;20;19,6;19,8;20,1;20,2;20,5;20,5;20,2;20,2;20,2;20;20,1;20,5;20,4;20;20;19,9;20,2;20,2;20;20;20,1;20,2;19,9;20,2;20,5;20,2;20,2;20,1;20;20;19,6;19,9;20,1;20,1;20;20,1;20,1;20;19,9;20,1;20,2;20,2;20,2;19,9;20,2;20,4;20,9;20,1;19,8;19,6;20;19,8;20,2;20,2;20;19,9;20,1;20;20,6;19,4;20,7;19,9;20;19,9;20;19,5;19,8;19,9;20;20;20,2;20,1;19,8;19,9;19,9;20,1;20,2;20;20,2;20,7;20,8;20,1;19,6;20;20,1;20,2;20,1;20;20,4;20,4;19,8;20,1;19,8;20,1;19,6;19,8;20,6;20,1;20,2;19,6;19,9;20,2;20,4;20,1;20;19,9;19,8;20,2;20,5;20,2;20;19,9;19,9;19,5;19,4;19,8;19,8;19,2;20,1;20;19,9;19,8;19,421,1;20,7;20,5;20,7;20,5;20,1;20,5;20,7;20,7;20,6;20,5;20,2;20,1;20,6;20,8;20,8;20,7;20,5;20,8;20,7;20,4;20,4;20,4;20;20,5;20,5;20,6;20,6;20,4;20,7;20,5;20,7;20,6;20,2;20,5;20,7;20,6;20,4;20,6;20,7;20,4;20,5;20,9;20,8;20,4;20,4;20,7;20,6;20,5;20,5;20,5;20,5;20,5;20,8;20,4;20,5;20,5;20,7;20,4;20,6;20,6;20,7;20,6;20,5;20,2;20,1;19,9;20,5;20,6;20,1;21,1;20,1;20,6;20,7;20,5;20,2;19,9;20,8;20,4;20,7;20,6;20,6;20,2;20,1;20,6;20,4;20,5;20,2;20,4;20,6;20,4;20,2;20,4;20,4;20,5;20,5;20,7;20,4;20,5;20,7;20,7;20,6;20,1;20,1;20,4;20,4;20;19,8;19,9;20,1;20,4;20,6;20,4;19,9;19,9;20,2;20,2;20;20,4;20,6;20,2;20,4;20,2;20,1;20,2;20;20;20,2;20,5;20,4;20,5;20,2;20,4;20,6;20,2;20;20,1;19,9;20;20,2;20,5;20,2;20;20;20;19,9;19,9;20,4;20,4;20,2;20,1;20,1;20,4;20,4;20;20,2;20,6;20,1;19,9;20,1;20,2;20,1;20,4;20,5;20,4;20;20;20,1;20,5;20,5;20,4;20,2;20,1;20,7;20,5;20;20;20,5;20,2;20,1;20;20;20,5;20,8;20,1;20,6;20;20,1;20;20,2;20,4;20;20,4;22,8;25,3;26,7;26,7;26,7;26,8;27,7;28,9;29,9;31,1;31,4;32;32,4;32,1;31,8;32,1;31,2;31,3;31,3;31,6;32,6;32,2;32,7;33,2;32,9;33,1;32,8;33,3;32,8;33,2;33,4;32,8;33,1;32,9;33;33,1;33,3;33,6;33,1;32,9;33,3;33,6;33,6;33,4;33,4;33,2;33;33,4;33,5;33,2;33,1;33,1;33,5;33,6;33,3;33,1;33,3;33,5;33,6;33,8;33,7;33,5;33,3;33,5;33,5;33,8;33,8;33,7;34;34,5;34;34;33,9;34,6;34,5;35,1;35,2;35,3;35,2;35,6;36;36,3;36,5;36,4;36,4;36,4;36,8;36,9;37,2;37,5;37,8;38,1;37,9;38,2;38,4;38,7;38,9;39;39;39,5;39,9;40,2;40,5;41;41,2;41,2;41,7;41,9;42;42,6;42,9;43,4;43,9;44,1;44,6;45,1;46;46,6;47,8;48,4;49,1;50,2;50,9;52,3;53;54,5;55;56,2;56,9;57,5;58,2;58,5;58,5;58,3;58,3;57,7;56,8;55,9;55,5;54,5;53,4;52,1;51,3;50,3;49,2;48,4;47,5;46,8;46;45,1;44,6;44,1;44;43,9;43,5;42,8;42,3;42,3;42;41,8;41,2;41,2;40,9;41;40,6;40,2;40,1;39,8;39,5;39,8;39,1;39;38,5;38,8;38,2;38,4;37,9;37,8;37,8;37,5;37,6;37,6;36,8;36,6;36,4;36,6;36,5;36,2;36,2;35,6;35,9;35,7;35,1;35,1;35,5;35,4;35;34,9;34,9;34,7;34,4;34,4;34,7;35,1;35;35;34,6;34,4;34,5;34,3;34,2;34,4;34,9;34,2;34,4;34,3;34,2;34,2;34,5;34,5;34,5;34,2;34,7;34,7;34;34,5;34,3;34,7;34,9;34,5;34,4;34,4;34,6;34,4;33,9;34,3;34,5;33,9;33,7;33,4;33,9;33,2;33,4;33,2;33,5;32,5;32,9;32,5;32,2;31,7;32;31,8;32,2;32,1;32,4;32,4;32,5;32,4;31,6;31,4;31,2;30,1;29,2;28,5;27,8;27,6;27,5;26,8;25,5;23,7;22,6;21,4;20,5;20,2;20,6;20,6;20,2;20,5;20,7;20,8;20,1;20,1;20,6;20,2;20,2;20;19,8;20;20;20;20,4;20,6;20,7;20,6;19,9;20;20,2;20,4;20,6;20,5;20,2;20,2;20;20;20,1;20,5;20,5;20,7;20,6;20,4;20,4;20,4;20,4;20,1;20,1;20,4;20,4;19,9;19,8;19,9;20,1;20,1;20,1;20,2;20,1;20,1;20,5;20,9;20,7;20,1;20,2;20,4;19,9;19,6;19,8;20;20,1;19,9;20,2;20,6;20,5;20,1;19,6;19,9;20,1;20,1;20,2;20,6;20,5;20,1;20,1;20;20,1;20,4;20,4;20,1;20,4;19,9;19,6;20,2;20,6;20,6;20;20,2;20,4;19,8;20,1;20;20,1;19,6;20,5;20,1;20,4;19,8;19,9;20,5;19,5;19,9;19,9;19,6;20,2;19,8;20,6;19,9;19,8;19,9;20,6;19,4;20,2;20;20,2;20,2;20;19,2;19,6;19,9;20;20;20;20;20;20;20,4;20,4;20,2;20;19,9;20,4;19,9;20,4;20,1;19,6;19,6;20;20;19,9;20,2;19,8;20,4;19,6;20;19,5;19,8;19,8;20,2;20,5;19,8;20,1;20;19,6;19,9;19,9;19,6;19,8;20,1;20,1;19,9;19,8;19,5;19,4;19,9;19,8;19,8;19,8;20,4;19,9;2021,1;21,2;20;20,1;19,9;20,7;20,6;20,8;20,7;20,5;20,2;20,4;20,6;20,7;20,6;20,2;20,4;20,5;20,6;20,6;20,7;20,8;20,8;20,2;20,6;20,2;20,5;20,5;20,7;20,7;20,6;20,2;20,8;20,4;20,5;20,5;20,4;20,7;20,9;20,9;20,7;20,4;20,8;20,9;20,7;20,8;20,7;20,4;20,5;20,6;20,6;20,9;21,1;20,2;20,8;21,1;20,4;20,6;20,6;20,7;20,8;20,4;20,7;20,2;19,9;20,6;20,4;20,8;21,2;20,1;20,9;20,4;20,6;20,6;20,2;20,8;20,4;20,6;19,9;20,4;20,6;20,5;20,6;20,5;20,6;20,6;20,6;20,2;20,2;20,5;20,5;20,2;20,4;20,7;20,6;19,6;20,1;20,6;20,2;21,1;21,1;20,4;20;19,8;20,2;20,5;20,7;20,6;20,2;20;20,1;20,5;20,2;20;20,2;20,4;20,2;20;20,2;20,4;20,2;20,2;20,1;20,1;20,4;20,4;20,2;20,4;20,2;20,4;20,1;20,1;20,4;20,5;20,1;20,1;20,2;20,1;20,4;20,1;19,9;20;20;20;20,1;20,6;20,5;20,2;20,2;20,1;20,4;20,7;20,5;19,8;19,8;20,1;20;20,1;20,2;20,2;20,5;20,2;20;20;20,4;20,2;19,9;20,2;20,5;20,4;20,2;20,4;20,2;19,9;20;20,1;20;20;20,1;20,4;20,2;20;19,9;20,2;20,4;20,2;20,2;20,1;20;19,9;20,5;20,8;20,8;22,9;25,8;26,8;27,3;26,8;26,7;28;28,8;30,5;30,6;31,5;32,1;31,3;31,4;31,7;31,5;31,2;30,8;31,2;32,1;32,9;32,7;32,4;32,8;33;32,5;33;33;32,9;33,1;32,9;32,6;33,1;32,9;33,1;33,5;33,1;33;33,1;33,2;33,2;32,9;33;33,2;33,1;32,9;33;32,9;33;33;32,9;32,9;33,1;33,4;33,3;33,3;33,2;33,3;33,4;33,2;33,2;33,3;33,6;33,7;33,7;33,7;33,7;33,1;34,3;34,5;33,9;34,3;34,3;34,5;34,2;35;35,2;35,7;35,4;35,6;35,8;36,1;35,8;36;36,5;36,1;36,4;37;37,4;37,5;38;38,1;38;38,2;38,8;38,9;38,4;39;39;39,2;39,6;39,8;39,9;40,4;41;41,1;41,2;41,9;42,2;42,4;42,7;43,1;43,6;43,9;44,5;45,2;46,2;46,6;47,7;48,5;49,6;50,4;51,9;52,9;54,2;55,2;56,2;57,3;58,4;58,9;59;59,8;59,9;59,8;59,8;58,7;57,9;57,1;55,9;55,2;54,2;52,9;51,6;50,4;49,3;48,2;47,5;46,9;46;45,3;44,8;44,1;43,7;43,5;43,1;42,8;42,6;42,3;41,7;41,2;41;41;40,8;41,1;40,6;40,3;39,6;39,5;39,4;39,4;39,1;39;38,4;38,5;38,2;38,3;37,7;37,5;37,7;37,6;37,5;37;37;36,4;36,2;36,8;36,2;35,5;36,2;36;35,6;35,3;35,2;35,2;35,1;35,2;34,3;34,5;34,7;34,7;34,7;34,7;34,2;34,2;34,2;34,5;34,9;34,9;34,6;34,4;34,1;34;34,4;34,2;34,4;34,6;34,5;34,4;34,2;34,2;34,2;34,3;34,6;34,1;34,2;34,2;33,7;34,2;34,2;34,4;34;34,1;34;34,1;34,4;34,1;34,2;34;34,1;33,5;33,5;33,3;33,4;33,5;33,9;32,2;32,4;31,6;32,2;31,4;31,5;32,2;32,4;32;32;32,2;31,7;32,1;32,1;31,6;31,1;30,2;28,9;28,4;28,2;27,8;27,6;26,6;25,3;23,7;22,5;20,8;20,6;20,7;20,4;20;20,1;20,5;20,2;20,1;20;20,4;20,4;20,5;20,5;19,9;20;20,2;20,4;20,6;20,6;20,5;20,1;20,4;20,2;19,6;19,9;20,1;20,4;20,6;20,4;20,2;20,4;20,2;20;20;20;20,4;20,5;20,2;20,4;20,6;20,5;20,4;20,2;20,4;20,6;20,4;19,9;20,2;20,5;19,9;19,8;20,4;20,2;19,8;19,9;20,2;20,2;20,2;20,4;20,2;20;19,8;20,2;20,5;20;19,9;19,9;19,9;20;19,9;19,9;19,8;19,6;20,1;20,1;20;19,9;19,6;19,9;20;20;19,6;19,8;19,9;20,4;20,2;19,8;20;20,2;20;19,6;19,8;20,1;19,6;19,4;19,8;20;19,6;20;20,7;20,5;19,9;19,6;20,1;20,4;19,3;20,1;19,9;20,1;20,4;19,9;19,3;20,2;19,9;19,6;19,2;19,6;19,8;20,4;20,1;20,2;20;20;20;20,2;20,1;20,4;20;19,9;20,1;20,4;20,5;20,4;20,1;20,1;20,5;20,2;20,4;20;19,6;19,6;20;20,5;19,4;19,6;20,5;19,9;20,4;19,6;19,6;20;20,5;20,1;19,6;19,8;20,1;19,3;19;19,8;20;20,4;20,5;20,2;19,8;19,4;19,5;19,8;19,5;19,6;19,5;20,1;19,2;19,9;20;20,221,1;21,2;20,4;20,9;20,6;21,2;20,6;20,5;20,8;20,8;21,1;20,8;20,8;20,8;20,8;21,1;20,9;20,7;20,8;20,8;20,7;20,8;20,8;20,4;21,1;20,4;20,9;21,1;21,1;20,8;20,8;19,9;21,1;20,8;20,5;20,5;20,9;20,9;20,8;21,1;21,1;20,8;20,8;21,1;20,8;20,7;20,7;20,4;20,4;20,7;20,9;21,1;20,8;20,6;20,9;21,2;21,2;20,8;20,9;20,9;20,6;21,2;20,8;20,8;20,8;20,7;20,4;20,4;20,7;20,5;20,5;20,6;20,6;20,4;20,7;20,6;20,8;21,2;20,1;20,8;20,4;20,8;21,1;20,6;20,4;20,5;20,4;20,5;20,8;20,8;20,6;20;20,7;21,1;20,6;20,6;20,7;20,6;20,6;20,6;20,8;20,8;20,6;20,4;20,6;20,9;20,7;20,4;20,6;20,4;20,2;20,5;20,6;20,7;20,5;20,4;20,2;20;20,1;20,4;20,5;20,7;20,5;20,1;20,2;20,5;20,4;20;20,1;20,2;20,5;20,5;20,5;20,5;20,2;20,4;20,4;20,2;20,2;20,2;20;20;20,5;20,6;20,2;20,2;20,6;20,8;20,7;20,7;20,6;20,8;20,8;20,5;20,2;20,2;20,5;20,4;20,2;20,6;20,9;20,5;20,4;20,2;20,2;20,6;20,5;20,1;20,2;20,4;20,6;20,4;20;20,2;20,5;20,6;20,2;20,1;20,6;20,8;20,6;20,7;20,4;20,6;20,2;20,2;20,4;19,9;20;20,4;20,2;20,2;20,8;22,9;25,7;26,7;27,1;27,4;27,4;27,4;29;30,7;31,3;31,8;32,1;31,3;31,2;32,1;32;31,6;30,7;31,8;31,5;32;32,6;32,5;32,8;33;33,3;33,2;32,9;32,9;32,9;33;32,6;33,1;32,9;33;33,2;33,6;33,2;33,1;32,9;33,1;33,4;33,5;33;32,6;32,8;33,1;33,2;33,2;33,4;33,5;33,1;33,2;33,5;33,3;33,3;33,6;33,5;33,4;33,6;33,5;33,8;33,8;33,8;33,6;33,4;33,9;34,1;33,9;34,1;34,1;34,4;34,3;34,5;34,1;35;35,3;35,1;35,5;35,3;35,7;35,7;35,9;36,3;36,1;36,8;36,6;37;36,9;37,1;37,7;38;38,5;38,5;38,7;38,8;38,4;38,9;39,4;39,4;39,4;40,1;40,7;40,9;41,1;41,2;41,4;41,8;42,4;42,4;42,7;43,3;43,6;44;45,1;45,6;46,9;47,2;48;49;49,9;51;52,4;53,5;54,9;56,3;57,5;58,6;59,8;60,7;60,8;61,6;61,7;61,7;61;60,5;59,6;58,8;57,5;55,9;55;53,8;52,5;51,1;50,1;49;47,8;47,1;46,4;45,8;45,2;44,9;44,2;43,9;43,4;43;42,7;42,4;42,2;41,8;41,4;41,3;41,1;40,7;40,3;39,8;40;39,5;39,4;39;39,1;38,9;38,5;39;38,5;37,9;37,9;37,6;37,7;37,2;37,1;36,8;36,6;36,8;36,6;36,4;35,7;36,1;36;35,7;35,5;35,8;35,5;35;35,2;35,1;34,9;35,1;35,3;35;34,6;34,4;34,5;34,5;34,4;34,2;34,1;34;34,3;34,5;34,6;34,5;34,5;34,5;34,2;34,4;34,5;34,2;34,4;34,5;34,4;34;34,4;34,9;33,6;34,7;34,5;34,9;34,4;34;34,2;34,9;34,2;34,4;33,9;34,5;34,4;33,8;33,6;33,9;33,2;33,6;33,9;34;33,6;32,7;32,1;32,4;31,6;31,8;32,4;32,1;32,6;32,7;32,2;32,5;32,8;32,5;32,4;31,7;31,2;30,8;29,4;28,6;27,8;27,9;27,7;27,4;25,7;23,8;22,7;21,6;21,1;20,5;20,8;20,8;20,4;20,2;20,2;20,2;20,6;20,8;20,8;20,7;20,4;20,1;20,4;20,5;20,6;20,6;20,5;20,7;20,6;20,2;20,4;20,7;20,7;21,1;20,8;20,5;20,6;20,6;20,2;20,6;20,7;20,2;19,9;20,2;20,4;20;20,2;20,7;20,7;20;19,9;20,1;20,2;20,5;20,5;20,4;20,4;20,1;19,9;20,2;20,1;19,5;19,9;20,1;20,2;20,6;20,4;20,5;20,5;20,1;20,2;20,4;20,2;20,2;20,2;20;19,9;20;19,9;19,6;19,6;20,1;20;20,1;20,6;20,5;20,6;20;20;20;19,9;20,1;20,5;20,5;20,2;20,2;20,5;20,4;20,2;19,9;20,6;20,4;20,4;20,1;20,1;20,2;20,7;19,6;19,8;20,1;20;20,1;20;20,2;19,9;19,6;20;20;20,5;20;20,4;20,5;20,1;20;20,6;20,2;20,6;20,5;20,1;20,5;20,1;20,2;20,2;20,1;20;20,1;20,5;20;19,9;20,4;20,4;20,1;20,4;20,6;19,9;20,4;20,9;20,5;20,1;20,2;20;20,1;20,5;19,8;20,4;20,2;19,6;20,7;19,9;19,9;20;19,8;20,1;20,6;20,1;20,1;20,4;20,6;20,4;20,4;20,4;19,8;20;20,5;19,9;19,9;20,1;20,2;20,2;20,1;20,6;19,9;19,821,2;21,4;20,6;20,8;20,5;20,5;20,5;20,7;20,6;20,5;20,7;20,8;20,5;20,2;20,4;20,5;20,5;20,6;20,7;21,1;20,6;20,6;20,4;20,4;20,4;20,8;20,9;20,7;20,8;20,4;20,6;20,5;20,8;20,5;20;20,4;20,5;20,4;20,7;20,6;20,8;20,8;20,9;21,1;20,4;20,1;20,6;20,6;20,6;20,7;20,6;20,6;20,4;20,7;21,1;21,1;20,7;20,5;20,8;20,5;20,5;20,5;20,9;21,5;21,5;20,6;20,5;20,5;20,8;20,7;20,4;20,9;20,2;20,6;20,1;20,8;20,6;20,7;20,6;20,7;20,8;20,5;20,5;20,8;20,5;20,6;20,4;20,2;20,5;20,2;20,6;20,9;20,6;20,5;20,6;20,6;20,8;20,7;20,4;20,2;20,6;20,7;20,5;20,5;20,5;20,2;20;20,2;20,8;20,7;20,4;20,6;20,4;20,1;20,2;20,4;20,7;20,7;20,5;20,5;20,1;20,1;20,4;20,2;20,6;20,7;20,2;20,4;20,4;20,1;19,9;20,2;20,6;20,2;20;20,2;20;20,2;20,1;20,2;20,4;20,2;20;20,1;20,1;20;20,1;20,7;20,5;20,2;20,2;20,4;20,4;20,2;20,1;20,5;20,5;20,2;20,4;20,1;20,5;20,6;20,5;20,4;20;20,1;20,1;20,2;20,1;20;20,1;20,5;20,5;20,4;20,6;20,8;20,5;20;20;20,1;20;20,1;20,1;20,6;20,6;20,5;20,6;20,4;20,2;20,1;20,2;20,6;20,5;22,7;25,7;26,6;27,1;27,2;27,2;27,6;29,1;30,8;30,8;31,5;31,4;31,7;31,6;31,4;31,4;31,4;30,6;30,5;31,6;32,2;32,7;32,4;32,8;33;33;33,4;32,8;32,8;32,7;32,6;33,3;33,1;32,9;33,2;32,9;33,2;33,4;33,4;33;33,2;33,2;33,3;33,1;33,1;33,1;33,1;33,2;33,1;33;32,9;33;33,3;33,3;33,2;32,8;32,9;33,1;33,4;33,5;33,3;33,3;33,2;33,4;33,8;33,8;33,6;33,9;33,6;34,1;34;34;33,8;34,6;34,4;34,9;35,1;35;35,2;35,7;35,6;35,6;36;36,1;36,3;36,2;36,3;36,8;37;37,8;37,8;38,4;38,1;38;38,6;39;38,9;38,9;39,3;39,6;39,9;40,2;40,5;40,6;40,8;41,2;41,5;41,7;41,6;42,3;43;43,8;43,9;44,5;45,1;46;46,3;46,8;48,4;49,2;50,5;51,5;53,4;54,4;55,8;57,3;58,6;59,9;61,5;62,4;63;63,6;63,6;63,7;63;62,8;61,6;60,1;58,5;57;56;54,3;53;51,7;50,5;49,2;48;47,1;46;45,4;45;44,5;43,8;43,2;42,8;42,7;42,5;41,9;41,7;41,6;41,1;41,1;40,4;40,2;40,2;39,9;39,4;39,2;39;39,3;38,8;38,7;38,5;38,3;38;37,7;37,9;37,6;37,5;37,5;36,6;36,8;36,3;36,3;36,5;36,6;36,1;35,8;35,8;35,5;35,5;35,3;35,4;35,1;35,1;35;34,6;34,9;34,5;34,9;34,6;34,6;35;34,6;34,3;34,4;34,3;34,1;34,3;34,3;34,7;34,5;34,2;34,2;34,4;34,5;34,5;34,4;34,5;34;34;34,3;34,1;34,2;34,4;34,2;34,4;34,2;34,4;34;34;34,5;33,8;34,4;34,5;33,9;34,3;33,6;33,9;33,4;33,4;33,5;33,3;33,1;33,1;32,7;32,2;31,6;31,3;31,7;32;31,8;31,6;32,2;32,6;32,5;32,4;32,1;32,1;31,5;30,9;30,7;29,2;28,5;28,5;27,6;27,4;27,1;25,6;23,6;22,2;21,6;20,8;20,4;20,5;20,2;20,6;20,7;20,5;20,6;20,6;20,6;20,7;20,7;20,8;20,6;20,2;20,4;20,8;20,5;20,4;20,5;20,4;20,1;20,1;20,1;20,7;20,9;20,6;20,5;20,1;20,1;20,2;20,6;20,4;20,1;20,2;20,4;20,2;20,1;20,5;20,9;20,8;20,6;20,2;20,1;20,4;20,2;19,8;19,9;20,4;20,4;20,1;20,2;20,2;19,9;20,1;20,2;20;19,9;20;20,2;20,2;20,4;20,4;20,1;19,9;20,1;20,1;19,8;19,9;19,9;19,6;19,6;20;20,5;20,2;20,4;20,2;20,1;20,5;20,2;20;20,1;20,5;20,4;20,6;20,1;20;19,9;20,1;20,1;20,1;20,1;20,1;19,9;20,1;20;20,2;19,9;20,7;20;19,6;19,8;20,2;19,9;20;20,7;19,9;19,9;19,9;19,6;20,6;19,8;20,2;20,1;20,1;19,8;20;20;20;20,6;20,4;20,1;20,4;20;20,2;20,2;20,2;20,4;20,1;19,8;19,6;20,1;20,6;20,1;19,8;20,2;20,5;20,5;20,1;19,9;19,9;19,6;20,1;19,8;20,1;19,9;20;19,8;19,5;19,8;19,9;19,9;20,1;20,2;19,6;19,8;19,9;20;20,1;20,1;20,1;20,4;20,5;20;19,8;20,1;20,1;19,8;19,9;20;20;20,5;20;19,5;19,921,2;20,8;20,7;21,2;20,6;20,8;20,2;20,2;20,4;20,5;20,6;20,8;20,6;20,5;20,8;20,7;20,6;20,7;20,6;20,6;20,5;20,7;20,2;20,2;20,7;20;20,8;20,4;20,7;20,4;20,6;20,2;20,7;20,8;20,8;20,5;20,6;20;20,1;20,7;20,7;20,5;20,6;20,5;20,4;20,5;20,7;20,6;20,2;20,2;20,7;20,8;20,5;20,6;20,7;20,9;20,6;20,4;20,5;20,7;20,1;20,6;20,9;20,6;20;20,2;19,9;21,1;20,6;20;20,5;20,8;20,5;20,2;20,5;20,6;20,4;20,1;20,2;20;20,6;20,4;20,2;20,2;20,6;20,4;20,2;20,7;20,6;20,4;20,4;20,4;20,5;20,7;20,6;20,6;20,7;20,2;20,6;20,6;20,6;20,6;20,5;20,2;20,4;20,2;20,2;20,5;20,5;20,1;19,9;20;20;20,1;20,6;20,9;20,7;19,9;19,8;20;19,9;20,2;20,1;20;20,2;20,2;20,2;20,2;20,2;20,2;20,7;20,6;20;20;19,9;19,8;20,2;20,1;20;20,1;19,9;20;20,1;20;20,1;20,1;20,2;20,4;20,1;20,2;20,6;20,4;20,5;20,5;20,2;20;20;20;19,9;20;20,2;20,4;20,2;20;20,4;20,4;19,9;20,4;20,5;20,1;20,2;20,6;20,4;19,8;20;20,1;19,8;20;20,1;19,8;20,6;19,9;19,6;20,1;20,1;20,4;20,1;20,2;20,1;20;20,2;20,6;20,8;23;25,6;26,6;26,7;27,2;26,7;27,1;28,4;30,2;30,9;31,1;31,2;31,3;31,5;31,6;31,5;30,7;30,4;31;31,5;32,4;32,2;32,5;31,8;32,6;32,9;32,7;33,1;32,8;33,1;32,5;32,8;32,9;32,9;33,1;32,9;33,1;32,7;33,2;33,1;33,2;32,7;33;33;32,9;32,8;32,8;32,8;32,9;32,9;32,7;32,9;32,8;32,8;33,1;33;32,9;32,9;33,2;33,4;33,2;33,3;33,5;33,4;33,1;33,5;33,4;33,1;33,5;33,8;33,5;33,7;33,9;34,5;34,4;34,4;35,1;35;35,4;35,4;35,5;35,5;35,7;35,8;35,8;36,2;36;36,8;36,8;37,1;37,6;38,2;37,9;38,4;38,4;38,3;38,3;38,9;39;39,2;39,6;39,8;39,9;40,4;40,6;40,8;41;41,1;41,5;42,5;42,7;43,2;43,8;44,3;45;45,4;46,4;47,4;48,4;49,7;50,5;51,9;54;55,1;56,9;58,4;60;61,7;63,1;64,4;64,8;65,5;66,3;66,1;65,7;64,8;63,1;61,3;59,9;58,4;56,5;54,9;53,3;51,7;50,5;49,1;47,9;47,3;46,5;45,7;44,8;44,1;43,9;43,3;42,9;42,6;42,4;42,4;41,8;41,5;41,2;41;40,8;40,5;40,1;39,6;39;39,2;39,4;38,9;38,6;38,2;38,5;38,1;37,7;37,7;37,5;37,8;37,2;37,5;35,9;36,4;36,6;36,7;36;36,6;35,5;35,6;35,3;35,7;35,2;35,5;35,4;34,9;34,7;34,6;34,5;34,9;34,6;34,1;34;34,3;34;34,1;34,4;34,2;33,9;34,2;34;33,8;34,2;34,3;34,1;34;33,8;34,2;34,4;34,4;34,1;34;34,1;34,1;34,2;34,2;34,2;33,7;34,6;33,9;34,3;34,6;34,7;34,2;34;34,6;34;33,8;34,1;33,5;33,6;32,9;33,5;33,4;33,5;33,2;33;33;32,2;31,8;31,2;31,5;31,6;32,2;31,8;31,7;32,4;31,8;32,4;32,1;31,6;31;30,8;30,3;29,2;28,5;27,9;27,7;27,4;27,1;25,6;23,4;22,1;20,8;20,4;20,4;20,2;20;20,1;20,4;20,4;20;19,8;20;20,4;20,4;20,1;20,4;20,6;20,4;20;20,2;20,2;20,1;20,4;20,5;20,2;20,4;20,2;20,6;20,8;20,5;20,1;20;20,2;20,2;20;19,8;20;20,4;20,4;20,5;20,7;20,6;20,1;19,8;19,8;20,2;20,2;19,8;19,8;20,2;20,4;20,5;20,5;20,7;20,6;20;20,1;20,1;20,5;20,6;20,2;20,2;19,8;19,8;20;20;20,1;20,5;20,6;20,1;20,4;20,2;19,6;19,6;20;20,5;20,6;20,5;20,1;19,9;19,9;19,9;20,1;20,1;20;20,2;20,5;19,8;19,3;19,6;20,1;20;20,1;20,1;20,6;19,6;20,5;20,4;20,4;19,9;20,2;19,9;20,6;19,6;20,4;20,4;20,6;19,9;20;19,6;19,2;20,2;20,4;19,6;20,2;19,9;19,6;19,9;20;20;20,4;20,6;19,9;19,9;20;19,6;20;19,9;19,8;19,9;20,2;20,1;19,8;20,1;20,2;19,9;19,9;20,2;20,2;20,1;20,2;20;20;19,6;19,9;19,5;19,8;19,6;19,4;19,6;19,3;20,5;19,8;19,2;19,8;19,3;19,9;19,9;20,2;19,6;19,5;20,1;20;19,8;20;20,1;19,8;20,1;20,2;19,8;20,1;19,5;19,6;19,9;19,8;19,4;20,121,1;21,2;21,2;21,1;20,8;20,8;20,6;20,7;20,7;20,8;20,8;21,2;21,5;21,4;21,1;20,7;20,2;20,4;20,8;20,8;20,9;20,7;21,1;20,8;20,1;20,4;20,9;20,9;20,8;21,1;20,8;20,7;21,2;21,2;21,2;20,9;20,5;20,7;20,6;20,9;21,1;20,8;21,1;21,2;21,4;20,9;20,9;21,1;20,8;20,7;20,4;20,7;20,9;20,5;20,4;20,4;20,4;20,4;20,6;20,8;20,6;20,5;20,9;21,1;20,9;20,9;21,1;20,8;21,1;20,4;20,8;20,7;20,5;20,7;21,5;20,6;20,6;20,7;19,9;21,1;20,7;20,5;21,1;20,8;20,5;20,6;20,6;20,7;20,7;21,2;20,7;20,7;20,5;20,6;20,4;20,6;20,7;20,9;21,4;20,9;20,6;20,5;20,4;20,5;20,9;20,7;20,6;20,6;20,4;20,4;20,6;20,7;20,6;20,1;20,1;20,6;20,5;20,2;20,1;20,4;20,1;20,4;20,5;20,4;20,6;20,6;20,2;20;20,2;20,2;20,2;20,1;20,2;20,5;20,5;20,4;20,5;20,5;20,2;20,1;20,5;20,2;19,9;20,4;20,6;20,4;20,5;20,7;20,6;20,5;20,4;20,6;20,6;20,5;20,1;20;20,4;20,4;20,1;20,4;20,4;20,6;20,5;20,4;20,5;20,2;20,4;20,8;20,6;20,4;20,6;20,6;20,4;20,1;20,5;20,5;20,1;20,2;20,4;20,4;20,1;20,2;20,4;20,4;20,2;20,2;20,5;20,2;20,1;20;20,6;20,8;21,4;22,7;26;27,1;27,6;27,3;27,1;27,3;28,8;30,4;31;31,2;31,7;31,8;31,4;31,3;31,5;31,3;30,9;31,3;31,8;32;32,1;32,5;32,5;32,2;32,7;32,6;33,1;33,3;32,5;32,7;32,6;32,7;32,6;33;33;32,8;32,6;33;33,3;33,1;32,8;32,9;32,8;32,6;32,9;33,1;32,8;33,1;33,3;33,1;32,9;32,8;32,8;32,9;33,1;33,3;33,2;33,1;33;33,3;33,4;33,6;33,6;33,2;33,2;33,6;33,4;33,4;34;33,8;34;34;34,3;34,2;34,4;34,5;34,9;35,4;35,6;35,1;35,6;36;36;35,4;36,1;36,3;37;36,3;36,9;37,4;37,7;37,6;38,1;38,5;38,8;38,6;38,7;39;39,2;39,6;40;40,4;40,6;40,9;41,1;41,3;41,8;42,2;42,5;42,7;43;43,9;44,9;45,1;45,8;46,4;47,7;48,7;50;51,3;52,7;54,6;56,7;58,2;59,6;61,6;63,7;64,9;66,7;68,1;69,3;69,3;69,1;68;66,8;65,4;63,2;61,4;59,5;57,7;56;54,1;52,3;50,8;50;48,7;47,8;46,8;45,8;45;44,5;43,9;43,6;43,1;42,7;42,2;41,7;41,7;41,6;41,2;40,9;40,6;40,4;40,1;39,9;39,5;39,3;38,8;39;38,8;38,4;38,6;38,9;38;38;37,4;37,8;37,1;36,9;36,6;36,9;36,7;36,4;36;36,3;36,1;35,8;35,5;35,6;35,7;35,5;35,1;35,1;34,9;35;34,7;34,4;34,2;34,1;34,1;34,2;34,1;34,1;34,5;34,3;34,2;34,2;34,1;34;34;34;34,2;34,3;34,2;34;34;33,9;34;34,4;34,3;34,5;34;34;33,6;34;34,3;34,3;34,2;34,5;33,8;34,5;33,6;34,6;33,6;33,9;33,9;33,7;33,9;33,5;33,5;33,2;34,2;33;33,5;33;32,1;31,8;31,6;32,1;31,8;32,2;32,2;32,4;32,1;32,2;32,5;32,1;32,1;31,7;31;30,7;29,2;28,9;28,6;27,7;27,6;27,4;25,6;23,6;22,5;21,2;20,5;20,4;20,6;20,8;20,8;20,6;20,5;20,8;20,7;20,4;20,4;20,6;20,7;20,7;20,8;20,6;20,8;20,7;20,7;21,1;20,4;20,2;20,6;20,2;20,1;20,7;20,9;20,5;20,5;20,6;20,6;20,2;20,5;21,2;20,8;20,1;20,2;20,4;20,2;20,5;20,6;20,4;20;20;20,6;20,6;20,4;20,4;20,5;20,8;20,5;20,4;20,5;20,2;20,7;20,7;20,2;20,6;20,5;20,2;20,2;20,6;20,7;20,5;20,2;20,2;20,4;20,2;20,2;20,2;20,1;20,5;20,2;20,1;20,1;20,4;20,5;20,5;20,7;20,4;20,4;20,4;20,1;20,4;20,7;20,4;19,8;20;19,9;19,6;20,1;20,5;20,2;20,4;20,5;20,6;20,6;19,9;19,8;19,8;20,5;19,9;20,5;20;20,4;20,5;19,5;20,1;20,4;20,2;20,5;20,4;20,6;20;20,2;19,9;20,5;20,4;20,1;20,5;20;20,1;20;19,9;20;19,9;19,5;20,1;20,2;20;20,1;20,2;20,2;20,1;20,4;20,4;20,1;20,1;20;20;19,9;20,1;20,1;19,6;19,3;20,6;20,1;20,4;19,8;19,8;20;19,9;20,4;20,5;20,5;20,4;20;20,2;20,2;20,1;19,8;20;20,2;19,9;19,9;20;20,1;20,5;19,9;19,8;20;20,4;19,6;20,1;19,520,9;20,9;21,1;21,2;21,4;21,9;20,8;20,7;20,6;20,9;21,4;20,8;20,5;20,4;20,6;20,9;20,7;20,5;20,8;20,7;20,7;20,2;20,4;20,5;20,7;20,6;20,9;20,9;20,2;21,1;20,6;20,8;20,5;21,1;21,5;21,1;20,9;21,1;20,8;21,2;21,1;20,9;20,9;21,2;20,9;20,7;20,7;20,6;20,8;20,9;20,7;20,8;20,9;20,9;20,9;20,9;20,5;20,9;20,9;20,8;20,4;20,6;20,7;20,7;20,5;20,8;20,4;20,8;20,5;21,2;20,7;20,8;20,9;21,1;20,5;21,1;20,8;21,1;21,2;20,7;20,7;20,7;20,7;20,7;21,1;20,6;20,8;20,9;20,8;20,9;20,8;20,7;21,1;20,9;20,7;20,6;20,5;20,5;20,6;20,9;20,7;20,7;20,6;20,5;20,6;20,9;20,7;20,6;21,2;20,9;20,6;20,6;20,6;20,6;20,5;20,6;20,5;20,5;20,7;20,9;20,8;20,7;20,8;20,8;20,8;20,6;20,5;20,8;20,7;20,4;20,4;20,2;20,4;20,8;20,2;20,2;20,6;20,2;20,2;20,2;20,4;20,5;20,6;20,4;20,4;20,4;20,6;20,8;20,4;20,4;20,7;20,9;20,8;20,6;20,5;20,5;20,5;20,4;20,4;20,4;20,6;20,7;20,5;20,6;20,6;20,6;20,5;20,4;20,2;20,2;20,6;20,7;20,1;20,2;20,7;20,1;20;20,4;20,4;20,1;20,4;20,7;21,1;20,8;20,4;20,8;20,9;20,5;20,6;20,7;20,7;20,4;20,8;23,1;26,1;27,1;26,8;27,1;27,2;27,8;28,7;30,6;31,2;31,4;31,5;31,8;31,8;31,7;31,4;31,5;30,9;31,2;31,4;31,5;32,2;32,8;33,1;33,3;32,6;32,6;33,1;32,6;32,9;33;32,9;32,9;32,9;32,7;33,2;33;32,9;33,3;33;33;33;32,8;32,9;33,1;33,1;32,8;33,1;33,1;32,8;32,7;32,7;33,1;33;33,1;33,3;33,5;33,5;33,3;33,2;33,1;33,4;33,2;33,4;33,6;33,6;33,5;33,8;33,9;33,8;34,4;34,1;33,6;34;34;34,7;35;34,7;35,5;35,3;35,4;35,4;36,2;35,9;35,7;36,6;36,2;37,2;37;37,2;37,7;37,8;38;38,3;38,3;38,2;38,4;39;39,2;39,2;39;39,3;39,5;40,1;40,9;41,1;41,2;41,3;41,7;42,3;43,1;43,3;43,9;44,2;45,1;45,9;46,8;47,7;49,5;50,5;52,1;53,8;55,9;57,4;59,2;61,3;63,5;66,1;68,1;69,9;71,3;72,2;72,1;71,8;70,6;69,6;67,6;64,8;62,8;60,7;58,6;56,6;54,9;52,9;51,2;50,5;49,2;47,6;46,9;46;45,1;44,6;44,1;43,7;43;42,8;42,5;41,8;41,7;41,3;41;40,9;40,6;40,5;40,4;40,1;39,5;39;39;39;38,5;38,2;38,7;38,2;37,6;37,8;37,6;37;37,6;36,4;36,4;36,9;36,8;36,3;36,3;35,7;35,9;35,6;35,6;35,6;35,5;35,3;35,3;35;35;35,1;34,7;34,6;35;34,4;34,3;34,5;34,6;34,6;34,4;34,2;33,9;34;34,3;34,3;34,4;34,2;34,3;34,3;34,1;34;33,9;34,2;34,3;34,1;33,8;34,3;34,2;34,4;33,8;34,1;34,2;33,9;34,7;34,2;34;34,5;34,5;34,4;34,4;33,5;33,7;33,4;33,6;33,4;32,9;33,6;33,6;33,5;32,8;33;32,4;32,4;31,5;31,5;32;32,1;32,1;32,6;32,1;32,5;32,8;32,4;32;32;30,9;30,7;29;28;27,9;27,5;27,4;27,3;26;23,9;22,3;21,4;21,2;20,8;20,4;20,6;20,9;20,5;20,4;20,5;20,6;20,7;20,4;20,5;20,9;20,8;20,8;20,9;20,7;20,5;20,6;20,7;20,4;20,5;20,7;20,7;20,4;20,1;20,2;20,6;20,5;20,1;20,4;20,7;20,6;20,2;20,6;20,8;20,5;20,6;20,9;20,8;20,8;20,6;20,6;20,6;20,5;20,6;20,6;20,2;20,4;20,6;20,6;20,5;20,5;20,7;20,5;20,5;20,4;20;20,5;20,7;20,2;20,5;20,4;20,1;20,2;20,2;20,1;20,1;20,4;20,4;20,4;20,2;20,4;20,5;20,5;20,6;20,5;20,4;20,7;20,1;19,8;20,2;20,6;20,4;20;20,5;20,1;20,2;20,5;20,2;20,5;20,5;20,8;20,4;20,1;20,4;20,8;20,4;20,4;21,2;20,7;20;19,6;20,1;20,1;20,6;20;19,8;20,4;20,4;20,4;20,5;19,9;20,5;20,4;19,6;19,9;19,9;19,8;20,2;20,7;20,6;20,6;20,2;20,1;20,5;20,5;20,6;20,7;20,4;20,6;20,8;20,1;19,8;20,2;21,1;20,9;20,7;20,4;20,1;20,4;20;20,4;20,8;20,7;20,1;19,8;20,1;20;19,6;19,8;20,4;19,9;20,1;20,4;20,1;20,5;20,1;20;19,9;19,9;19,9;19,9;20;20,2;20,5;20,2;19,9;20,4;20,7;20,2;20;20,1;20,1;20,120,9;20,8;21,1;20,8;20,7;20,8;20,9;20,9;20,6;21,1;21,2;21,1;20,7;20,7;20,9;20,7;20,4;20,7;20,7;21,1;20,6;20,9;20,5;20,8;20,6;20,7;21,2;20,4;20,6;20,8;20,7;20,1;20,9;20,9;20,8;20,7;20,7;20,8;20,6;21,2;21,4;20,9;20,7;20,9;21,1;20,8;21,1;20,9;20,6;20,5;20,5;20,6;20,7;20,8;20,5;20,7;20,8;20,9;20,7;20,7;20,1;20,7;20,7;20,6;21,2;20,8;20,7;20,7;20,6;20,5;21,1;20,5;20,9;20,7;20,8;20,8;20,7;20,4;20,7;21,1;21,1;20,4;20,4;20,2;20,4;20,6;20,9;20,7;20,7;20,8;20,6;20,5;20,7;21,1;20,9;20,6;20,8;20,6;20,9;21,4;21,1;20,9;21,1;20,5;20,5;20,9;20,7;20,5;20,6;20,7;20,6;20,7;20,7;20,5;20,5;20,7;20,9;20,7;20,6;20,4;20,2;20,4;20,5;20,5;20,2;20,2;20,5;20,5;20,6;20,7;20,6;20,2;20,6;20,4;20;20,2;20,1;20,4;20,5;20,5;20,4;19,8;20,1;20,5;20,4;20,1;20,1;20,2;20,4;20,5;20,5;20,4;20,5;20,7;20,8;20,7;20,4;20,5;20,9;20,8;20,7;20,7;20,6;20,4;20,1;19,9;20;20,6;20,7;20,5;20,6;20,6;20,5;20,1;20,2;20,2;20,5;21,1;20,7;20,4;20,5;20,4;20,5;20,8;20,6;20,5;20,2;20,7;20,6;20,4;20,2;20,2;20,8;22,7;25,6;26,8;27,1;26,6;26,3;27,7;29;30,8;31,1;31,3;31,4;31,3;31,1;31,6;31,5;31,2;31,5;30,8;31,4;32,4;32,6;32,6;32,4;32,9;33;33;33,1;32,2;32,7;33;32,7;32,8;32,6;33;33;32,2;32,5;32,7;33;32,9;32,2;32,8;33;33;32,7;32,7;32,6;32,9;32,7;32,2;32,8;32,9;32,8;32,7;32,7;32,9;33,2;32,8;33;33,2;33,1;32,9;32,8;33,1;33,5;33,4;33,7;33,7;33,5;34;33,6;34;34,2;33,4;34,6;34,9;34,7;34,9;35,2;35,4;35,5;35,7;36;35,8;36,2;36,5;36,8;36,9;36,7;37,4;37,7;37,8;38,3;38,1;38,2;38,6;39;39;39;39,2;39,8;40,1;40,5;40,4;40,8;41,1;41,3;41,8;42;42,7;43;43,8;44,3;45,1;45,8;46,8;48,1;49,6;51,1;52,3;54;56,1;58,4;61;62,8;65,5;68,3;70,7;72,3;74,1;74,6;74,3;74,6;73,8;72,1;70,1;67;64,3;61,7;59,5;57,3;55,4;53,7;51,7;50,4;49,2;48,2;47;46,1;45;44,2;44;43,3;42,8;42,5;41,9;41,5;41,1;41;40,7;40,8;40,3;40,2;39,9;39,8;39,4;39;39;38,8;38,9;38,7;38,2;38,3;38;37,6;37,4;37,2;37,2;37,1;36,8;36,4;36,5;36,1;35,9;36;35,4;35,5;35,4;35,2;35,1;34,9;35,2;34,7;34,7;34,4;34,6;34,3;34,3;34,3;34,2;34,3;34,2;34,1;34;34;33,8;33,7;33,9;34,2;34,2;33,8;34;34;33,9;34;33,8;33,9;34,3;34,4;34;33,9;33,6;34;34,1;33,5;33,6;34,1;34,5;33,2;34,1;34,1;34,1;34,2;33,9;33,8;34,2;33,6;33;33,1;33,6;32,9;33,4;32,9;32,8;32,2;32,7;32,1;31,6;31,3;31,4;31,7;31,8;32,4;32,5;32,6;32,7;32,1;31,8;31,5;31;30,3;29,2;28,5;28,1;27,7;27,6;27,4;25,6;23,8;22,8;21,6;20,8;20,6;20,6;20,8;20,7;20,5;20,5;20,6;20,8;20,5;20,1;20,7;21,1;20,7;20,6;20,2;20,4;20,4;20,7;20,5;20;20,2;20,4;20,4;20,4;20,5;20,8;20,7;20,1;19,9;20,1;20,5;20,2;20,2;20,7;20,9;20,6;20,4;20,6;20,6;20,2;20,1;20,2;20,5;20,6;20,4;20;20,6;20,7;20,8;20,7;20,1;20,2;19,9;19,8;20,4;20,6;20,9;20,7;20,6;20,6;20,7;20,2;20,4;20,7;20,4;20,4;20,5;20,6;20,7;20,1;20,2;20,2;20,2;20,2;20,5;20,5;20,2;20,2;20,2;20,2;20,2;20,4;20,1;20,2;20,4;19,9;20,2;20,2;19,9;20,2;19,9;20;20,4;20,4;19,6;20,5;20,5;20,2;20,2;20,2;20,2;20,5;20,1;20,7;20;20,1;20,4;19,5;20,1;20;20,4;20,4;20;19,9;20;20,2;20,2;20,1;20,1;20,5;20,6;20,2;20,4;20,2;20,5;20,5;20,2;20,5;20,1;19,9;20;20,1;20,1;20,2;20,2;20,1;20,7;20,4;20;20;19,8;20,4;19,3;19,9;19,3;20,5;19,6;20,4;19,6;20,5;20,5;19,9;20,5;19,8;20;19,9;19,5;20;20,2;19,6;19,8;20,2;20,1;19,8;19,6;19,6;20,2;20,6;20,6;20,5;19,6;20,4;20,1;19,320,9;20,6;20,2;20,5;20,4;20,7;20,7;20,5;20,4;20,1;20,4;20,7;20,5;20,4;20,5;20,2;20,1;20,4;20,8;20,7;20,4;20,5;20,8;20,8;20,4;20,2;20,6;20,6;20,9;20,2;20,5;20;20,2;20,2;20,5;20,4;20,2;20,4;20,4;20,4;20,4;20,5;20,6;20,6;20,2;20,2;20,6;20,6;20,6;20,8;20,5;20,6;20,8;20,6;20,7;20,8;20,8;20,4;20,5;20,7;20,6;20,8;20,6;20,6;20;20,7;20,2;20,6;21,1;20,6;20,4;20,6;20,9;20,6;20,4;21,4;20,6;20,5;19,9;20,2;20,8;20,6;20,2;20,1;20,6;20,5;20,5;20,1;20,5;20,9;20,7;20,6;20,5;20,4;20,4;20,5;20,4;20,1;20,6;20,5;20,4;20,2;20,4;20,6;20,7;20,5;20,6;20,5;20,4;20,2;20,4;20,2;20,2;20,5;20,5;20,2;20,1;20;20,4;20,5;20,4;20,6;20,6;20,2;20,1;20,5;20,7;20,2;19,9;20;20;20;20,4;20,2;20,1;20,2;20;20,2;20,4;20,4;20,2;19,9;19,8;19,8;20,1;19,9;20;20,2;19,9;19,9;20,2;20,2;20,1;20,2;20,5;20,6;20,5;20,4;20,1;19,5;19,5;20;20;20;20;19,6;19,4;19,9;20;19,9;20,2;20,6;20;20,1;20,5;20;20,5;20,5;20;20,2;20;19,8;20,1;20,5;20,5;20,5;20,2;20,1;20,2;20,2;20,5;20,5;20,6;22,2;25,1;27,1;26,6;27,2;26,3;27,5;28,1;29,9;30,5;31,3;30,9;31;31,2;30,8;30,8;30,7;30,2;30,4;31,3;32,7;31,3;32,2;31,7;32,5;32,2;31,5;32,2;32;32,2;32,1;32,6;32,9;32,7;32,6;32,1;32;32,5;32,7;32,6;32,5;32,7;32,7;32,2;32,2;32,4;32,4;32,1;32,4;32,8;32,7;32,1;32,5;32,6;32,6;32,9;33;33;32,9;33,1;33,1;32,9;32,8;33,1;33,5;33,1;33,4;33,2;33,3;33,5;33,2;33,7;33,5;34,1;33,8;34,3;34;34,2;34,4;34,7;35;35,2;35;35,6;35,1;36;36,2;36,2;36,4;36,7;37,1;37,2;37,6;38;37,9;38,2;38,2;38,5;38,8;39;39;39,2;39,6;40;40,5;40,6;40,6;41,1;41,4;42;42,7;42,8;43,3;44,2;45;45,4;46,5;47,7;49,7;51;52,4;54,5;56,6;58,5;61,4;64,2;67,5;69,9;72,7;74,9;76,3;77,4;77,4;76,9;75,6;74,2;72,3;68,7;65,6;63,1;60,2;57,7;55,9;53,5;51,6;50,4;49,2;47,8;46,5;45,5;44,8;43,9;43,3;42,7;42,3;42;41,5;41,2;40,9;40,8;40,5;40,6;40,2;40;39,8;39,2;39;38,5;38,7;38,9;37,9;38,3;38,4;37,5;37;37,5;37;36,8;36,7;36,5;36,6;36,4;36,3;36,4;35,5;35,4;35,7;35,1;35;34,7;35,2;34,7;34,4;34,6;34,4;34,2;34,6;34,4;33,9;33,9;33,8;33,8;33,8;33,9;33,8;33,7;33,6;33,6;33,8;33,6;33,7;33,9;33,7;33,5;33,8;33,8;33,8;33,6;33,8;33,8;33,5;33,8;33,6;33,5;33,8;33,5;34,4;33,9;33,9;33;33,4;33,7;33,9;33,3;33,3;33,7;33,2;33,1;33,5;33,5;32,7;32,8;33,4;32,8;32,5;32,1;31,5;31,4;31;31,8;32;31,4;31,5;32;32,2;31,8;31,6;31,4;31,4;31,1;30,8;30;29,2;28;27,3;27,3;27,4;26,7;25,2;23,4;21,8;20,5;20,2;20,4;20,1;20,4;20,7;20,7;20,6;20,2;20,4;20,4;20,1;20,1;20;19,8;20,2;20,8;20,6;20,6;20,5;20,2;20,1;20,4;20,1;19,8;19,6;20,1;20,5;20,6;20,4;20;20;20,4;20,2;20,2;20,2;20;19,9;19,9;20;20,6;20,5;20,1;20,4;20,2;20,4;20,4;20,1;20,4;20;20,2;20,4;20,5;20,2;19,4;19,8;20;20,1;20,6;20,7;20,4;20;20,5;20,6;20,2;20,1;20,4;20,1;20;20,5;19,9;19,8;20,4;20,2;19,9;19,8;19,6;19,8;20;20,5;20;20;20;20,1;20,1;20;20,4;20,1;20,5;20,5;19,8;19,6;20,2;20,5;19,8;20,1;19,9;20,1;19,8;19,5;19,3;19,9;19,8;20;19,8;19,9;19,4;20,1;19,6;20,2;19,5;19,8;19,4;20,4;20,8;20,2;19,5;19,8;20;19,6;20,2;20,1;19,8;20,1;20,1;19,8;20,1;20,1;19,9;19,5;19,5;19,8;19,9;20;19,9;19,8;19,6;19,9;20;20,1;20;19,4;20;20,9;20,1;19,5;19,9;20;19,8;19,4;20,1;20,6;19,8;19,6;20,1;20,1;20,2;19,9;19,8;19,8;20,5;20,2;19,8;20,1;20,4;19,9;19,6;19,6;19,6;20,2;19,6;19,6;20,1;19,5;19,6;19,820,9;21,2;21,1;20,4;20,1;20,5;20,5;20,7;20,2;20,5;20,5;20,2;20,2;20,5;20,7;20,8;20,7;20,6;20,9;20,5;20,1;20,7;20,7;20,4;20,6;20,5;20,8;20,6;20,7;20,7;20,6;20,2;20,4;20,4;20,9;20,9;20,5;20,6;20,6;20,7;20,8;20,8;20,6;20,6;20,7;20,9;20,8;20,4;20,5;20,7;20,8;20,8;20,8;20,8;20,6;20,8;20,7;20,7;20,5;21,4;20,7;20,2;20,4;20,8;20,6;20,7;20,2;20,7;20,5;20,4;20,4;20,5;20,8;20,2;20,7;20,6;20,8;20,6;20,1;20,8;20,5;20,1;20,6;20,7;20,6;20,5;20,4;20,6;20,5;20,1;20,4;20,7;20,7;20,6;20,5;20,6;20,6;20,2;20,1;20,1;20,6;20,7;20,4;20,2;20,5;20,5;20,7;20,5;20,2;20,2;20,1;20,1;20,1;20;19,9;20,2;20,4;20,4;20,4;20,2;20;20,2;20,4;20,1;20,4;20,6;20,4;20,4;20,1;20,1;20,5;20,2;19,8;19,9;20,2;20,1;19,9;20,2;20,1;19,9;20,1;20,1;19,9;19,9;19,8;19,9;20;20,2;20,2;20,2;20,2;20,4;20;20,1;20,4;20,6;20,7;20,6;20,6;20,1;20;20,2;20,4;20,1;20,2;20,4;20,1;20,2;20,4;19,8;20;20,7;20,6;20,1;20,1;19,9;20;20;20,4;20,2;20,2;19,9;20;20,5;20,1;20,2;20;20,5;20,4;20,4;20;19,9;20,7;22,7;25,6;27,2;26,5;26,5;27,4;27,5;28,9;30,3;30,7;30,7;31,6;31;31,2;31,5;30,8;31,5;30,7;30,9;31,3;32,5;31,6;32,2;32,1;32,1;32;32,5;33;32,4;32,5;32,5;32,6;32,6;32,6;32,6;32,7;32,8;32,8;32,6;32,7;32,9;32,6;32,6;32,6;32,5;32,5;32,5;32,6;32,9;32,7;32,6;32;32,2;32,5;32,7;32,7;32,7;32,9;32,8;32,7;33,1;32,9;33;33,3;32,9;33,3;33,3;33;33,6;33,4;33,6;33,2;33,7;33,6;33,7;34,6;34,2;34,2;34,6;34,6;35,1;35,1;35,1;35,7;35,3;35,8;35,9;36,6;36,5;36,8;37;37,5;37,7;38,1;38;38,1;38,4;38,6;38,6;38,8;39;39,1;39,3;39,6;40,3;40,8;40,9;41;41,5;41,9;42,2;42,8;43,7;44,3;45;45,6;46,8;47,7;49,5;51,1;53,3;55,1;57,4;59,9;62,8;66,1;68,9;72,3;74,9;76,5;78,2;79,4;79,7;79,4;78,3;76,2;73,7;70,7;67,4;64,2;61,1;58,6;56,2;54;52,2;50,6;49,1;47,6;46,5;45,5;44,9;44,2;43,7;43,1;42,5;42;41,7;41,6;40,9;40,9;40,7;40,4;40,1;39,9;39,4;39,1;39;39;38,6;38,4;38,3;38,2;37,7;37,4;37,5;37,5;37;36,7;36,5;36,2;36,7;36,1;36;36,1;35,4;35,6;35,2;35,1;34,9;35,2;34,2;34,5;34,4;34,2;34,4;34,4;34,3;34,3;34,3;34,1;33,9;33,7;33,9;34,3;34;34;33,7;33,3;33,5;33,7;33,9;34,2;34,3;33,8;33,1;33,2;33,5;33,7;34;33,5;33,7;34,1;34;33,5;34,2;33,6;33,7;34,4;34;33,6;33,7;33,8;33,5;33,9;33,7;33,7;33,2;33,5;33,7;33,4;33,1;33;32,7;33;32,6;32;31,3;31,2;31,6;31,4;31,8;31,8;32;32,1;31,6;31,7;32,2;31,8;31,6;31,3;31;30;28,8;28,2;27,6;27,7;27,4;26,7;25,3;23,4;22,1;21,1;20,5;20,2;20,4;20,2;20,2;20,4;20,5;20,6;20,4;20,2;20,2;20,1;20,4;20,4;20,2;20,4;20,5;20,2;20,4;20,2;20;20,6;20,7;20,4;20,4;20,5;20,4;20,2;20,2;20,1;20,1;20,5;20,5;20,2;20,4;20,2;20;20,2;20,5;20,8;20,5;20;20;20,1;20,4;20,1;20,1;20,4;20,1;19,8;19,9;20,5;20,6;20;19,9;20,2;20,2;20;20,2;20,5;20;20;19,9;19,9;20,1;20,2;20;20,2;21,1;20,6;20,2;20,2;20,4;20,4;20,1;20,4;20,2;20,2;20,5;20,1;19,8;20;19,9;20,1;20,5;20,4;19,9;19,9;20;20;19,6;20,4;20,5;19,8;20,2;19,9;20,4;19,8;19,8;20,4;20,1;19,9;20,1;20,1;20,4;20,2;19,9;19,8;20,4;20,7;20,2;20,2;20,4;19,9;19,9;19,3;20;20,2;20,5;20,1;19,6;19,9;20,1;20,1;19,9;20,4;20;19,6;19,8;19,9;19,8;19,8;20;20;20,1;20,1;20,1;20,7;20,2;20,1;19,9;20;20,1;20,6;20,1;20,4;20,2;20,1;19,6;19,9;20,1;19,6;19,9;20,2;20,2;20,4;20,1;19,6;19,8;20,1;19,8;19,9;20,1;19,9;19,6;20;20,2;20;20,4;20;20,4;19,8;20,5;20,4;20,920,9;21,1;20,9;20,2;20,4;20,5;20,9;20,7;20,6;20,6;20,7;20,8;20,6;20,5;20,6;20,5;20,7;20,7;20,5;20,5;20,2;20;20,2;19,9;20,7;20,1;20,2;20,6;20,6;20;20,7;20,5;20,8;20,5;20,6;20,6;20,5;20,4;20,7;20,8;20,8;20,5;20,5;20,9;20,9;20,6;20,5;20,6;20,5;20,8;20,7;20,2;20,6;20,8;20,8;21,1;20,6;20,7;20,8;20,2;20,1;20,7;20,2;19,9;20,8;20,5;20,1;20,4;20,6;20,5;20,4;20,4;21,1;20,6;20,2;20,5;20,7;20,2;20,7;20,9;20,6;20,9;20,9;20,8;20,8;20,8;20,7;20,8;20,9;20,7;20,6;20,4;20,4;20,6;20,7;20,6;20,4;20,2;20,5;20,5;20,2;20,2;20,2;20,5;20,5;20,7;20,6;20,4;20,6;20,6;20,5;20,5;20,5;20,2;20,1;20,2;20,4;20,1;20,4;20,8;20,4;20,4;20,4;20,7;20,7;20,2;20,1;20,4;20,4;20,1;20;19,9;20;20;20,1;20;19,8;20;20,1;19,9;19,9;20,1;20,5;20,9;20,8;20,4;20,4;20,4;20,4;20,7;20,5;20,4;20,6;20,6;20,5;20,4;20,2;20,5;20,2;19,8;20,1;20,7;20,4;19,9;19,9;20,2;20,4;20,2;20,4;20,4;20,6;20,4;19,9;20,1;20;20,1;20,2;20,4;20,5;20,2;20,2;20;20,1;20,2;20,1;20,4;20,2;20;20;20,1;20,1;20,4;21,1;22,6;25,4;26,1;26,4;27,1;27,3;27,3;28,5;30,4;30,6;31,1;31,3;31,2;31;31,2;31,2;31,3;30,9;30,7;31,4;32;31,8;32,4;32;32,1;31,8;32,1;32,2;32,9;32,4;32,7;32,6;32,6;32,7;32,7;32,6;32,6;32,8;32,9;32,8;32,8;32,7;32,8;32,2;32,2;32,6;32,6;32,4;32,4;32,5;32,4;32,5;32,6;32,4;32,5;32,6;32,5;32,9;32,9;32,6;32,7;32,8;32,9;32,9;32,7;33,1;33,4;33,1;33,5;33,4;33,2;33,4;33,9;33,9;33,4;33,6;33,9;34,1;34,7;34,7;35,4;35,3;35,3;35,2;35,8;35,9;36;35,8;36,7;36,7;36,8;37,2;37,1;37,7;37,7;37,9;38,2;38,5;38,5;38,6;38,9;39,1;39,4;40,2;40,3;40,5;41;41;41,2;41,8;42,3;42,8;43,4;44,1;44,9;45,5;46,9;47,7;49,9;51,6;53,5;55,1;57,7;60,6;63,9;67,4;70,2;73,6;76,1;78,3;80,1;81,2;81,9;81,1;80,2;78,1;75,5;72;69,1;65,5;62,3;59,1;56,7;54,3;52,3;50,4;49,2;47,8;46,9;45,8;44,9;44,2;43,6;42,9;42,3;41,8;41,5;41,2;40,9;40,5;40,1;40,5;40,1;40;39,8;39,1;39,1;38,8;38,8;38,2;38,4;37,6;38;37,7;36,6;37,6;36,6;36,8;37,1;36,6;36,6;36,1;36,1;36;35,5;35,5;35;35,2;35,4;35,1;35,1;34,9;34,5;34,3;34,4;34,5;34,3;34,2;34;33,7;33,5;33,5;33,6;33,5;33,7;34;33,8;33,5;33,4;33,6;33,8;33,8;34,2;33,9;33,7;33,7;34;33,9;33,7;33,6;34,1;33,6;33,6;33,9;33,4;33,4;33,1;33,7;33,9;33,6;33,9;33,5;33,4;33,7;33,3;33,4;33,5;33,6;33,6;33,3;32,8;32,9;33,4;32,4;31,8;32,7;31,4;31,8;30,9;31,3;31,5;31,3;31,8;32,5;31,8;32,4;32,6;31,8;31,5;31,1;30,5;30,1;29,1;28;27,5;27,5;27,6;26,8;25;23,4;22,8;21,8;20,4;20;20,4;20,5;20,2;20,2;20,7;20,8;20,4;20,1;20,4;20,2;20,5;20,6;20,4;20,7;20,4;20;19,9;20,2;20,4;20,6;20,2;20;20,5;20,5;20,2;20,5;20,4;20,4;20,6;20,6;20,4;20,5;20,4;19,9;20,1;20,2;20;20,2;20,1;20;20,2;20,7;20,6;20;20,2;20,2;19,8;19,8;19,6;20,1;20,5;20,2;20,2;20,1;19,8;20,1;20,4;20,5;20,1;19,3;19,4;19,6;19,9;20,4;20,6;20,1;19,9;19,9;19,6;19,9;20,1;20;20,2;20,1;19,9;20;20,1;19,9;20,5;20,5;19,8;19,9;20;20,1;19,8;20,1;20,1;20;19,6;20;20,4;20,1;20,4;20;20,5;19,9;20,4;20,4;20,2;19,8;19,9;20;20,4;19,9;20;19,8;19,9;20,4;19,9;20,1;20,8;19,4;20,2;19,6;20,2;19,8;20,2;20,4;20,1;19,8;19,5;20;19,9;19,9;19,9;19,9;20,2;20,5;20,2;20;20,2;20,4;20,2;20,1;20,4;20,4;19,8;19,5;19,6;20,1;20,7;20,7;19,2;20,2;19,6;19,6;19,9;19,6;19,9;20,5;20,2;19,8;19,5;20,2;20,6;20;20,4;20,7;20,5;20,6;20,5;20;19,8;19,9;19,9;19,9;20,2;19,6;19,9;19,8;19,6;19,3;20,521,1;20,6;20,6;20,1;20,4;20,4;20,4;20,5;20,5;20,7;20,7;20,4;20,2;20,2;20,4;20,5;20,1;20,1;20,4;20,5;20,7;20,5;20,7;20;19,9;20,2;20;21,2;20,9;20,1;20,7;20,5;20,5;20,4;20,7;20,5;20,6;20,9;20,9;20,5;20,4;20,5;20,8;20,8;20,8;20,8;20,7;20,2;20,2;20,6;20,7;20,5;20,5;20,4;20,6;20,4;20,6;20,8;21,1;20,5;20,1;20,4;20,6;20,4;20,1;20,2;20,1;20,8;20,7;21,1;20,4;20,7;21,1;20,9;20,5;20,2;20;20,5;20,4;20,2;20,7;20,4;20,2;20,8;20,9;20,6;20,6;20,5;20,4;20,8;20,6;20,4;20,6;20,7;20,6;20,4;20,5;20;20,5;21,1;20,9;20,5;20,2;20,2;20,4;20,6;20,5;20,2;20,6;20,4;20,1;20,1;20,2;20,5;20,1;20;20,4;20,4;20,4;20,5;20,2;20,6;20,8;20,2;20,2;20;20;20,2;20,4;20,4;20,2;20,1;20,1;20,2;20,1;20,1;20,2;20,1;20;19,9;19,9;19,9;19,9;19,8;20,4;20,1;20;20,1;19,9;19,9;19,8;20,1;20,2;20;20,2;20,5;20,1;19,9;20,1;20,2;20,5;20,4;20,4;20,1;20,4;20,2;20;20,2;20,4;20,2;20;20,1;20,2;19,9;19,9;20,1;20,2;20,2;20,7;20,8;20,5;20,2;20,1;20;20,2;20,5;20,1;20,1;19,8;20,2;20,1;19,8;20,9;22,8;25;26,2;26,6;26,8;26,7;27,2;27,9;29,9;30,8;31;30,6;31,3;31,1;30,8;30,5;30,8;30,6;30,8;30,9;31,7;31,3;31,6;32,1;32;32,4;32;32,8;32,4;32;32,6;32,5;32,4;32,1;31,7;32;32,4;32,7;32;32,4;32,4;32,1;32,5;32,5;32,6;32,5;32,6;32,1;32,2;32,5;32,4;31,8;31,7;32,1;32,4;32,4;32,5;32,5;32,9;32,6;32,2;32,6;32,7;32,7;33;33;32,9;33;33,1;33,1;33,3;33,9;33,3;34;33,5;34,2;33,7;33,8;34,3;34,6;34,6;35;35,2;35,1;35,3;35,5;36,1;36,3;36,3;36,6;36,5;36,9;37,2;37,4;37,1;37,4;37,6;38;38,4;38,9;38,8;39;39,3;39,8;40,2;40,5;40,7;40,7;41,1;41,7;42,5;42,7;43,2;44;45;45,7;46,9;48,2;49,7;51,5;53,3;55,2;58,4;60,9;64,8;67,9;71,3;74,2;77,1;79,5;81,8;82,9;83,1;82,4;81,8;79,2;76;73,1;69,8;66,4;62,9;59,8;56,5;54,3;52,5;50,6;49,1;47,8;46,3;45,2;44,3;43,9;43,5;42,8;42,3;41,8;41,4;41,2;41,1;40,5;40,3;40,1;39,5;39,6;39,3;38,9;38,7;38,4;38,8;38;37,8;38;37,4;36,4;36,4;37,1;37;37;36,3;36,1;36;36,1;35,7;35,5;35,5;35,3;35,3;35;34,5;34,7;34,9;34,3;34,3;34,1;33,8;33,7;34;34;34,1;34,2;33,9;33,6;33,5;33,5;33,7;33,7;33,9;33,9;33,4;33;33,3;33,6;33,5;33,6;33,7;33,9;33,3;33,3;33,7;33,4;33,7;34;33,5;33,6;33,4;32,9;33,6;33,5;33,6;33,1;33,4;33,3;33,6;33,5;33,5;33,4;33,3;33,4;33,6;32,8;33,1;32,8;32,6;32,6;32,4;31,6;31,5;31,1;31,1;31,6;31,3;31,2;31,5;31,4;31,6;31,6;31,8;32;31,4;31;30,5;29,7;28,8;27,8;27,5;27,5;27,5;26,6;25,1;23,1;22,1;20,9;20,4;20,4;20,5;20,5;20,1;20;20,5;20,4;20,4;20;20;20,2;20,4;20,1;20,1;20;20,1;20,5;20,4;20,1;20,1;20,8;20,7;20,2;20,4;20,4;20,6;20,5;20,1;20;20;20,2;20,4;20,2;20;20,1;20,2;20,1;20;20,2;20,1;19,9;20;20,5;20,6;20,1;19,6;19,5;19,5;20;19,8;20,1;20,2;19,8;20;20,1;19,9;19,9;19,9;20;20,4;20,2;20,1;20;20,1;20,4;20;20;20,1;20;19,6;19,6;20,2;20,2;20,2;20,4;20;19,5;19,5;20;20,2;20;19,9;20;20,4;20,6;19,9;19,6;20,2;20,1;19,9;20,1;20,4;20,1;20;19,5;20,4;20;20,1;19,3;19,9;19,9;19,8;20,4;19,6;20,4;19,6;19,6;19,9;19,6;20,1;20,1;19,6;19,4;20,7;19,8;19,8;20;20,1;20,1;20,2;19,8;19,9;20;20;20,4;20;19,5;19,9;20,2;19,9;19,9;20,1;20;20,2;20,1;19,8;19,9;20,1;19,9;19,5;20,2;20,2;20;20,1;19,6;20,4;19,6;19,6;20,4;20;19,6;20;20;19,6;19,8;20,1;19,9;19,9;20,1;19,9;19,9;19,9;20,1;20,4;20;19,8;19,8;19,9;19,5;19;20;20,2;19,9;20,420,9;21,2;21,2;20,9;20,8;21,4;20,9;21,4;20,7;20,7;21,1;20,8;20,2;20,1;20,4;20,7;20,7;20,5;20,6;20,7;20,6;20,1;20,6;20,2;20,4;20,2;20,4;20,6;20,5;20,9;20,5;20,7;20,9;20,9;20,5;20,7;20,7;20,7;20,5;21,1;20,9;20,4;20,8;21,2;20,8;20,4;20,2;20,5;20,8;20,9;20,7;20,8;20,9;20,8;20,6;21,1;20,5;20,7;20,9;20,9;20,9;20,6;21,1;20,5;20,2;20,8;21,2;20,7;20,7;20,4;20,9;20,9;20,6;20,6;20,6;20,7;20,5;20,1;20,1;20,1;20,6;20,7;20,6;20,5;20,8;20,6;20,7;20,8;20,5;20,8;20,8;20,5;20,7;20,9;20,8;20,8;20,8;20,5;20,2;20,4;20,9;21,2;20,9;20,8;20,8;20,6;20,6;20,5;20,6;20,5;20,4;20,5;20,6;20,6;20,4;20,4;20,6;20,4;20,7;20,9;20,6;20,5;20,6;20,1;20,1;20,7;20,4;20,5;20,7;20,7;20,5;20,2;20,4;20,5;20;19,8;20,5;20,6;20,2;19,9;20,1;20,5;20,2;20,1;20,4;20,4;20,2;20;20,2;20,5;20,1;20,1;20,7;20,5;20,4;20,2;20,2;20,4;20,2;20,6;20,7;20,5;20,5;20,2;20,1;20,2;20,1;20;20;20,2;20,6;20,7;20,5;20,4;20,5;20;20,2;20,2;20,5;20,4;20,2;20;20;20,4;20,6;20,6;20,5;20,7;20,2;20,7;20,6;20,4;20,5;22,9;25,8;26,7;27,3;26,5;26,4;26,7;28;30,2;30,6;31,7;31,6;31;31,1;30,6;31,4;30,6;30,9;30,8;31,1;32,6;31,3;32;32,5;32,2;32,2;32,8;32,6;32;32;32;32,4;32,5;32,4;32,8;32,9;32,5;32,4;32,5;33,1;32,6;32,6;32,5;32,4;32,5;32,5;32,7;32,6;32,5;32,7;32,8;32,4;32,5;32,6;32,6;32,5;32,7;32,7;32,7;32,9;32,6;32,8;32,8;32,9;33;32,8;33;33;33,5;33,1;33,3;33,5;33,4;34;33,4;33,6;34,3;34,4;34,5;34,4;34,6;35;35,3;35,3;35,7;35,6;36,1;35,9;36,1;36,6;36,9;37,1;37,6;37,8;37,8;38;38,3;38,5;38,7;38,8;38,9;39,2;39,5;39,9;40,3;40,5;40,8;41;41,2;41,3;42,2;42,7;43,3;44,1;44,7;45,5;46,8;48;49,3;51,3;53,4;55,5;58,4;61,3;65,5;68,4;71,8;75,1;78,1;80,5;82,4;84,2;84,1;83,7;81,9;79,8;76,7;73,8;70,2;66,8;63;59,7;56,9;54,4;52,5;50,5;49,2;47,7;46,2;45,3;44,6;43,8;43,4;42,8;42,2;41,6;41,3;41,1;40,7;40,8;40,3;40,2;40;39,3;39,5;39;39,2;38,9;38,2;38,4;38;37,9;37,8;37,6;37;37,5;36,7;36,5;36,9;36,1;36;36,2;36;36;35,2;35,7;35,1;35,3;35,1;34,7;34,9;34,7;34,2;33,9;34,1;34,3;34,4;34,1;33,8;33,7;33,8;33,9;33,6;33,7;34;34;33,9;33,3;33,3;33,5;33,6;33,6;33,8;33,8;33,6;33,6;33,6;33,6;33,3;33,8;33,8;33,9;33,5;33,1;33,7;33,3;34,4;33,3;33,5;33,4;33,5;33,7;33,4;33,9;33,7;33,9;33,7;33,3;33,3;33,4;32,9;33,1;33,2;33;32,2;32,6;31,5;31,7;30,6;31,8;31,7;31,8;32,4;32;31,8;31,8;31,7;31,5;31,6;31,4;30,9;30,1;29;28,2;27,8;27,7;27,4;26,8;25,4;23,5;22,2;20,8;20,6;20,7;20,7;20,6;20,2;20,1;20,7;21,1;20,7;20,4;20,4;20,4;20,1;19,8;20,2;20,5;20,5;20,9;20,8;20,8;20,6;20,7;20,8;20,6;20,6;20,5;20,5;20,5;20,6;20,6;20,5;20,4;20,1;20,4;20,4;20,5;20,6;20,4;20,6;20,8;20,6;20;19,9;20,1;20,5;20,4;20,2;20,2;20,2;20,1;20,2;20,6;20,4;20,1;20,1;20;20,2;20,4;20,4;20,6;20,7;20,6;20,1;19,9;20,4;20,4;20,1;20;20;20,2;20,2;19,9;19,8;20;20,1;20,6;20,6;20,4;20,5;20,6;20,7;19,9;19,8;20,4;20,7;20,5;20,4;20,2;20;20,2;19,4;19,8;20,1;20;20,6;20,4;20,8;20,2;20,1;19,5;20,7;20,1;20,1;20,6;20;20,2;20,2;20,2;20,9;20,4;19,8;20,1;19,9;20,4;20,1;19,9;20,2;20,1;20,4;20,4;20,1;20;20,2;20,5;20,6;20,2;20,4;20,1;20,1;20,6;20,7;20,4;20,4;20,2;20;20;20,1;20,4;20;19,8;20;19,6;20,1;20,5;19,6;20,4;20;19,8;20,5;19,9;19,4;19,9;20;19,6;19,8;19,9;19,9;19,8;19,6;20,2;20,1;20;20;19,8;19,6;20;20,1;20,5;20,9;20,2;20;19,8;20,4;19,8;19,420,9;20,8;20,9;21,1;20,2;20,5;20,7;20,6;21,2;21,5;21,2;21,4;20,9;20,4;20,6;20,6;20,6;20,8;20,7;20,4;20,7;20,5;20,7;20,8;20,6;20,7;20,8;20,6;20,5;20,7;21,4;20,6;20,9;20,5;20,5;20,7;20,6;20,8;21,1;21,1;20,7;20,4;20,7;20,8;21,1;21,1;20,9;20,9;20,8;21,1;21,1;20,8;20,6;20,7;20,7;20,7;20,9;20,6;20,6;20,7;20,8;20,9;20,7;20,6;20,8;20,2;20,2;20,8;20,7;20,5;20,7;20;21,2;20,4;20,6;20,7;20,9;21,4;20,2;20,9;20,7;20,8;20,5;20,6;20,8;20,8;20,7;20,6;20,9;20,7;20,8;20,8;20,9;21,4;20,9;20,7;20,5;20,2;20,6;20,7;20,9;20,8;20,9;20,6;20,2;20,5;20,8;20,9;20,8;20,5;20,2;20,6;20,8;20,7;20,8;20,7;20,8;20,7;20,5;20,2;20,1;20,5;20,4;20,4;20,6;20,4;20,1;20,1;20,5;20,4;20,2;20,5;20,6;20,5;20,5;20,2;20,4;20,8;20,6;20,6;20,4;20,7;20,6;20,2;20,6;20,8;20,4;20,1;20,6;20,4;20,1;20,4;20,6;20,2;20;20,2;20,8;20,7;20,4;20,1;20,1;20,6;20,6;20,6;20,6;20,5;20,2;20,4;20,5;20,2;20;20,6;20,6;20,1;20,1;20,4;20,4;20,5;20,5;20,6;20,7;20,1;19,9;20,5;20,4;20,5;20,4;20,1;20,1;20,5;20;20,5;20,8;23,1;26;26,7;26,7;27,2;27,3;27,6;28,7;30,4;30,7;31,2;31,3;31,3;31,4;31,4;31,2;30,9;30,8;31,5;31,7;32,1;31,8;32,7;31,7;32,5;32,4;32,6;32,5;32,1;32,5;32,4;32,7;32,5;32,8;32,8;32,5;32,7;33;32,4;32,2;32,2;32,8;32,5;32,5;32,6;32,6;32,4;32,5;32,7;32,4;32,6;32,6;32,5;32,6;32,6;32,6;32,6;32,5;32,4;33;33,2;32,9;32,6;32,8;33,3;33,4;33,3;33,3;33,6;33,3;33,2;33,1;33,6;33,6;33,9;33,9;34,5;34,5;34,5;34,5;34,3;35,1;34,7;35,5;35,5;35,6;35,9;35,9;36,1;36,7;36,8;37;37,1;37,8;38,2;38,1;38;38,4;38,6;38,3;38,8;39,2;39,3;39,3;39,6;40,4;40,7;40,8;41,2;41,9;42,7;42,8;43,3;43,9;44,9;45,8;46,6;47,7;49,9;51,7;53,6;55,8;58,6;61,5;65,6;68,3;71,8;75,6;78,4;80,7;82,7;84,3;84,3;83,9;82,6;80;76,5;73,5;70;66,8;63,5;59,6;56,7;54,4;52,1;50,3;48,6;47,7;46,5;45,4;44,6;43,8;43,1;42,6;42;41,7;41,2;41;40,7;40,5;40,3;40;39,9;39,5;39,4;39,3;39,1;38,3;38,3;38,3;38;37,9;37,5;37,7;37,4;36,8;37,4;36,6;36,8;36,4;36;36,3;35,8;36,4;35,3;35,4;35,1;35,1;35;34,7;34,7;34,4;34,3;34,3;34,3;34,1;34,1;34,3;34,1;33,9;33,8;33,8;33,8;33,8;33,7;33,5;33,2;33,5;33,5;33,5;33,7;33,8;33,7;33,4;33,4;33,5;33,8;33,7;34;33,6;33,5;33,9;33,4;33,1;33,8;33,5;33,9;33,9;34;33,8;33,7;33,8;33,7;33,7;33,3;33,6;33,2;32,8;33,3;33,2;32,8;32,7;32,8;32,7;32,8;32,1;31,7;31,7;31,2;31,7;32,1;31,7;31,6;31,8;31,7;32,2;32,4;31,5;31,2;31,2;31,1;30,4;29,2;28,2;28;27,8;27,2;26,5;25,3;23,7;22,3;21,2;20,4;20,5;21,2;20,9;20,4;20,6;20,6;20,5;20,6;20,5;20,1;20,5;20,8;20,8;20,6;20,6;20,9;20,9;20,7;20,7;20,7;20,8;20,5;20,4;20,6;20,7;20,9;20,5;20,2;20,6;20,6;20,7;20,5;20,7;20,6;20,1;20,4;20,5;20,8;20,9;20,5;20,1;20,4;20,5;20,7;20,9;20,4;20,1;20,1;20,4;20,5;20,7;20,7;20,1;20,4;20,6;20,4;20,4;20,4;20,6;20,7;20,4;20,2;20,2;19,9;20;20,5;20,4;20,5;20,4;20;20,4;20,5;20,4;20,5;20,4;20,4;20,1;20;20,2;20,5;20,2;20,2;20;20,1;20,4;20,2;20,1;20,5;20,1;20,2;20,5;20,6;20,1;19,9;20;20,6;20,8;20,9;20;20,4;20,2;19,9;19,8;20,2;20,8;20,4;20,1;20,8;19,9;19,8;20,2;20,4;20,8;20,8;19,9;20,5;20;20,6;20,4;20,5;20,6;20,5;20,4;20,4;20,5;20,4;20,5;20,2;20,4;20,6;20,2;19,9;19,9;20,1;20,2;20,1;20,5;20,4;20,1;20,1;20,1;20,4;20,4;19,8;20,2;20;20,6;20;20,5;20,7;19,9;20,2;20,2;20,1;20,1;19,9;20,1;20;20,2;20,1;20,1;20,6;20,5;19,9;19,8;19,9;20,2;20,4;19,6;19,8;20,1;20,1;19,8;19,921,1;20,8;21,1;20,7;21,2;21,4;21,4;21,6;21,1;21,1;21,2;21,1;20,5;20,4;20,8;20,8;20,6;20,9;20,9;20,7;20,8;21,2;20,9;20,6;20,6;20,7;21,2;20,9;20,9;20,8;21,1;20,9;20,5;20,5;20,5;20,5;20,8;20,8;20,8;20,9;20,9;20,8;21,1;21,2;21,2;21,1;20,8;20,7;20,7;20,9;20,8;20,6;20,9;21,2;21,1;21,2;21,2;20,9;21,1;21,1;20,5;20,8;21,5;20,8;20,8;21,1;20,8;21,2;20,9;20,7;21,1;20,8;20,8;21,4;21,4;20,9;20,8;20,6;20,9;20,5;20,8;21,5;20,9;20,6;21,1;20,9;20,6;20,7;20,8;21,1;20,6;20,8;21,4;21,2;21,1;20,7;20,4;20,6;20,4;20,6;20,8;20,8;20,9;20,9;20,7;20,8;20,9;20,8;20,8;20,9;21,1;20,8;20,7;20,8;20,8;20,8;20,7;20,7;20,5;20,5;20,2;20,5;20,6;20,7;20,6;20,5;20,7;20,9;20,8;20,6;20,5;20,5;21,1;21,2;20,5;20,6;20,6;20,9;20,9;20,5;20,4;20,1;20,1;20,2;20,5;20,7;20,9;20,9;20,6;20,2;20,2;20,2;20,1;20,4;20,6;20,6;20,7;20,6;20,4;20,4;20,7;20,8;20,4;20,6;20,5;20,6;20,4;20,4;20,7;20,5;20,4;20,7;20,6;20,2;20,4;20,5;20,7;20,5;20,5;20,4;20,2;20,2;20,5;20,7;20,6;21,2;20,2;20,2;20,4;20,2;20,6;20,7;21,1;23;26;27,1;27,2;27,3;27,3;27,6;28,8;30,8;31,3;31,4;31,4;31,7;31,6;31,4;31,1;31;31;31,5;32,1;32,2;32,2;32,6;32,6;32,5;32,8;32,8;32,2;32,1;33,1;32,5;32,8;32,5;32,5;32,6;32,9;33;32,4;32,6;32,6;32,8;32,4;32,9;32,9;32,9;32,8;32,5;32,4;32,5;32,5;32,6;32,7;32,9;32,6;32,4;32,4;32,5;32,9;33,1;32,8;32,8;33,1;32,9;32,6;33,4;33,4;33,5;33,5;33,1;33,5;33,4;33,8;33,5;34,3;33,8;34,1;34,3;34,9;34,6;34,7;35;35,4;35,1;35,1;35,3;36,1;35,8;36,4;36,7;36,7;36,9;37,1;37,4;37,4;37,6;38;38,2;38;38,4;38,8;38,9;39,2;39,3;39,6;40,1;40,4;40,7;40,9;41,3;41,7;42,3;42,7;43;43,9;44,6;45,2;46,9;47,6;49,3;51,4;52,9;55,5;58,2;61,4;65;68,5;71,6;74,7;77,6;80,5;82,4;83,3;83,8;83,4;82;79,8;76,5;73,3;69,9;66,5;62,8;59,8;56,8;54;52,1;50,5;49,2;47,7;46,2;45,2;44,3;43,8;43,4;42,9;42,4;42,2;41,5;41,2;40,9;40,5;40,2;40,1;40,1;39,9;39,4;39,3;38,8;38,3;38,5;38,1;37,9;38;37;37,7;37;37,6;36,9;36,8;36,8;36,8;36,3;35,6;36,2;35,7;35,7;35,5;35,5;35,4;34,7;34,6;35;35;35,1;34,7;34,1;34,2;34;34;34,1;34,1;33,7;33,7;33,8;33,8;33,6;33,5;33,4;33,6;33,8;33,9;33,8;33,7;33,6;33,6;33,7;33,8;33,6;33,4;33,6;33,4;33,7;33,8;33,9;34;34;33,5;34;33,7;34,4;33,7;33,7;33,8;33,6;33,6;33,2;33,6;33,4;33,7;33,5;33;33,4;33,2;32,8;32,9;32,8;32,6;32,6;31,6;31,3;31,6;31,5;32;32;31,6;32;31,8;31,8;31,5;31,6;31,5;31;30,6;29,4;28,5;27,8;27,6;27,5;26,8;25,6;23,6;22,5;21,5;20,9;20,8;21,1;21,4;20,9;20,7;21,4;20,9;20,8;20,6;20,4;20,5;20,7;20,8;20,9;21,1;20,7;20,6;20,9;20,9;20,7;20,8;20,8;20,4;20,2;20,7;20,6;20,9;20,7;20,7;20,8;20,7;20,5;20,8;21,1;20,8;20,7;20,5;20,7;21,1;20,6;20,2;20,4;20,7;21,1;20,8;20,5;20,2;20,2;20,5;20,5;20,7;20,8;20,4;20,4;20,8;20,7;20,7;20,5;20,1;20,6;20,5;20,2;20,1;20,2;20,6;20,6;20,1;20,4;20,7;20,6;20,5;20,5;20,1;20,1;20,1;20,1;20,2;20,8;20,9;20,4;20;19,9;20,4;20,6;19,9;20,1;20,4;20,4;20,7;20,4;20,2;21,4;21,1;20,2;20,1;20,4;20,1;20,7;19,8;20,1;20,8;20,5;20,5;20,9;20;20,2;20,2;20,2;20;20,9;20,5;20,9;20,4;20,6;19,4;19,8;20,2;20,7;20,6;20,8;20,6;20,2;20,2;20,2;20,7;20,1;20;20,4;20,4;20,5;20,5;20,6;20,7;20,5;20,4;20,1;20,2;20,5;20,4;20,6;20,5;20,5;20,4;19,9;21,1;20;20,2;20,4;21,4;20,2;19,5;20,9;20,4;20,1;20,4;20,4;19,9;19,9;19,9;20;20,4;20,1;20;20,2;20,4;20,2;20;19,9;19,9;20,2;20,6;20,4;19,9;2020,9;21,4;20,5;21,5;21,4;21,4;20,6;21,1;20,9;20,8;21,2;20,9;20,8;20,8;20,9;20,8;20,5;20,7;20,6;20,7;20,8;20,9;20,8;21,1;20;20,8;20,7;20,7;20,9;20,6;20,9;20,6;20,7;20,7;20,5;20,4;20,7;21,1;20,6;20,9;20,9;20,7;20,8;21,5;21,4;20,8;20,7;20,7;20,7;20,9;21,1;21,1;20,9;20,9;20,7;20,6;21,4;21,2;20,5;20,7;21,4;21,1;20,9;21,1;20,9;21,1;20,8;20,6;21,4;20,5;20,7;20,6;21,5;20,8;20,9;20,8;20,4;20,5;20,6;20,5;20,6;21,4;21,4;20,8;21,2;20,8;20,8;20,6;20,9;20,7;20,2;20,2;20,6;20,9;20,9;20,6;20,8;20,8;20,6;20,8;20,9;20,7;20,9;20,8;20,2;20,5;20,4;20,1;20,6;20,8;20,7;20,7;20,7;20,4;20;20,5;20,8;20,2;20,2;20,8;20,7;20,7;20,8;20,6;20,6;20,6;20,5;20,8;20,7;20,2;20,1;20,5;20,5;20,5;20,5;20,1;20,4;20,5;20,5;20,2;20,1;20,2;20,5;20,6;20,5;20,4;20,4;20,4;20,1;20,5;20,5;20,2;20,5;20,2;20,2;20,5;20,6;20,4;20,2;20,5;20,7;20,7;20,2;19,9;20,1;20,6;20,7;20,6;20,8;20,7;20,5;20,6;20,5;20,5;20,4;20,4;20,5;20,6;20,7;20,5;20,2;20,5;20,2;20,4;20,5;20,6;20,5;20,7;20,6;20,5;20,2;20,4;20,9;22,8;25,7;26,5;27,2;27,3;27,3;27,2;28,5;30,8;30,3;31,4;31,4;31;31,5;31,2;31,2;30,8;30,7;31,3;31,3;32,5;31,5;32,2;32,1;32,1;32,5;32,4;31,8;32,1;32,1;32,2;32,7;32,5;32,5;32,4;32,5;32,2;32,5;32,7;32,6;32,7;32,7;32,6;32,7;32,4;32,2;32,7;32,7;32,5;32,2;32,5;32,4;32,4;32,4;32,6;32,6;32,5;32,7;32,8;32,8;32,8;32,8;32,9;32,8;32,5;32,8;32,8;33,1;33;33,6;33,6;33,5;33,6;33,4;33,4;34;33,9;34,7;34,6;34,5;34,4;34,9;35,2;34,9;35,4;35,8;35,9;35,8;36,5;36,2;36,4;37,2;37;37,6;37,8;37,8;37,9;38;38,4;38,8;38,7;39;39,1;39,4;40,2;40,5;40,4;40,6;41,1;41,3;41,9;42,5;43;43,7;43,9;45,1;46,4;47,5;48,8;50,7;52,7;54,9;57,5;60,6;64,5;67,6;70,7;73,8;76,5;79;80,5;81,9;82,2;81,9;80,1;78,2;75;72,1;68,9;65,8;62,1;58,6;56,1;54;51,7;50,2;48,5;47;45,9;44,9;44,1;43,6;42,9;42,2;41,9;41,7;41,4;40,9;40,7;40,9;40,3;39,9;39,5;39,4;39,1;39;38,5;38,3;38,9;37,8;37,8;37,7;37,4;37,2;37;36,5;37;36,2;36,7;36,3;35,9;36;36;35,5;35,8;34,9;35;35,1;34,7;34,7;34,4;34,5;34,2;33,8;33,9;34,2;34,2;34,1;34;34;33,7;33,7;33,8;33,8;33,8;33,6;33,8;33,8;33,4;33,2;33,4;33,5;33,6;33,3;33,4;33,3;33,5;33,8;33,7;33,6;33,9;33,8;34;33,5;33,3;33,2;34,1;33,5;34;33,3;33,4;34;33,2;33,1;33,7;33,7;33,8;33,7;33;33;32,9;33,4;33,2;33,7;33,1;32,6;32,1;31,3;31,2;31,8;31,7;31,8;31,4;32,2;31,8;31,5;31,5;31,5;31,1;30,6;30,5;30,1;28,9;28,1;27,9;27,7;27,5;26,7;25,3;23,5;22,3;21,5;20,8;20,8;20,8;20,7;20,6;20,5;20,8;20,8;20,8;20,6;20,5;20,6;20,6;20,4;20,7;20,9;20,9;20,9;20,6;20,4;20,1;20,2;20,9;20,8;20,4;20,7;20,8;20,7;20,5;20,8;20,6;20,6;20,8;20,7;20,5;20,2;20,2;20,7;20,8;20,5;20,5;20,5;20,4;20,4;20,4;20,4;20,1;20,7;20,8;20,6;20,5;20,6;20,4;20,4;20,4;20,6;20,6;20,2;20,2;20,6;20,8;20,6;20,6;20,7;20,4;20,4;20,5;20,5;20,7;20,6;20,1;20,2;20,4;20,1;20,4;20,6;20,2;20,5;20,6;20,6;20,7;20,7;20,6;20,6;20,7;20,7;20,6;20,6;20,2;20,1;20,4;20;20,7;20,4;20,5;20,1;20,2;20;20,8;20,2;19,9;20,6;20,2;20,2;20,2;19,9;19,9;19,8;20,1;20,6;20,7;20,6;20,5;20,2;20,1;20,2;20,8;20,6;20,5;20;20,4;20,6;19,9;20,4;20,5;20,1;20,4;20,4;20,2;20,4;20,4;20,7;20,7;20,4;20,5;20,1;19,9;19,9;20,2;20,5;20,4;20,9;20,2;19,8;20,7;20,6;19,6;20,2;19,9;19,8;20,5;20,5;20,5;20;20;20,1;20,1;20,2;20,2;20,2;20;20,2;20,5;20,2;19,9;20;19,9;19,8;20,2;20,2;20,1;19,3;20,1;19,8;20,220,9;20,8;21,4;20,5;20,7;20,8;20,9;21,4;20,9;20,6;20,8;20,8;20,7;20,5;20,7;20,9;20,4;20,7;21,2;21,2;20,8;20,9;20,9;20,7;20,8;20,4;21,1;21,1;20,9;20,6;20,7;20,4;20,6;20,6;21,1;20,9;20,7;20,9;20,8;21,4;21,2;20,8;20,7;20,9;21,2;21,2;21,2;20,8;20,8;21,1;20,9;20,6;20,5;20,8;21,2;21,4;21,5;20,9;20,8;20,8;20,8;20,8;20,8;21,2;21,5;20,7;21,1;20,8;20,9;20,9;20,8;21,5;21,5;20,8;20,9;21,2;21,2;20,8;20,8;21,2;21,6;20,9;20,8;20,7;20,5;20,5;21,2;20,7;20,9;20,8;20,5;20,6;20,9;21,2;21,2;20,9;20,8;20,8;20,8;21,1;21,2;20,5;20,5;21,1;20,9;20,8;20,5;20,8;20,9;20,6;20,7;20,7;20,8;20,9;20,6;20,9;21,2;20,8;20,5;20,6;20,6;20,7;20,6;20,5;20,8;20,7;20,5;20,7;20,8;20,5;20,8;20,9;20,7;20,8;20,8;20,7;20,8;20,6;20,7;20,5;20,5;20,5;20,2;20,5;20,9;20,5;20,4;20,6;20,5;20,4;20,1;20,5;20,6;20,4;20,5;20,8;21,1;20,4;20,4;20,6;20,5;20,6;20,6;20,7;20,6;20,8;20,7;20,8;20,6;20,4;20,5;20,6;20,5;20,5;20,4;20,2;20,5;20,7;20,7;20,6;20,5;20,2;20,1;20,5;20,5;20,7;20,5;20,5;20,4;20;20,4;20,5;21,1;22,9;25,5;26,4;27,1;27,1;26,8;27,7;28,2;30,4;30,8;31,1;30,8;31,3;31,1;30,7;31,5;30,9;31,4;30,9;31;31,7;32,2;32,4;32,1;32,7;32,2;32,6;33,3;31,5;32,8;32,2;32,7;33;32,4;32,2;32,5;32,6;32,6;32,8;32,6;32,6;32,4;32,5;32,4;32,4;32,1;32,4;32,8;32,6;32,4;32,6;32,4;32,2;32,5;32,6;32,6;32,8;32,6;32,7;32,5;32,5;32,9;33;33;33,2;32,7;32,9;33;33,2;33,3;33,7;33,3;33,2;33,6;33,6;34,2;34,1;34,3;34,9;34,6;35;35,2;35,1;35,4;35,5;35,5;36,1;35,9;36,2;36,6;37;37;36,9;37,4;37,6;37,8;37,7;38,1;38,2;38,4;38,5;38,8;39;39,5;40;40,5;40,7;40,9;41;41,2;41,8;42,5;43,3;43,6;44,2;45;46,1;47,7;49;50,3;52,8;55;56,7;60,2;63,2;66,5;69,4;72,4;74,9;77,3;78,7;79,9;79,8;79,8;78,8;76,7;73,7;70,9;67,8;64,8;61;57,8;55,6;53,3;51,3;49,7;47,9;46,9;46;45;43,9;43,4;42,7;42,3;41,8;41,5;41,2;41,1;40,8;40,3;39,9;39,8;39,5;39,5;39,2;38,9;38,7;38,7;38,8;37,6;38;37,4;37,6;37,5;36,7;36,9;36,5;36,6;36,5;36,6;36,4;35,5;35,3;35,6;35,7;35,2;35,1;34,6;35;35;34,7;34,4;34,5;34,4;34,1;34,5;34,4;34,1;34;34,1;33,9;33,9;33,8;33,5;33,5;33,6;33,6;33,7;33,4;33,6;33,9;33,6;33,7;33,6;33,6;33,9;33,5;33,6;33,5;33,7;33,9;33,6;33,6;33,5;33,4;33,4;33,7;33,3;33,4;33,1;33,7;33,9;33,8;33,7;33,7;34;33,5;33,4;33,6;33;33,1;33,3;33;32,9;32,5;32,8;32,2;31,3;31,6;31,2;31,5;31,5;31,7;32;31,7;32,2;31,7;31,5;31,1;31;30,7;30,3;28,8;28,2;27,9;27,8;27,6;27,1;25,5;23,6;22,3;21,4;21,1;20,8;20,7;20,6;20,4;20,5;20,9;20,9;20,7;20,6;20,5;20,4;20,2;20,1;20,8;20,7;20,6;20,8;20,5;20,4;20,5;20,7;20,6;20,2;20,4;20,4;20,4;20,7;20,8;20,6;20,5;20,6;20,2;20,7;20,7;20,5;20,5;20,7;21,4;20,8;20,1;20,1;20,5;20,8;20,6;20,2;20,1;20;20,2;20,4;20,6;20,8;20,9;20,5;20,4;20,5;20,4;20,6;20,6;20,5;20,7;20,7;20,6;20,6;20,5;20,4;20,4;20,4;20,7;20,8;20,4;20,2;20,5;20,7;20,6;20,9;20,9;20,6;20,5;20,5;20,4;20,6;20,9;21,1;20,8;20,4;20,4;20,8;20,5;19,8;20,4;20,6;21,1;20,6;20,6;20,6;20,2;20;20,8;20;20,1;20,5;20;20,1;20,8;20,1;20,4;19,9;20,1;19,9;20,7;20,2;20,2;20,4;20,6;20;20,1;20,6;20,6;20,8;20,5;20,7;20,4;20,5;20,4;20,1;20,5;20,6;20,2;20,1;20,1;20,4;20,7;20,6;20,4;20,4;20,6;20,6;20,4;20,7;20,8;20,8;21,1;19,9;20,7;19,9;20,2;20,4;20;20,5;20,2;19,9;21,6;21,2;20,6;20,7;20,5;20,2;19,9;20,5;20,5;20,2;20,5;20,5;20;20;20,1;19,8;20,5;20,5;20,2;20,2;20,7;19,8;20,620,9;20,8;20,8;20,5;21,1;20,8;20,6;20,5;20,7;20,6;20,5;20,7;20,5;20,6;20,6;20,1;20,5;20,5;20,5;20,5;20,5;20,5;20,6;20,8;20,4;20,1;20,5;20,8;20,5;20,6;20,9;21,5;20,1;20,8;20,6;20,9;20,4;20,8;20,9;21,4;20,9;21,1;21,1;20,8;20,7;20,6;20,6;20,7;20,6;20,6;20,5;20,6;20,8;20,9;20,6;20,6;20,6;20,8;20,6;20,9;21,2;20,8;20,6;20,8;20,6;20,9;20,5;20,7;20,8;20,5;21,2;20,8;20,8;20,1;20,8;20,7;20,9;20,8;20,5;20,7;21,2;20,8;20,7;20,4;20,7;20,8;20,5;20,4;20,6;20,8;21,1;20,7;20,8;20,9;20,6;20,6;20,5;20,4;20,4;20,6;20,8;20,9;20,8;20,4;20,6;20,6;20,6;20,6;20,6;20,4;20,5;20,6;20,5;20,5;20,6;20,6;20,5;20,5;20,4;20,6;20,5;20,4;20,4;20,2;20,7;20,8;20,2;20,4;20,6;20,6;20,4;20,4;20,4;20,5;20,2;20;19,9;20,5;20,6;20,2;20,2;20,4;20,4;20,6;20,2;20,2;20,6;20,7;20,5;20,4;19,9;20,4;20,7;20,6;20,5;20,5;20,6;20,1;20;20,1;20,1;20,1;20;20,2;20,5;20,6;20;20;20,5;20,5;20,4;20,5;20,6;20,6;20,2;20;20,2;20,6;20,7;20,4;20,2;19,9;19,6;19,9;20,6;20,6;20,2;20,5;20,2;20,5;20,2;20,6;20,8;22,1;25,2;26,2;26,8;26,6;26,7;27,6;27,9;30,2;30;30,5;30,8;31,4;31,4;30,8;31,2;30,8;30,4;31;31,4;32,4;31,4;31,6;31,4;32,5;32;31,7;32,5;31,8;32,5;32,4;32,4;32,6;32,5;32,2;32,7;32,4;32,6;32,2;32,1;32,2;32,2;32,2;32,2;32,2;32,2;32,5;32;31,8;32,4;32,1;31,6;32,2;32,4;31,8;31,8;32,5;32,7;32,8;33;32,9;32,7;32,6;32,8;32,4;32,5;32,2;32,7;32,8;33,3;32,9;33,4;33,3;33,8;33;33,3;33,8;34,3;34;34,1;34,4;34,6;35;35;35,1;35,2;35,7;35,6;35,9;36,2;36,8;37;36,5;36,7;37,4;37,7;37,9;37,8;37,8;37,9;38,2;38,8;39;39,4;39,8;39,8;39,9;40,2;40,8;41,1;41,2;41,7;42,7;43,2;43,8;44,6;45,5;46,9;48,5;49,9;51,7;53,6;55,9;58,3;61,8;65,1;67,6;70,1;73,1;74,9;76,3;77,1;77,2;77,2;76;74,1;71,3;68,8;66,2;63,4;59,8;56,9;54,7;52,3;50,3;48,8;47,7;46,5;45;44,3;43,7;43,1;42,6;41,7;41,4;41,3;40,9;40,4;40,4;39,9;39,8;39,9;39,6;39,1;38,9;38,8;38,4;38,2;37,6;37,7;37,5;37,9;36,7;37,2;36,5;36,4;36,7;36,2;35,8;36,4;35,8;35,7;35,5;35,5;35,1;34,6;35;34,9;34,3;34,4;34,1;34,2;34;34,1;33,7;33,8;33,6;33,6;33,7;33,7;33,4;33,3;33,4;33,2;33,2;33,6;33,6;33,4;33,2;33,5;33,5;33,5;33,5;33,2;33,4;33,3;33,6;33,3;33,7;33,5;33,2;33,5;33,4;33,4;33,2;33,4;33,6;33,1;33,6;33;33,6;34;33,6;33,7;33,4;33,2;32,5;32,9;33,4;33;32,8;32,8;32,9;32,5;32,5;32,4;31,6;31,3;31,1;31,1;31,5;31,6;32,1;32,2;31,7;31,5;32,1;31,4;31,2;31,2;30,6;30;29,2;28,1;27,6;27,6;27,4;26,8;25,3;23;21,9;21,1;20,5;20,6;20,8;20,4;20,1;20,1;20,7;20,5;20,5;20,4;20,2;20,5;20,6;20,2;20,2;20,4;20,5;20,8;20,7;20,6;20,6;20,8;20,6;20,2;20,4;20,6;20,6;20,6;20,4;20,1;20,2;20,4;20;20,4;20,2;20,6;20,6;20,5;20,5;20,8;20,8;20,4;20,4;20,4;20,5;20,5;20;20;20,2;20;20,2;20,6;20,5;20,2;20,4;20,4;20,6;21,2;20,7;20,4;20,5;20,1;20,2;20,2;20,1;20,2;20,2;20;20,4;20,5;20,2;20,5;20,5;20,4;20,6;20,7;20,1;19,8;20,5;20,1;20;19,8;20,4;20,4;20,5;20,5;20,2;20,4;20,1;20,2;20,5;20,4;20,6;20,7;20,8;20,5;20,2;20,7;20,2;19,8;20,1;19,4;20,4;20;20,7;20,4;19,5;20;20;20,4;20;20,6;19,9;20,4;20,2;20,1;19,8;19,6;20,4;20,6;20,6;20,1;20;20,7;20,6;19,9;20;20,4;20,1;19,8;19,5;19,9;20,2;20,1;20,2;20,2;20,4;20,5;20,1;19,9;19,8;20,2;21,1;20,6;19,5;19,8;19,9;19,8;20,5;20;19,6;19,9;19,6;19,9;19,9;20;20;19,9;19,8;20;19,8;19,8;20,1;19,9;19,4;19,6;20;19,8;20,2;19,8;20,5;20;20,1;19,2;19,420,9;20,6;20,8;21,4;21,1;20,5;20,7;20,7;20,5;20,2;20,8;21,1;20,5;20,1;20,5;20,6;20,8;21,1;20,8;20,8;20,5;20,4;20,7;20,8;20,6;20,2;20,6;20,6;20,7;20,4;20,9;20,7;20,6;20,6;20,6;20,7;20,5;20,5;20,6;20,8;20,9;20,9;20,8;20,9;20,8;20,4;20,5;20,5;20,5;20,8;20,7;21,1;20,8;20,5;20,6;20,9;21,1;20,6;20,6;21,5;20,8;21,2;20,9;20,6;20,5;20,2;20,8;20,4;20,9;20;20,5;21,2;20,4;20,6;20,5;20,2;20,7;20,4;19,9;20,4;20,9;21,1;20,9;20,4;20,5;20,6;20,8;20,9;20,9;21,2;20,8;20,8;20,7;20,8;20,7;20,7;20,6;20,2;20,6;20,7;20,6;20,7;21,1;20,7;20,5;20,6;20,2;20,4;20,6;20,7;20,6;20,4;20,1;20,4;20,4;20;20,2;20,5;20,8;21,1;20,6;20,1;20,2;20,6;20,8;20,6;20,4;20,1;20,2;20,2;20,1;20,1;20,4;20,4;20,5;20,4;19,8;20,1;20,2;20,1;20,1;20,7;20,6;20,1;20,4;20,5;20,4;20,6;20,5;20,4;20,5;20,2;20,2;20;20;20,4;20,6;20,6;20,4;20,2;20,4;20,7;20;20,1;20,2;20,2;20,2;20,1;20,2;20,6;20,4;20,2;20,2;20,2;20,1;19,9;19,9;20,2;20,4;20,4;20,1;20,4;20,5;20,4;20,2;20,6;20,6;20,2;20,5;20,6;20,2;20;20,4;22,6;25,6;26,5;27,2;26,7;26,8;27,3;28,6;30,1;30,1;31;30,6;30,8;31,4;31,1;31,3;30,8;30,9;30,9;31,4;31,7;31,6;31,7;32,1;32,5;31,7;32;32,7;32,2;32,2;32,4;32,5;31,8;32,2;33,1;32,1;32,6;32,6;32,4;32;31,8;31,7;32;31,8;32;32;31,6;31,7;32;32,2;32,4;32,4;32,1;32;32;32;32,2;32,4;32,6;32,5;32,1;32,5;32,5;32,5;32,7;32,8;32,9;33;32,9;32,7;32,9;33,1;33,1;33,2;33,6;33,4;33,8;34,1;34,1;34,7;34,3;34,6;34,5;35,1;34,5;35,2;35,8;35,9;35,7;36,3;36,7;36,8;36,9;36,8;37,4;37,6;37,4;37,9;37,9;38,5;38,8;38,9;39;39,2;39,5;40,1;40,1;40;40,7;40,9;41,1;41,7;42,6;43,3;43,8;44,3;45,2;46,1;47,6;49,5;50,9;52,3;55;56,7;60,1;63;65,8;67,9;70,3;72;73,4;74,3;74,2;74,1;72,7;71,4;68,8;66,7;64;61;58;55,7;53,3;51,7;50,2;48,5;47,1;46,1;45,2;44,2;43,3;42,5;42,4;41,8;41,4;41,3;40,9;40,8;40,3;40,2;39,6;39,6;39,1;39;38,7;38,5;38,7;38,3;37,9;37,5;37,5;37,1;36,8;37,1;36,2;36,5;36,4;36,6;35,5;35,7;35,9;35,2;35,8;35,5;34,6;35;35,1;34,7;34,5;35,1;34,4;34,2;34,1;34,2;34,1;34;33,7;33,9;33,6;33,6;33,4;33,2;33,4;33,5;33,5;33,3;33,2;33,2;33,3;33,5;33,6;33,4;33,2;33,2;33,1;33,2;33,4;33,1;33,3;33,1;33,6;33,7;33,6;33,3;33,1;33;33,4;33,4;33;33,6;33,2;33,5;33,4;33,2;33,6;32,9;33,5;33,2;33,1;32,9;32,9;33,1;33;32,5;32,1;31,8;31,8;31;31,4;31,4;31,3;31,2;31,7;31,8;31,3;31,4;31,8;31,3;31,4;31;30,6;29,7;28,7;27,9;27,7;27,6;27,1;26,3;25;23,3;22,2;20,9;20,7;20,5;20,5;20,2;20,1;20,2;20,4;20,4;20,4;20,9;20,7;20,4;20,5;20,1;20,4;20,2;20,2;20,5;20,5;20,1;20;20,6;20,4;20,2;20,4;20,6;20,5;20;20,1;20,5;20,6;20,8;20,7;20,5;20,4;19,9;20;20,4;20,5;20,7;20,6;20,5;20,5;20,4;20,2;20,1;20;19,8;20;19,9;20,4;20,5;19,8;20,4;20,6;20,1;20,1;20,1;20,4;20,4;20,2;20,5;20,5;20,6;20,5;20,4;20,5;20,2;20,5;20,2;19,9;20,4;20,6;20;19,6;20;19,8;19,8;20,6;20,6;20,7;20,1;20;20,1;20,2;20,6;20;20;19,8;19,9;19,9;19,9;20,2;20,2;20,4;19,5;19,9;20,1;19,9;19,8;20,6;19,8;20,4;19;20,5;19,8;19,5;20;19,9;20,4;20,2;19,3;20,1;19,3;19,9;20,4;20,2;20,1;20;20,2;20,1;20,1;20,4;20,4;20,4;20,2;19,9;20,2;20,1;20,1;20,4;20,2;20,2;20,2;20,2;19,9;19,8;20,1;20;20,2;20;20,2;20,2;19,9;19,9;19,6;19,8;20,1;19,8;19,5;19,5;20;20,4;19,9;20,1;19,9;19,5;20;20,1;20;20,1;20,1;19,9;19,8;19,9;19,9;19,4;19,5;20;19,9;20,2;19,6;19,6;19,9;19,420,8;21,2;20,8;20,4;20,4;21,2;21,1;20,8;20,6;20,7;20,8;20,9;20,8;20,7;20,8;21,1;20,8;20,7;20,8;20,7;20,4;20,7;21,1;20,8;20,8;20,8;20,9;20,7;20,8;20,7;20,7;20,4;20,8;20,8;20,7;20,8;20,1;20,7;20,7;20,7;20,6;20,5;20,8;20,5;20,2;20,7;21,1;20,8;20,7;21,1;21,1;20,8;20,9;21,1;20,7;20,9;21,2;20,7;21,2;21,2;20,1;20,5;20,2;21,1;21,1;20,9;20,5;20,2;20,7;20,4;20,7;20,6;20,8;20,4;20,6;21,1;20,7;20,7;20,1;21,4;20,8;20,4;20,4;20,4;20,4;20,6;20,9;20,9;20,9;20,8;20,7;20,6;20,9;21,2;20,9;20,6;20,9;20,7;20,5;20,4;20,7;20,8;20,7;20,7;20,9;20,8;20,8;20,9;20,7;20,5;20,6;20,7;20,8;20,7;20,5;20,5;20,6;20,8;20,8;20,8;20,5;20,5;20,6;20,4;20,5;20,6;20,4;20,2;20,6;20,7;20,5;20,4;20,2;20;20,2;20,5;20,4;20,2;20;19,9;20,2;20,2;20,2;20,2;19,8;19,9;20,2;20,5;20,5;20,6;20,6;20,6;20,6;20,5;20,5;20,5;20,5;20,6;20;19,9;20,1;20,5;20,7;20,6;20,4;20,5;20,6;20,2;20,4;20,2;20,6;20,8;20,5;20,5;20,2;20,1;20,1;20,2;20,1;20;20,1;20,2;20,2;20,4;20,6;20,6;20,4;20,2;20,1;20;20,4;20,1;20,8;22,7;25,8;26,6;27,2;26,6;27,2;27,6;28,2;29,9;30,6;30,9;30,8;30,7;30,9;31,3;31,4;30,8;30,6;31,1;31,6;32,2;32,1;32;32,4;31,8;32,1;32,7;32,2;31,4;31,7;32,1;32,2;32,2;32,6;33,2;32,4;32;32,4;32,6;32,4;32,4;32,2;32,4;32,4;32,2;32,4;32,4;32,1;31,7;31,6;31,7;32;31,8;32,1;32,4;32,6;32,5;32,5;32,2;32;32,4;32,9;32,6;32,6;32,7;32,6;32;32,8;33,1;33,1;33,2;33,4;33,2;33,2;33,1;33,8;34,3;33,8;34;34,5;34,5;34,2;34,7;34,9;35;35,4;35;35,8;35,9;36,4;36,6;36,6;36,7;37,1;37,1;37,6;37,6;37,8;37,7;38,1;38,5;38,9;39;39;39,4;40;40;40,4;40,9;41,1;41,2;41,5;42,2;43;43,4;43,9;44,9;45,8;47,1;48,7;50,5;51,7;54;55,8;57,7;61,2;63,8;65,8;68,1;69,5;70,5;71,2;71,4;71,2;70;68,7;66,6;64,4;61,9;58,8;56,4;54,2;52,3;50,7;49,5;48,1;46,9;45,6;44,8;43,8;43,1;42,5;41,9;41,7;41,5;41,2;40,7;40,6;40,2;39,8;39,5;39,8;39;39,1;38,8;38,8;38,4;38,1;38;38;37,9;37,4;36,6;37;36,6;36,6;36,5;36,4;35,9;36,4;35,8;35,6;35,4;34,9;34,9;34,3;34,3;34,5;34,2;34,5;34,4;34,1;34;33,6;33,7;33,8;33,7;33,4;33,3;33,4;33,4;33,3;33,6;33,6;33,3;33,3;33,4;33,3;33,4;33,4;33,4;33,3;33,1;33;33,3;33,2;33,4;33,2;33,4;33,3;33,3;33,1;32,8;33,5;33,5;33,6;34;33,2;33,6;33,2;33,3;33,2;33,5;33,7;33,3;33,4;33,3;32,7;33,1;32,8;32,9;32,9;32,5;32,4;32,6;32,2;32,2;31,7;31,3;31,7;32,1;31,5;31,6;31,6;31,6;31,7;31,8;31,8;31,4;30,9;30,4;30;28,9;28,1;27,6;27,7;27,7;26,8;24,7;22,7;21,8;21,1;20,6;20,4;20,7;20,5;20;20,1;20,7;20,7;20,4;20,5;20,6;20,1;20,1;20,6;20,7;20,2;20,2;20,4;20,5;20,8;20,7;20,6;20,6;20,6;20,5;20,5;20,4;20,4;20,6;20,6;20,6;20,5;20,5;20,4;20,2;20,4;21,1;20,9;20,6;20,4;20,2;20,1;19,8;20;20,6;20,5;20,2;20,1;20,1;20,5;20,4;20,5;20,6;20,4;20,4;20,2;19,9;20,2;20,4;20,1;20,2;20,6;20,4;19,9;20;20,2;20,2;19,9;20,5;20,4;19,6;20,1;20,5;20,6;20,6;20,4;20,1;20,2;20;20;20,6;20,5;20,2;20;20,6;20,1;20;20,5;20,4;20;20,1;20,2;20,4;20,6;20,6;19,9;20,5;20,5;20,6;19,9;21,2;20;20,7;20;19,6;19,8;20;20,5;20,6;20,2;19,8;20,5;20,2;21,2;20,1;20,1;19,6;19,4;20;20,5;20,2;20;19,9;19,9;20,4;20,5;20,6;20,2;19,9;20;20,1;20,5;20,5;20,1;20,1;19,9;20,4;20,5;20,5;20,5;20,4;20,2;20,1;21,2;19,6;20,1;19,9;19,9;19,6;20,4;20,5;20,6;20;20,4;20,2;20,2;20,1;19,9;20,4;19,9;19,9;20,4;20,2;19,9;19,9;20;20,1;20,1;20;20,4;20,2;19,6;20,2;19,9;20,521,1;20,7;20,1;20,4;20,1;20,5;20,8;20,6;20,1;20,2;20,5;20,5;20,1;20,4;20,9;20,7;20,2;20,6;20,4;20,1;20,4;20,4;20,5;20,9;20,1;19,9;20,7;20,6;19,9;20,6;20,5;20,5;20,5;20,4;20,7;21,2;20,4;20,2;20,7;20,5;20,1;20,4;20,6;20,7;20,5;20,2;20,6;20,7;20,5;20,5;20,2;20,6;20,9;21,1;20,4;20,7;20,7;20,7;20,6;21,1;20,5;20,4;20,8;20,9;20,1;20,9;20,8;20,6;20,9;20,1;20,6;21,2;20,6;20,5;19,5;20,6;20,6;20,2;20,9;20,6;20,5;20,5;20,8;20,2;20,4;20,6;20,4;20,6;20,4;20,6;20,6;20,8;20,9;20,9;20,6;20,4;20,4;20,2;20,2;20,5;20,8;20,8;20,7;20,4;20;20,2;20,7;20,5;20,4;20,5;20,7;20,8;20,5;20,7;20,6;20,4;20,5;20,2;20,5;20,9;20,6;20,2;20,4;20,2;20,4;20,2;20,2;20,6;20,4;20,1;20;20,1;20,4;20,2;20,2;20,1;20,4;20,1;19,9;20;20,2;20,4;20,2;20,1;20,5;20,5;20;19,9;20,1;20,2;20,1;19,9;20,1;20,2;20;20,4;20,2;20;20,1;20,2;20,6;20,5;20,2;20,4;20,4;20,2;20,4;20,4;20,1;20,1;20,5;20,4;20;20,4;19,8;19,3;19,8;19,9;20;20,2;20,2;19,9;19,6;20;20,6;20,5;20,2;19,9;19,8;20,4;20;20;20,8;22,6;25,4;26,1;26,5;26,2;26;26,8;27,8;29,5;30,6;30,3;30,9;30,7;30,7;30,9;31;30,8;30,7;30,6;31,2;31,2;31,8;32,1;31,8;32;32,1;32,5;32,4;31,7;32;31,7;32,5;32;32,4;32,1;32,2;31,8;31,6;32;32,7;32,6;31,8;32,1;32,2;32;32;32,1;31,8;31,6;32;31,7;31,8;31,8;31,7;32,1;32;32;32,2;32,6;32,2;31,6;32,1;32,4;32,2;32;32,4;32,7;32,7;32,8;33;32,4;32,8;33;33;32,8;33,7;33,2;33,9;33,8;34,1;33,9;34,3;34,5;34,9;34,5;35,5;35;35,2;35,4;36,2;36,4;36,7;36,5;36,5;36,6;36,7;37;37,5;37,8;38;38,2;38,5;38,6;38,8;39;39,3;39,3;40;40,5;40,3;40,8;41,4;42;42,5;42,8;43,6;44,3;45,2;46,4;47,7;49,3;50,3;52,1;54,3;56,5;58,4;60,9;63,2;64,8;66,5;67,3;67,6;67,9;67,7;67,3;65,5;63,9;61,8;59,7;57;55;53;50,8;49,7;48,4;47,1;46;45,2;44,1;43,1;42,8;42,2;41,3;41,3;41;40,3;40,3;40,6;40,2;39,6;39;39;39;38,8;38,4;38,2;38;37,8;37,7;37,2;37,5;37,2;37,2;36,9;36,6;36,5;36,2;36,2;36,2;35,7;35,4;35,6;35,4;35,3;34,7;34,9;34,7;34,5;34,3;34,4;34,3;34,3;34;33,9;34;33,5;33,4;33,7;33,5;33,3;33,1;33,2;33,3;33;33,1;33,6;33,3;33,1;33,2;33,2;33,3;32,8;33,1;33;33;33;33;33,3;33,2;33;33,2;33;33,2;33,2;33,3;33,2;33,2;33,1;33,6;33,3;33,2;33,6;33,4;33,3;33;32,9;33;33,3;32,7;32,6;32,7;32,6;32,7;32,4;32;32,1;32,1;31,4;31,1;31,6;31,6;31,4;31,4;31,5;31,1;31,6;31,5;31,4;31,3;30,9;30,2;29,4;29;28,1;27,5;27,3;27,5;26,5;24,7;22,7;21,9;20,9;20,4;20,2;20,2;20,4;20;20,2;20,5;20,1;20,4;20,4;20,1;20,2;20,4;20,8;20,8;20,1;19,9;20;20,2;20,5;20,4;20,6;20;19,8;19,9;19,9;19,9;20,1;20;20,4;20,1;20,1;20;20,5;20,7;20,5;20,4;20,1;20,1;20,5;20,1;20,1;20,2;20,6;20,2;20;19,9;20,1;20;20,2;20,2;20,1;20,1;19,9;19,6;19,8;19,9;19,8;19,8;19,8;20,4;20;19,6;20,2;20,4;20,2;20,1;20,4;20,5;20,2;20,2;20,5;20,7;20,6;20,2;20,2;19,9;19,5;20,1;20;19,8;20,2;20,4;20,2;19,8;19,5;20,2;20,2;20,1;19,6;19,6;19,6;20,2;20,2;20,1;20,2;20,1;19,6;20,1;19,5;19,8;20,1;19,4;20;20;19,5;19,9;19,6;19,8;20,1;20,1;20,2;20,2;20,2;20,2;20,1;20,5;20,2;20,2;19,5;20,4;20,1;19,6;20,2;20,6;20,5;20,1;20,1;20,6;20,6;20,4;20,2;19,9;20;20;19,9;20,2;20;19,5;19,6;19,8;20,1;19,8;19,2;19,6;20,1;20,1;20;20;20,1;19,4;20,6;20;20,1;19,6;19,9;20,4;20,1;20,1;20;20;19,9;19,8;20;20;19,8;19,9;19,6;20,4;19,9;19,3;19,5;19,6;19,3;19,521,2;21,5;20,8;20,6;20,8;20,6;20,5;20,9;20,6;20,8;20,7;20,7;20,9;20,8;20,6;20,6;20,6;20,5;20,6;20,8;20,7;20,4;20,6;20,6;20,7;21,1;20,6;20,8;21,2;20,7;20,9;20,7;20,7;20,4;20,6;20,7;20,7;20,8;21,2;21,2;21,2;20,9;20,7;20,9;20,8;20,8;20,8;20,6;20,9;21,1;21,1;21,2;20,9;20,8;20,9;21,4;20,9;20,5;20,8;21,2;20,6;20,8;21,1;20,8;20,9;20,9;20,9;21,5;20,6;20,6;20;21,2;20,4;20,9;20,7;20,6;20,2;20,5;20,7;20,9;20,9;20,6;20,9;20,8;20,7;20,5;20,7;20,5;20,2;20,6;20,7;20,6;20,6;20,8;20,8;20,5;20,6;20,5;20,6;20,9;20,9;20,7;20,8;20,8;20,6;20,7;21,1;20,8;20,6;20,5;20,4;20,5;20,9;21,1;20,9;20,7;20,2;20,4;20,2;20,2;20,4;20,4;20,6;20,7;20,4;20,2;20,7;20,7;20,5;20,5;20,5;20,2;20,2;20,5;20,5;20,2;20,4;20,2;20,2;20,4;20,5;20,5;20,2;20,4;20,6;20,2;20,2;20,4;20,2;20,4;20,5;20,2;20,4;20,2;20;20,1;20,4;20,6;20,4;20,4;20,7;20,5;20,5;20,5;20,4;20,4;20,4;20,5;20,4;20,2;20,1;20,5;20,4;20,6;20,4;20,1;20,6;20,5;19,8;20,1;20,5;20,4;20;20,5;20,6;20,4;20;20,2;20,2;20,2;20,2;20,5;20,9;22,5;25,3;26,6;27,1;27,1;26,7;27,2;28,1;30,2;30,5;30,9;30,9;31,1;31;31,2;31,4;30,9;30,5;30,8;31,5;31,5;31,6;31,5;31,7;31,8;32,4;32;32,2;31,7;32,1;32,1;32,6;32,2;32,5;32,7;32,1;32,1;32;32,1;32,6;31,7;32;32,2;32,2;32;31,7;32,4;32,5;32,2;32,1;31,8;31,7;31,8;32,1;32,2;32,1;32,2;32,1;32;32,4;32,2;32,5;32,5;32,6;32,7;32,4;32,5;32,4;32,7;32,6;32,9;33,6;33;33,4;32,9;33;33,6;34;33,9;34;34,1;34,5;34,9;34,9;35,4;35,6;34,7;35,5;36;36,1;36,3;36,8;36,7;36,7;36,8;37;37,1;37,2;37,5;38;38,3;38,6;38,7;39;39,2;39,3;39,6;40,1;40,2;40,6;41,1;41,4;41,9;41,9;42,7;44;44,5;45;46,1;47,7;48,4;49,9;51,6;52,8;54,9;56,4;58,4;60,1;62,2;63,5;64,4;64,8;64,9;65;64,5;63,5;60,9;59;56,9;55,5;53,9;52;50,5;49,1;47,5;46,6;45,8;45;44,1;43,1;42,4;41,7;41,3;41,2;40,7;40,4;40,3;40,2;39,9;39,5;39,3;39,1;39,2;39,3;38,7;38,5;38,1;37,9;38;37,6;37,8;37,1;37,2;37;36,6;36,4;36,3;36,5;35,9;35,6;35,6;35,8;35,4;35,5;35,1;34,6;34,6;34,7;34,6;34;34;34;34;33,9;33,7;33,5;33,3;33,3;33,4;33,4;33,6;33,5;33,1;33,1;33,5;33,3;32,9;33,1;33,2;33,1;33,3;33,4;33,3;33,3;33,6;33,3;33,2;33,2;33;33,2;33,3;33,3;33,4;33,3;32,8;33,7;33,3;33,4;33,7;33,3;33,3;33,6;33,3;33,6;33,7;33,2;33;32,9;33,1;32,8;32,6;33,1;32,8;32,4;32,6;32,1;32,1;31,3;31,4;31,4;31,4;31,5;31,7;31,5;31,7;31,4;31,6;31,2;31,1;31;30,8;29,3;28,7;28,4;27,9;27,6;27,6;26,8;25,3;23,3;21,9;21,1;20,8;20,8;20,5;20,6;20,8;20,5;20,6;20,9;20,9;20,6;20,4;20,1;20,1;20,4;20,7;20,7;20,5;20,1;20,4;20,4;20,5;20,9;20,9;20,4;20,2;20,7;20,7;20,8;20,6;20,5;20,6;20,1;20,2;20,7;21,1;20,7;20,2;20,6;20,7;20,8;20,1;20,1;20,4;20,7;20,6;20,8;20,6;20,1;20,1;20,5;20,4;20;20;20,1;20,4;20,2;20,5;20,6;20,7;20,7;20,6;20,5;20,2;20;20,2;20,2;20,4;20,2;20,1;20;20,1;20,4;20,5;20,5;20,2;20,6;20,2;20,1;20,6;20,6;20,1;19,9;20,2;20,1;19,9;19,4;20;20,5;20,4;20,1;19,8;19,9;20,5;20,6;20,2;20,2;19,9;20,8;20,2;20,5;20,5;20,6;20;20,1;19,6;20,2;20,7;20,5;20,7;20,1;20,7;20,2;20;20,2;19,5;19,4;20,5;20;19,8;19,9;20,1;19,9;20,2;20,5;20,7;20,4;20,2;19,9;20,2;20,5;20,5;20,4;20,2;20,1;19,8;20;20;20,1;19,9;20;19,9;20,4;20,4;20,7;20,4;20,1;20,4;20,1;20,2;20,7;19,8;20,6;20,8;20,1;19,8;20;20,4;20;20,4;20,2;20;20,1;20;20;20,6;20,6;19,9;19,8;20,1;19,8;19,9;19,9;19,6;19,2;19,520,9;21,2;20,5;20,8;21,1;21,1;21,1;20,7;20,5;20,8;20,7;20,7;20,4;20,4;20,8;20,7;20,4;20,5;20,9;20,7;20,4;20;20,2;20,6;20,2;21,8;20,9;20,9;20,7;20,5;20,7;20,7;20,7;21,2;21,1;20,6;20,4;20,8;20,8;20,9;20,7;20,5;20,6;20,6;20,8;20,8;20,7;20,8;20,9;21,2;21,1;20,9;20,9;20,9;21,2;21,1;20,6;21,1;21,2;21,1;20,4;20,1;20,9;21,2;21,2;20,9;20,8;21,2;21,1;20,8;20,8;21,2;21,1;21,6;20,8;20,9;20,5;20,8;20,2;20,8;20,8;21,4;21,1;20,8;20,7;20,6;20,6;20,2;20,7;20,9;20,9;20,6;20,9;20,9;20,6;20,4;20,1;20,4;20,7;20,7;20,7;20,8;20,8;20,9;21,2;21,2;20,7;20,4;20,4;20,4;20,6;20,7;20,6;20,7;20,7;20,9;20,6;20,4;20,8;20,5;19,9;20,4;20,4;20,4;20,5;20,2;20,5;20,8;20,6;20,4;20,7;20,9;20,7;20,7;20,6;20,2;20,4;20;20,1;20,4;20,4;20,5;20,6;20,4;20,4;20;20,2;20,5;20,1;20,4;20,1;20,1;20,1;20,4;20,7;20,8;20,5;20,4;20,5;20,4;20,5;20,6;20,4;20,4;20,4;20,1;19,9;20,2;20,4;20,2;20,5;20,6;20,4;20,5;20,5;20,1;20,4;20,7;20,5;20,1;20,1;20,1;20,5;20,2;20,2;20,4;20,7;20,5;20,6;20,6;20,6;20,5;21,2;22,6;25,1;26,7;27,2;26,7;26,6;27,3;28;29,9;30,5;30,5;30,7;31,1;30,8;31,1;30,9;31,1;30,8;31,1;31,1;31,6;31,7;31,8;31,7;31,7;32,1;32,2;31,8;31,3;31,6;32;32,5;32,4;31,7;32,2;32;31,8;32,4;32,1;32,2;31,8;32;32;32,1;32,6;32,6;32,5;32,2;31,8;31,7;31,8;32,1;32,4;32,4;32,4;32,1;32,1;32,2;32,2;32,6;32,4;32;32,5;32,5;32,4;32,1;32,5;32,6;33,1;33;32,5;33,2;33,1;33,1;33,1;33,5;34;33,5;33,7;34,2;34,2;34,6;34,2;35;35;35,7;35,3;35,4;35,8;36;36,5;36,6;36,5;36,3;36,6;37,2;37,6;37,5;37,7;37,9;38,1;38,3;38,5;39;39,3;39,5;39,9;39,8;39,9;40,2;40,7;41,1;41,5;42,3;42,7;43,4;44,1;44,7;45,6;46,4;48;49,2;50,5;51,8;52,9;54,4;55,9;57,6;59,2;60,2;61,1;62;61,8;61,9;61,1;60;58,2;56,7;54,8;53,4;52,1;50,6;49,2;48,1;47,2;46,1;45,2;44;43,5;42,9;42,6;42,3;41,7;41,2;40,8;40,4;40,2;40,1;39,8;39,2;39;39,1;38,8;38,8;38,5;38,1;37,9;38,1;37,7;37;37,6;37;36,3;37;36,7;36,5;36,4;36,1;36,3;36,1;35,5;35,7;35;35,7;34,9;34,4;35;34,5;34,4;34,4;34;34,1;34,1;33,8;33,5;33,6;33,3;33,2;33,4;33,4;33,4;33,6;33,4;33,2;33,5;33,3;33,2;33,2;32,9;33,1;33,2;33,4;33,5;33,1;33,1;33,2;33,6;33,3;33,2;33,2;33,3;33,3;33,6;33,2;33,4;33,4;32,5;33,4;33,2;33,2;33;33,1;33,2;33,4;33,5;33,3;33,2;33;33;32,2;32,2;33;32,6;32,5;32,6;32,2;31,6;31,5;31,5;31,5;31,4;31,4;31,4;31,4;31,8;32,1;31,8;31,2;31;31;30,4;30,1;29;28,2;27,5;27,5;27,5;26,5;24,7;23,1;22;20,8;20,8;20,6;20,5;20,6;20,7;20,2;20,5;20,7;20,8;20,9;20,9;21,1;20,8;20,5;20,7;20,6;20,6;20,6;20,6;20,4;20,6;20,9;20,8;20,2;20,2;20,8;20,7;20,5;20,5;20,4;20,5;20,5;20,6;20,7;20,5;20,5;20,5;20,4;20,4;20,4;20,1;20,2;20,6;20,7;20,4;20,2;20,4;20,4;20,6;20,6;20,4;20,4;20,4;20,2;20,6;20,5;20,4;20,4;20,1;19,6;19,5;20;20,4;20,1;20,1;20,1;20,1;20,1;20,1;20;20;20,1;20,1;20,4;20,2;20;19,9;20,1;20,7;20,8;20,5;20,2;20,1;20,2;20,6;20;19,9;20,4;20,4;20;20,4;20,2;20,7;20,5;20,7;20,2;20,7;20,2;20,7;20,2;20,6;20;19,9;20;20,4;19,8;20,4;20,1;19,5;20,5;19,9;20,1;19,4;20,5;20,2;20;20;20,6;20,7;20,2;19,9;20;20,1;20,2;20,2;20,7;20,1;19,4;20;20,5;20,4;20,6;20,5;19,9;19,9;20,4;20,5;20;20,1;20,1;20;20,2;20,2;20,2;19,8;19,2;19,9;20,2;19,9;19,8;20,7;19,3;20,6;19,9;20,4;19,9;19,9;20,2;20,5;20,5;20,2;20;20;20;20;20;20;20,5;20,4;19,9;20,1;19,4;19,5;19,8;19,920,9;20,2;20,6;20,2;20,5;20,8;20,5;20,8;20,7;20,5;20,8;20,8;20,1;20;20,4;20,4;20,1;20,5;21,1;20,5;20,4;20,7;20,6;20,7;20,8;20,2;20,6;20,7;20,9;20,9;20,9;20,6;20,5;20,6;20,9;21,2;20,9;21,1;20,8;20,4;20,5;20,7;20,7;20,8;20,8;20,6;20,6;20,6;20,6;20,9;20,5;20,8;21,2;20,5;20,6;20,9;21,1;20,5;20,7;20,5;20,5;20;20,9;20,7;20,6;20,8;20,6;20,8;20,7;20,7;20,7;21,4;20,4;20;20,9;20,9;21,4;20,9;20,5;20,7;20,4;20,4;20,8;20,8;20,6;20,5;20,7;20,4;20;20,5;20,8;20,4;20,6;20,6;20,6;20,5;20,2;20,4;20,6;20,7;20,9;20,6;20,4;20;20,2;20,4;20,4;20,4;20,8;20,8;20,1;20,4;20,7;20,4;20,1;20;20,1;20,5;20,5;20,7;20,7;20,5;20,5;20,6;20,6;20,4;20,1;20,4;20,5;20,4;20,2;20;20,5;20,6;20,6;20,6;20,5;20,1;20,4;20,5;20,5;20,6;20,2;20,4;20,5;20,1;20,5;20,6;20,2;20,2;20,2;20,2;20,5;20,6;20,1;20,4;20,5;20,2;20,1;20;20,4;20,6;20,4;20,2;20,2;20,1;20,1;20,4;20,2;20;19,9;20;20,5;20,5;20,1;20;20,2;20,5;20,4;20,1;20;19,8;19,9;19,8;20,4;20,6;20,6;20,1;20,5;20,1;20,1;20,6;21,2;22,7;25,3;26,7;26,5;26,6;26,7;26,4;28;30;30,1;30,6;30,9;31;31;30,8;30,7;30,7;31;30,7;31,1;31,6;31,7;31,8;32;31,2;31,7;32,4;32,5;31,6;31,7;31,8;31,8;32;32,1;32,2;32,2;31,8;31,8;32,1;31,7;32;31,8;31,8;32;32;31,6;31,7;31,7;31,6;31,3;31,5;31,8;31,6;31,5;32;32;32;31,7;31,6;31,7;31,8;31,8;32,1;31,8;32,2;32,1;32;32;32,6;32,6;32,6;32,8;32,5;33,3;32,4;33;33,3;34;33,5;33,5;34,3;34,4;34,2;34,6;35,3;35;35;35,6;36,3;36,4;36,1;36,3;36,4;36,3;36,8;36,9;37;37,1;37,4;37,6;37,9;38,3;38,6;38,6;38,9;39,2;39,4;39,6;39,9;40,4;40,6;41;41,4;41,6;42;43;43,6;43,9;44,8;46;46,1;47,5;48,7;50,4;51,2;52,8;54;55,2;56,6;57;57,3;57,7;57,9;58,4;57,4;56,7;54,8;54,2;52,7;51,7;50,5;49,7;48,5;47,2;46;45,2;44,7;44;43,4;42,7;42,2;41,6;41,2;41;40,2;40;40;39,8;39,8;39,4;39;38,6;38,5;38,4;38,4;38;37,8;37,7;37,4;37,4;37,1;37,4;36,8;37,1;36,2;36;35,5;35,8;36,1;35,8;35,5;35,7;34,7;34,9;34,4;34,5;34,7;34,4;34;33,9;34;34,1;33,7;33,7;33,5;33,6;33,5;33,4;33,2;33,3;33,3;33,4;33,5;33;32,5;32,7;32,9;33;32,9;33,2;33,3;32,7;32,9;32,8;32,8;33,4;33,4;33,1;33,2;33;33,1;33,7;33,1;33,2;33,2;32,8;33,4;32,6;32,9;32,7;32,9;33,1;32,6;33,7;33,5;32,8;32,9;33;33;32,9;32,4;32,2;32,4;32,5;32,6;31,6;32,5;31,1;31,3;31,2;31,3;31,4;31,4;31,2;31,4;31,5;31,5;31,2;31,5;30,7;30,3;29,5;28,6;27,9;27,8;27,4;26,6;26,5;25;23,3;22,5;20,9;20,5;20,5;20,1;19,8;19,9;20;20;20,2;20,4;20,2;20,2;20,4;20,2;20,4;20,6;20,6;20;20;20,4;20,2;20,1;20,4;20,4;20,2;20;19,6;19,9;20,6;20,5;20;20;20;19,9;20,5;20,6;20,5;20,2;20,4;20,6;20,4;20,2;19,9;19,8;20,5;20,6;20,2;20;20,2;20,2;20,4;20,5;20,7;20,4;20,4;20,9;20,6;20,4;20,5;20,4;20,1;20,1;20,4;20,2;19,9;19,9;20,4;20,2;19,9;20;19,8;19,6;20;20,2;20;19,8;20,2;20,1;19,9;19,8;19,8;20;19,8;19,9;20,5;20,5;20;19,8;20,1;20,2;19,9;20;20,2;20,2;20,2;19,6;19,8;19,8;19,8;20,2;19,9;20,1;19,5;19,9;20,1;19,8;20;20,1;19,6;19,8;20,2;20,1;19,9;20,1;20,5;20;20,1;19,6;20,7;20,6;20;19,8;20,2;20,1;20,1;20;20,1;20,1;19,6;20;20;20;20,4;20,4;19,9;19,6;20,1;20,4;20,4;19,9;20;20,4;20,6;20,4;19,3;19,2;19,9;20,2;19,8;19,8;20,9;19,8;19,2;20,2;20,5;20;20,1;19,9;19,9;19,8;19,9;19,9;20;20,1;20;20;20,4;20,2;20,1;20,4;19,8;20;19,6;18,9;19,6;20,420,8;20,8;20,7;20,6;20,6;20,5;20,4;20,5;20,7;20,8;20,8;20,7;20,7;20,8;20,9;20,8;20,7;20,6;20,5;21,2;20,5;20,8;21,1;20,1;20,2;20,7;19,5;20,8;20,7;20,8;20,6;21,1;20,4;20,6;20,7;21,1;20,5;20,1;20,5;20,5;20,7;20,8;20,7;20,9;20,8;20,7;20,8;21,1;20,9;20,9;20,9;21,2;20,8;20,8;21,1;20,9;20,9;20,6;20,8;20,9;20,6;20,2;20,9;20,7;20,5;20,2;20,2;20,8;20,9;20,4;20,2;21,2;20,6;21,4;20,4;20,9;20,7;21,6;20,5;20,8;20,4;20,5;20,5;20,5;20,8;20,6;20,5;20,2;20,8;20,6;20,5;20,7;20,7;20,4;20;20,4;20,7;20,7;20,4;20,5;20,6;20,6;20,6;20,6;20,8;20,8;20,5;20,4;20,8;20,8;20,5;20,4;20,4;20,4;20,4;20,6;20,6;20,4;20,4;20,1;20,1;20,8;20,9;20,6;20,6;20,4;20,2;20,1;20,2;20,6;20,5;20,4;20,5;20,2;20,1;20,2;20,6;20,4;20,2;20,1;20,1;20,5;20,6;20,6;20,5;20,2;20,2;20,5;20,4;20,1;20,1;20,2;20,4;20,6;20,7;20,8;20,8;20,2;20,4;20,4;20,2;20,5;20,7;20,5;20;19,8;20;20,2;20,2;20,5;20,6;20,4;19,9;19,8;20,1;20,4;20,2;20,5;20,4;20,1;20,2;20,2;20,1;20,2;20,4;20,2;20,1;20;19,6;20,1;20,5;19,9;20,5;22,2;25,3;26,3;26,7;27,1;26,8;26,6;28,1;29,3;30,1;30,6;30,7;31;30,8;30,8;30,7;30,5;30,9;31;30,8;31,3;31,8;31,5;30,9;31,3;32,2;32,2;31,8;31,7;32,2;31,8;31,8;32,4;31,8;32,2;32,1;32,2;31,8;32;32,2;32,1;32,1;32,1;31,7;31,8;31,6;32;32,1;32;32,2;31,7;31,6;32;32;31,8;31,7;32;32;31,8;31,6;31,8;32,2;32,2;32,2;32,5;32,7;32,7;32,5;32,8;32,8;32,6;33;33;32,7;32,8;33,6;33,4;33,7;33,5;34,1;34,1;34,1;34,3;35,2;35,1;34,9;35,5;35,1;35,1;35,3;36,2;36,4;36,3;36,9;37,1;37,2;37,2;37,4;37,7;37,7;37,8;38,2;38,5;38,8;39;39,2;39,4;39,5;40;40,4;40,7;40,9;41,2;41,5;41,5;42,5;43,6;43,8;44,6;45;46,1;46,9;47,8;49;50,3;51,1;52,1;53;54;54,4;55,4;55,5;55,4;55,1;54,9;54,2;53,1;52,3;50,9;50,1;49,7;48,1;47,2;45,9;45,2;44,7;44;43,6;42,9;42,4;41,5;41,1;41,4;41;40,2;40;39,9;39,8;39,2;39,1;38,8;38,7;38,7;38,2;38;37,6;37,7;37,4;37;37,1;37,5;37,2;36,9;36,2;35,9;36,1;35,8;36,1;35,7;35,6;35,7;35,5;35,1;35;34,7;34,6;34,2;34,2;34;33,9;33,6;33,8;33,7;33,7;33,4;33,3;33,1;33,3;33,2;33,3;33,4;33,2;33,1;33;32,6;32,5;32,7;33;33,1;33,2;33,1;32,9;33;33;33,2;33;33;33;32,8;32,8;33;33,2;33,1;33,4;32,7;33;33,3;33,1;33;32,9;33,2;33,6;33;32,9;33,4;33,2;33,1;32,9;33;32,7;32,4;31,7;31,8;32,2;32,6;32;31,8;31,4;31,2;31;31;31,4;31,4;31,3;30,6;31;31,2;31,2;31;30,6;30,1;29,1;28,7;27,8;27,2;27,3;26,7;26,3;25;23,5;22,1;20,7;20,7;20,8;20,2;20,2;20,4;20,1;20,4;20,6;20,2;19,9;19,6;20,1;20,7;20,5;20,5;20,4;20,4;20,5;20,1;20;20,2;20,5;20,2;19,8;19,6;20,4;20,6;20,6;20,4;19,9;20,1;20,5;20,5;20,6;20,4;20,2;20,4;20,4;20;20,2;20,2;20,4;19,9;20,2;20,2;19,9;20,2;20,2;20,1;20,1;19,9;20,2;20,1;19,9;20,1;20,2;20,1;20,5;20,5;20,6;20,7;20,4;20,4;20,1;19,9;20,1;20,1;19,9;20,1;20,2;20,1;20,1;20,5;20,1;20,1;20,6;20,4;20,2;20,2;20,2;20,2;19,9;20,1;20,1;20;20,1;20,1;19,6;19,8;19,6;20,1;19,8;19,8;19,9;20;20,1;20,1;19,8;20,1;19,4;20;19,6;20;20,5;20,2;20,5;19,4;19,9;20,5;20,7;20;20,1;19,9;20,1;19,4;20;19,6;19,9;20,5;20,4;19,8;20;20,4;19,6;19,4;20;20,5;20,1;20;20,1;19,9;20;20,2;20;19,8;20;19,9;19,9;19,4;19,8;20,2;20,7;20,7;20,1;19,8;20,4;19,6;20;20,1;20,9;19,8;19,4;19,9;20,2;19,8;19,5;19,4;19,9;19,9;19,6;19,4;20,1;20,1;19,6;19,6;19,8;20;20;20;19,6;19,5;19;19,8;19,9;19,920,6;20,8;20,2;19,6;20,4;20,1;20;20,1;20,5;20,6;20,5;20,4;20,2;20;20,2;20,5;20,4;20,2;20,4;20,2;20,5;20,4;20,2;20,2;20,1;20,1;20,1;20,4;20,4;20,2;20,5;20,2;20,1;20,6;20,7;20,7;20,7;20,5;20;20,2;20,4;20,2;20,6;20,7;20,6;20,5;20,6;20,6;20,5;20,4;20,2;20,5;20,7;20,4;20,5;20,5;20,5;20,5;20,5;20,7;20,5;19,9;20,4;20,5;20,5;20,6;20,2;20,6;20,7;20,6;20,5;20,6;20,6;20;20,2;20,8;20,7;20,5;20,2;20,5;20,5;20,1;20,4;20,4;20,2;20,1;20,6;20,2;20,1;20,2;20,6;20,2;20,1;20,5;20,7;20,4;20,5;20,4;20,2;20,4;20,2;20,2;20,2;20,2;20,1;20,1;20,2;20,4;20,6;20,6;20,5;20,6;20,4;20,1;20,2;20,5;20,4;20,2;20,2;20,5;20,4;20,6;20,5;20,2;20,1;20,2;19,9;20;20,5;20,5;20,5;20,1;20;20,2;20,1;19,9;19,9;19,9;20;20,2;20,4;20,5;20,2;19,9;19,9;19,9;19,6;20,4;20,5;20,1;20,1;20,4;20,7;20,4;20,1;20,4;20,2;20,4;20,4;20,1;20,1;20,1;20;19,9;19,9;19,8;19,5;19,8;20;19,6;19,4;19,6;19,8;19,8;19,5;19,8;20;19,9;19,9;19,6;19,6;20;19,6;19,8;19,8;20;20;20,1;19,9;20,2;20,4;19,9;20,2;22;24,8;25,8;26,3;26,3;26,6;27,1;27,7;29;30,3;30,7;30,2;30,4;30,7;30,6;30,6;30,5;30,4;30,5;31,5;31,6;31,6;31;31,7;31,6;31,2;31,3;31,8;31,4;31,5;31,2;31,3;31,5;31,5;31,8;32;31,5;31,6;31,7;31,7;32,2;31,8;31,7;31,5;32;31,7;31,8;32;31,4;31,3;31,7;31,7;31,7;31,7;31,7;31,7;31,8;32;32;31,8;31,7;32;32,1;32,1;32;32,2;31,8;31,8;32,5;32,7;32,5;32,7;32,5;33;32,6;33,1;32,9;33;33,5;33,8;33,4;34;34,4;34,2;34,6;34,4;34,7;34,6;35,4;35,5;35,8;36,1;36,2;36,2;36,6;36,6;36,9;37;37,1;37,4;37,8;37,8;37,9;38,4;38,4;38,8;39;39;39,6;39,8;39,9;40,6;40,8;41;41,8;42,2;42,8;42,8;43,8;44,3;44,9;46;46,9;47,7;48;49,7;50,5;51,1;51,8;52,4;52,7;52,7;52,5;52,6;52,3;52,2;51;50,5;49,4;48,7;48,2;47,3;46,3;45,4;44,2;43,8;43,1;42,8;42,3;41,2;40,9;40,9;40,8;40,4;40;39,4;39,4;39,5;39,2;38,9;38,9;38,8;38,1;38,2;37,9;38;37,2;36,7;36,9;37;36,6;36,4;36,4;36,4;35,8;35,9;35,7;35,3;35,2;35,8;35;34,4;34,5;35;33,9;33,9;34,1;34,3;33,9;33,8;34,3;33,6;33,3;33,2;33;33,1;33,1;33,2;33,2;33;32,9;32,8;32,6;32,6;32,4;32,2;32,7;32,8;32,6;32,5;32,8;32,8;32,8;32,7;32,5;32,9;32,8;32,7;33;32,6;32,5;32,8;33,3;32,6;33,1;32,6;32,8;33;32,9;32,6;32,8;32,8;32,6;32,4;32,6;32,9;33;32;32,9;32,5;31,7;31,8;32,8;32,1;31,6;32;31,3;31,3;31;31,2;31,3;31;30,9;31,1;31;31,3;30,9;30,8;30,8;30,2;29,4;29,4;28,5;28;27,4;26,7;26,7;26,3;24,6;22,8;21,2;20,6;20,2;20,1;19,9;20,1;20,2;20,1;20,4;20,1;20,1;20;19,9;19,8;19,9;20,2;20,5;20,7;20,5;20,1;20,1;20,1;19,9;20,1;20,4;20,4;20,1;20,2;20,2;20,1;19,9;19,5;20,1;20,2;19,9;20;19,9;19,5;19,6;19,9;20,2;20,6;20,4;19,9;19,6;19,4;20;20,2;20;19,9;19,8;19,6;20,1;20,2;19,6;19,6;20,1;19,9;19,9;19,9;19,9;20,2;20;20,1;20,2;19,5;19,4;20;19,9;19,5;19,8;20,1;19,8;19,6;20;20;19,8;19,9;19,8;19,6;20,2;20,2;20,2;20;19,9;19,9;20,2;20;19,6;19,5;19,8;19,6;19,8;19,6;20;19,9;19,9;20;20,4;19,8;19,9;19,6;19,8;19,9;19,9;19,4;19,6;19;19,5;19,4;19,9;19,5;19,8;19,6;19,6;20,5;19,8;19,6;19,2;19,4;19,6;19,9;20;19,9;19,8;19,5;19,4;20;20;19,6;19,4;19,6;20,1;20;20;20;19,9;19,9;19,8;19,9;19,2;19,5;19,6;19,5;19,9;19,4;19,4;20;20,1;19,5;19,3;19,5;19,9;19,8;19;19,2;19,4;20,2;19,6;19,2;19,2;19,6;20;19,8;19,5;19,5;19,6;19,6;19,5;19,9;19,6;19,6;20;19,5;20,1;19,3;19,420,7;20,1;20,8;20,7;21,2;20,1;20,4;21,1;20,5;20,1;20,4;20,8;20,7;20,4;20,6;20,7;20,4;20,2;20,4;20,5;20,6;20,4;20,5;20,7;20,6;20,2;20,6;20,9;20,5;20,8;20,6;20,9;20,7;20,2;20,8;20,7;20,4;20,5;20,6;20,6;21,1;20,7;20,4;21,2;21,2;20,8;20,6;20,5;20,8;20,9;20,7;20,7;21,1;20,9;20,5;20,7;20,9;20,4;20,8;20,7;20,6;20,2;20,7;20,6;20,5;20,8;20,1;20,9;20,7;20,5;20,9;20,5;20,6;20,6;20,6;20,7;20,8;20,7;20,8;20,6;20,1;20,5;20,7;20,5;20,2;20,7;20,8;20,6;20,7;20,7;20,8;20,4;20,5;20,8;20,7;20,9;20,9;20,5;20,5;20,7;20,6;20,6;20,6;20,4;20,2;20,2;20,2;20,7;21,1;20,8;20,5;20,5;20,4;20,6;20,8;20,6;20,8;20,7;20,5;20,5;20,1;20,5;20,6;20,4;20,5;20,4;20,5;20,5;20,2;20,6;20,4;20,5;20,8;20,4;20,1;20,1;20,1;20,4;20,2;20,1;20,2;20,5;20,4;20,4;20,6;20,5;20,5;20,7;20,2;19,9;20,1;20,5;20,6;20,5;20,2;20,2;20,1;20,2;20,2;20,1;20,1;20,5;20,6;20,2;20,1;20,2;20;20,1;20,5;20,2;20,4;20,2;19,9;20,1;20,5;20,2;20,4;20,7;20,4;20,5;20,4;20,1;20,4;20,4;20,1;20,2;20,2;20,5;20,5;20;20;20,4;20,7;22,3;25,3;26,4;26,6;26,3;26,7;27,5;27,8;29,3;30,3;30,3;30,4;30,8;31,1;31,2;30,8;31;30,5;30,6;31,5;31,5;31,6;31,2;31,6;31,7;31,7;31,6;32,1;31,3;32,1;32,1;31,7;31,8;32;32;31,8;31,8;31,8;32,2;32,4;31,8;31,6;32,2;32,2;31,7;31,5;32;31,6;31,6;31,6;31,7;31,8;31,6;32,1;31,7;31,7;32;32,4;32,4;31,8;31,6;31,6;32,1;32,4;32,4;32,1;32,5;32,2;32,8;32,8;32,6;32,7;32,4;32,5;32,6;33,7;33,6;33,8;33,2;33,9;33,4;33,7;34,1;34,9;34,3;34,9;35;35,1;35,6;35,7;36,1;36,6;36,4;36,5;36,8;36,9;36,9;37,2;37,4;37,6;37,6;37,9;38,5;38,7;38,9;39;39,1;39,3;39,9;39,9;40,3;40,7;41;41,3;41,2;41,7;42,5;43;43,3;44,5;44,5;45,5;46,3;46,4;48;48,4;49,2;49,6;50,4;50,5;51,2;50,9;51,3;51,2;51;50,5;49,9;49,1;48,1;48,2;47,6;46,6;45,4;44,7;44;43,5;43,1;42,8;42;41,6;41,5;40,9;40,6;40,9;40,4;40,1;39,6;39,3;39,1;39,2;38,6;38,6;38,5;38,5;38,1;37,9;37,7;37,4;37,8;37,5;37,1;36,5;36,8;36,4;36,1;35,8;36,1;35,7;35,7;35,7;34,9;35;35,2;35,1;34,6;34,3;34,1;34,4;34,2;34,1;33,7;33,9;33,9;33,3;33,6;33,6;33,5;33,3;33,5;33,4;33;33;33,1;33,2;33,2;33;32,6;32,7;32,7;32,6;32,8;33;33;32,7;32,5;32,9;33,3;33,1;33,3;33;33,2;33,3;33;33,8;33,6;33,4;32,8;32,9;33,3;33,1;33;33,2;33,5;33,2;32,9;32,7;32,5;32,6;33,2;32,8;32,5;32;32,5;32,2;32,4;32;32;31,6;31,2;31,4;31,4;31,5;31,4;31,2;31,2;31,6;31,6;31,2;30,8;30,8;30,4;29,5;28,5;27,8;27,4;27,4;27,2;26,6;24,7;22,8;21,8;20,8;20,4;20,1;20,2;20,8;20,9;20,2;20,4;20,8;20,8;20,4;20,2;20,5;20,7;20,5;20,2;20,4;20,5;20,2;20,1;20,1;19,9;20,4;20,6;20,2;20,4;20,8;20,7;20,4;20;19,9;20,4;20,4;20,1;20,2;20,4;20,2;20,2;20,2;20,4;20,1;20,1;20,5;20,4;20,4;20,4;20,2;20,1;19,9;19,9;20,4;20,2;20,2;20,2;20,4;20,5;20,4;20,1;20;20;19,9;20;20,5;20,5;19,9;19,6;19,8;20;20,4;20,6;20,4;19,9;20,1;20,5;20,1;20;20,4;20,4;20,1;20,2;20,2;20;20;19,8;20;20,1;19,5;20;20,4;20;20,1;20,7;19,8;20,1;19,5;20;20,1;20,4;19,5;20,5;20;20,7;19,8;20,2;19,3;20,1;20,2;20;19,6;19,2;19,9;20;20,2;20,1;20,1;20,1;19,8;20,9;20,2;20;19,5;20;20,1;19,8;19,6;20,5;20,5;20,2;20;20,1;20,2;20,4;20,4;20,2;20,2;20,1;20,2;20,2;20,4;19,9;19,8;20;20;20,1;20,1;20,4;19,9;19,8;20,2;20,1;20,5;20,1;19,9;20;20,7;19,9;20,4;19,9;20;20,4;20,2;20;19,9;20;19,8;19,6;20;20,1;19,9;20,1;20,2;20,2;20,2;19,8;19,5;19,820,6;20,7;20,7;19,8;20,4;20,2;20,4;20,1;20,6;20,6;20,6;20,9;20,9;20,7;20,8;20,7;20,1;20,4;20,4;20;20,1;20,4;20,6;20,6;19,4;20,6;19,9;20,5;20,5;20,1;20,8;20,5;20,5;20,4;20,8;20,7;20,4;20,5;20,6;20,8;20,7;20,6;21,1;21,1;20,9;20,9;20,9;20,9;20,5;20,5;20,7;20,7;20,6;20,8;20,7;20,9;20,6;20,7;20,7;20,7;20,6;20,5;20,6;20,5;20,6;20,7;20,1;20,8;20,1;20,4;20,8;20;20,9;20,2;20,7;20,4;20,2;20,6;20,4;20,9;20,6;20,1;20,2;20,7;20,7;20,2;20;19,9;20,6;20,5;20,2;20,1;20,5;20,9;20,6;20,5;20,4;20,1;20,4;20,7;20,8;20,6;20,4;20,2;20,4;20,1;19,9;20,2;20,4;20,5;20,5;20,6;20,6;20,5;20,7;20,6;20,4;20,7;20,9;20,7;20,4;20,5;20,6;20,5;20,2;20,2;20,7;20,5;20,7;20,7;20,4;20,7;20,6;20;20;20,1;20,2;20,4;20,1;20;20,2;20,2;20,1;20,1;20,1;19,9;20,4;20,7;20,7;20,1;20;20,4;20,4;20,2;19,9;19,9;20,4;20,2;20,1;20,1;20;20,5;20,4;20,2;20,6;20,6;20,4;20,4;20,5;20,2;19,9;19,9;20,1;20;19,9;20,1;20;19,8;19,8;20;20;19,6;19,8;20,2;20,4;20,2;19,9;20;20,1;20,1;19,9;19,9;20,7;22,1;25,2;26,3;26,6;26,6;27,1;27,1;27,8;29,4;30;30,1;30,5;31,2;30,9;31;31,2;30,9;30,9;31,1;31,6;32,1;31,6;31,6;31,3;31,6;32,2;32;32;32;31,6;31,1;31,8;31,6;31,7;32,1;31,5;31,6;31,8;32;32;31,6;31,7;32;32,1;32;31,8;31,4;31,3;31,7;31,7;31,4;31,8;31,5;31,5;31,8;31,7;31,7;31,8;32;31,8;32;31,7;31,6;32;32,1;32,5;32,5;32,5;32,2;32;32,4;32,2;32,8;32,6;33,1;33,5;33,1;33,3;33,3;33,5;33,8;34,3;34;34,5;34,3;35,2;35,1;35,2;35,4;35,7;35,6;36,3;36,3;36,3;36,5;36,8;36,9;37;37,5;37,7;38,1;38,5;38,2;38,3;38,6;38,7;39;39,1;39,4;40,2;40,8;40,9;40,9;40,9;41,2;41,5;42;42,5;42,8;43,4;44,2;44,9;45,4;45,8;46,8;46,8;47,9;48,4;49;49,2;49,2;49,3;49,1;49,5;49;48,7;48,3;47,8;47,4;46,6;46;45,3;44,9;44,2;43,8;43,4;42,7;42,3;41,7;41,5;40,9;40,5;40,5;40;39,6;39,6;39,1;39,1;39,1;38,6;38,4;38,7;38,3;38,4;37,7;37,8;37,4;37;37,5;37;37;36,3;36,7;36,2;36,1;36;35,4;35,3;35,5;35,3;35;35,2;35,1;34,6;34;34,5;33,9;34,1;34;33,9;33,7;33,6;33,6;33,4;33,1;32,9;33;32,9;33;33,3;33;32,9;33;32,8;33,1;33,3;32,9;32,8;32,7;32,6;33;32,9;32,6;32,7;32,8;32,8;33;33,1;33,2;32,6;33;33,3;33,1;33;33,3;33,2;32,9;33;32,5;33,1;33,6;33;32,8;33;33,3;33,3;32,1;32,8;32,4;32,6;32,1;32;31,7;32,1;32,1;31,6;32;31,2;31,3;31,3;31,5;31,2;31,3;31,4;31,4;31,7;31,3;31;30,9;30,2;30,3;29,7;28,7;27,9;27,4;26,7;26,6;26,2;24,5;22,6;20,9;20,6;20,7;20,4;20,2;20,6;20,4;20,2;20,7;20,7;20,6;20,2;20,2;20,2;20,4;20,2;20,5;20,4;20,4;20,6;20,2;20,2;20,6;20,7;20,7;20,8;20,5;20,2;20,1;20,4;20,6;20,6;20,4;20,1;19,9;20,1;20,2;19,9;19,8;19,9;20,4;20,2;20,1;20,1;20,2;19,8;19,4;19,6;20;20,2;20,1;20,1;20;20,4;20,2;20,1;20;20,2;20,1;20;20,1;19,8;19,8;19,9;20;19,9;19,6;19,8;20,2;20,4;20,2;20;19,8;20;20,2;20,1;20;20,2;20,1;20,4;20,6;20,4;20,6;20,4;20,1;19,6;19,8;19,6;19,9;19,9;19,6;19,4;19,4;20;20,1;19,9;19,9;20,5;20,5;20,4;20,4;20;20,1;19,5;20,4;20,2;20;19,6;19,8;19,8;19,9;20,4;19,5;19,8;20,2;20;19,9;19,6;20,4;20;20;19,9;20,4;19,9;19,6;19,9;19,6;19,9;19,9;19,5;19,9;20;19,6;19,8;19,9;19,8;20,2;20,6;20,4;20,1;19,9;19,6;19,9;19,9;19,8;20;19,5;20,1;19,9;19,4;19,4;19,8;20;20,1;19,9;19,9;19,9;20,1;20;19,9;20,5;19,9;19,5;19,5;19,5;19,4;19,6;20;19,9;19,8;19,9;19,9;19,5;19;19,3;19,8;19,520,6;20,5;20,8;20,4;20,8;20,1;20,7;20,8;20,1;20,5;20,5;20,5;20,5;20,2;20,2;20,5;20,7;20,7;20,5;20,6;21,1;20,6;20,5;20,4;20,4;20,5;20,6;21,1;20,5;20,4;20,8;20,7;20,8;20,4;20,8;21,4;20,7;20,5;20,7;20,6;20,5;20,5;21,2;21,4;20,8;20,5;20,5;20,8;20,9;20,9;20,9;20,9;20,6;20,2;20,9;21,4;20,9;20,5;20,6;20,8;20,8;20,4;20,8;20,6;20,4;20,9;20,8;20,4;20,9;21,1;20,6;20,5;20,9;20,5;20,6;21,2;20,2;20,2;20,6;20,6;20,1;20,6;20,5;20,4;20,8;20,6;20,5;20,5;20,2;20,6;20,7;20,4;20,4;20,7;20,7;20,5;20,4;20,5;20,4;20,5;20,4;20,1;20,4;20,7;20,7;20,4;20,6;20,7;20,7;20,8;20,6;20,4;20,8;20,9;20,5;20,2;20,2;20,5;20,6;20,7;20,8;20,6;20,5;20,5;20,4;20,2;20,4;20,2;20,4;20,4;20,5;20,7;20,5;20,4;20,5;20,5;20,4;20,2;20;20,2;20,4;20;20,1;20,4;20,4;20,6;20,2;20,2;20,1;20,4;20,7;20,6;20,7;20,4;20,1;20,4;20,6;20,6;20,5;20,5;20,7;20,5;20,5;20,4;20,2;20,5;20,5;20,7;20,5;20,1;20,5;20,7;20,5;20,1;19,9;20,1;20,4;20,4;20,2;20;20;20;20,2;20,6;20,1;20,1;20,1;20;20,1;20,1;20;20,1;20,7;22,2;25,2;25,8;26,3;26,7;27,1;27,2;27,9;29,7;30,2;30,8;30,6;30,9;30,7;31;31,2;30,8;30,2;30,6;31,6;31,4;32,4;31,5;31,4;32;31,8;32,4;32,6;31,4;32;31,5;31,7;32,2;31,8;31,8;31,7;32;32,1;31,8;32,1;32,2;31,8;32,2;32,1;31,6;31,8;31,7;31,5;31,6;31,8;32;31,6;31,7;31,8;31,8;31,8;31,7;32;32,1;31,8;32;32,4;32,1;31,7;32,4;32,5;32,1;32,5;32,2;32,6;32,6;33,2;32,9;32,7;32,7;33,5;33,1;33,3;33,5;33,5;34,1;34;34,2;34,3;34,5;34,6;35,4;35,5;35,4;35,5;35,7;36,2;36,4;36,4;36,5;36,8;36,7;37;37,4;38;37,9;38,2;38,3;38,2;38,5;38,6;39;39,3;39,6;39,8;40;40,2;40,7;41,2;41,2;41,9;42,2;42,7;42,5;43,1;43,8;43,9;44,6;45,3;45,3;46,3;46,8;46,6;47,6;47,6;48,1;48;47,9;48,3;47,8;47,9;47;46,9;46,4;46;45,4;45;44,3;43,7;43,4;43;42,3;42;41,6;41,2;41;40,5;40,2;40,1;40;39,6;39,2;39;39;39,1;38,8;38,2;38,5;38,4;38,1;37,7;38;37,5;36,7;37,1;36,5;36,5;36,7;36,4;35,9;35,9;36;35,8;35,6;35,6;35;34,7;34,6;35;34,2;34,3;34;34;34;33,9;34;34,1;33,7;33,5;33,7;33,4;33,3;33,7;33,4;33,1;33;33,1;33;33,1;32,8;33;32,9;32,5;32,7;32,8;32,8;33;32,9;32,7;33;32,8;32,6;32,7;33,4;33;33,4;33,4;32,9;33,3;32,5;32,6;33,3;33,4;33,3;33,1;33,2;33,4;32,8;33,4;32,8;32,6;33,5;32,9;32,6;32,5;32,1;32,2;32,2;32,6;32,7;32,1;31,3;31,7;30,9;31,7;31,7;31,3;31,1;31,4;31,2;31,2;31;31,2;31;30,8;30,2;29,4;28,6;27,7;27,4;27,4;27,5;26,7;24,6;22,8;21,8;20,7;20,9;21,1;20,8;20,7;20,8;20,5;20,4;20,4;20,7;21,1;20,9;20,1;20,1;20,2;20,4;20,5;20,6;20,6;20,5;20,6;20,4;20,2;20,1;20,4;20,4;20,2;20,1;20;20;20;20,4;20,2;19,8;20;20,6;20,5;20,1;20,7;20,6;20,8;20,5;19,9;19,9;20,4;20,6;20,5;20,2;20,4;20,1;20,1;20,1;20,2;20,5;20,4;20,5;20,4;20;20,5;20,7;20,4;20;19,9;20,1;20,1;20,4;20,7;20,4;20;20,4;20,1;20;20,2;20,1;20,1;20,1;20,1;20,1;20;20,1;20,5;20,9;20,6;20,1;19,9;20,1;20,1;19,8;20,4;20,5;19,9;19,6;19,6;20;20,4;20,1;20,7;20,2;19,6;20,4;19,6;20,5;19,6;19,9;20,4;19,9;19,5;20,5;19,9;20,1;20,6;19,9;20,1;19,8;20,8;20;19,9;19,8;19,9;20,4;20,4;20,2;20,5;20,2;20;20,4;20,1;20,4;20,5;20;19,8;20,1;20,6;20,5;20,1;20;19,8;20;20,4;19,9;19,6;19,9;20;20,2;20;19,8;20,6;19,6;20,5;19,6;20,2;19,5;20,2;20,5;20,2;19,5;20,5;19,9;19,8;20,1;20,2;20;20;20,5;20,5;20,2;20;19,9;19,6;20,5;20;20,1;20,5;20;20;20,120,8;21,1;20,6;20,6;20,2;20,2;20,8;20,9;20,8;20,8;21,1;20,8;20,6;20,7;20,7;20,6;20,6;21,1;21,1;20,8;20,6;20,9;21,2;20,4;20,1;20,6;20,4;20,7;20,7;20,1;20,6;19,8;20,5;20,1;20,7;20,9;20,4;20,8;20,8;20,9;20,9;20,7;21,1;21,1;20,9;20,8;20,5;20,2;20,5;20,6;20,7;20,8;20,7;20,5;20,5;21,4;21,1;20,7;20,6;20,8;20,2;20,2;20,4;20,4;20,8;20,5;20,8;20,6;20,4;20,7;20,4;20,2;20,9;20,7;20,8;21,1;20,5;20,9;20,6;20,5;20,6;20,5;20,8;20,4;20,4;20,2;20,8;20,4;20,5;20,6;20,6;20,5;20,6;21,2;21,1;20,7;20,5;20,1;20,2;20,2;20,5;20,9;20,8;20,9;20,9;20,9;20,7;20,5;20,2;20,2;20,5;20,7;20,7;20,6;20,5;20,1;20,2;20,6;20,7;20,6;20,5;20,7;20,8;20,8;20,8;20,5;20,4;20,7;20,8;20,2;20,1;20,4;20,5;20,4;20,4;20,4;20,2;20,1;20,4;20,1;20,2;20,5;20,7;20,9;20,5;20,1;20,6;20,7;20,4;20,4;20,5;20,6;20,7;20,5;20,2;20,1;20,5;20,4;20,4;20,6;20,4;20,4;20,5;20,7;20,5;19,9;20;20,2;20,2;20,1;20,2;20,6;20,6;20,2;20;20,1;20,4;20,6;20,4;20;20;19,9;19,8;20,1;20,2;20,5;20,5;20,4;20,2;20,1;20,1;20,7;20,8;22,3;25,1;26,5;26,6;26,7;26,3;26,8;28,4;29,4;30,5;30,5;30,6;30,8;31;30,9;31,1;31,1;30,5;30,9;31,5;31,7;32;31,7;31,7;32,2;31,6;32;31,5;31,6;32,1;32;31,8;32;31,7;31,7;32,1;31,8;31,6;31,7;32,1;32;31,5;32;31,6;31,7;31,6;31,7;31,7;31,7;31,7;31,7;31,7;31,6;31,7;31,7;31,5;31,7;31,7;32,1;32,1;31,8;32;32,1;32,2;32,6;32,4;32;31,8;32,8;32,5;33;32,8;32,6;32,9;33,1;33,3;33,4;33,5;33,2;34,2;33,6;33,7;34,4;34,6;34,2;35;34,5;34,9;35,3;35,4;35,7;36,2;36,1;36,6;36,6;36,6;36,7;37;37,2;37,6;37,7;37,7;37,8;38,5;38,9;39;38,7;38,9;39,2;39,5;40,1;40,2;40,7;40,9;41;41;41,8;42,3;42,7;42,8;43,3;43,7;44;44,3;45,2;45,5;45,7;45,9;46,8;46,9;46,6;47;46,6;47,2;46,1;46,2;46,1;45,5;45;45;44,3;43,9;43,3;43,4;42,9;42,3;41,9;41,7;41,3;41;40,7;40,4;40,2;40,1;39,9;39,6;39,5;39,2;39;38,5;38,1;38,3;38,1;38,5;38,1;38,2;37,7;37,1;37,2;36,7;36,7;36,9;36,7;36,3;36,6;36;36,2;35,4;35,3;34,9;35;34,5;35;34,4;34,4;34,3;33,8;34,2;34,4;34;33,4;33,8;33,9;33,6;33,6;33,4;33,1;33,2;33,4;33,3;33;33,2;33,3;33,2;32,6;32,8;32,8;32,8;32,8;32,7;33,2;33;32,9;32,9;33,1;32,8;33;32,8;33,2;33;32,6;32,9;33;33,3;33,5;32,7;33;32,9;33;33;32,6;32,9;32,8;33,3;33,1;32,5;32,6;32,6;32,2;32,5;32,2;32;32,1;32,9;32,5;31,7;31,4;32,4;31,2;32;31,7;31,2;31,6;31,6;31,4;31,3;31,3;31,4;30,9;30,8;30,4;29,4;28,7;27,9;27,4;27,3;27,2;26,1;24,4;22,9;21,9;21,1;20,8;20,4;20,5;20,7;20,4;19,9;20,4;20,5;20,4;20,6;20,7;20,6;20,5;20,5;20,7;20,9;20,9;20,4;20,2;20,4;20,1;20,5;20,4;20,2;20,2;20,7;20,8;20,4;20,2;20,4;20,2;20,5;20,2;20;20,2;20,6;20,7;20,6;20,6;20,6;20,1;19,6;19,9;20,5;20,5;20,7;20,4;19,9;20,1;20,5;20,4;20,5;20,4;20,5;20,5;20,2;20,2;20,1;20,5;20,7;20,4;20;20,1;20,1;20,2;20,6;20,7;20,6;20,6;20,1;19,9;20,2;20,4;20,5;20,2;20,5;20,4;20;20,1;20,1;20,2;20,2;20,4;20,5;20,6;20,4;19,9;20,4;20,2;19,8;20;20,1;20,4;20,2;20;20,5;20,5;20,1;20,5;20;20,4;19,6;20;19,8;20,1;20,1;19,5;20,1;19,8;20,5;19,6;19,8;20;20,1;20,6;19,9;19,8;20,2;20,1;20,1;20,2;20;19,8;20,4;20,4;20,1;20;19,8;19,9;20,1;20,1;20,4;20,6;19,9;19,6;20,2;20,1;19,9;20,5;20,4;19,9;20,4;20,7;19,4;20,2;19,4;19,9;20,2;19,2;19,4;20;20,6;20,4;20,5;20,2;20;19,6;19,9;20,2;19,9;19,8;19,8;20;19,8;19,3;19,6;19,9;20;20,6;20,1;19,6;19,6;19,8;19,4;19,520,8;20,7;20,2;20,6;20,7;20,9;20,6;20,7;20,6;20,6;20,6;20,6;20,6;20,7;20,7;20,6;20,7;20,4;20,1;20,5;20,6;20,7;20,4;20,7;20,5;20,4;20,4;21,1;20,4;20,5;20,8;20,2;20,6;20,6;20,9;20,9;20,8;20,9;20,9;20,8;20,2;20,2;20,4;20,7;20,6;20,4;20,5;20,7;20,9;21,1;21,2;20,9;20,9;20,9;20,6;20,9;21,2;21,4;20,8;21,1;20,5;20,5;20,6;21,4;20,5;20,7;20,8;20,9;20,6;21,1;20,9;20,2;20,2;19,8;20,6;20,1;20,6;20,6;21,4;20,8;20,9;20,8;20,7;21,1;20,9;20,5;20,7;20,6;20,6;20,9;20,5;20,1;20,7;20,7;20,6;20,8;20,7;20,4;20,2;20,4;20,6;20,6;20,4;20,6;20,9;20,5;20,2;20,4;20,8;20,8;20,4;20,2;20,2;20,4;20,8;20,8;20,6;20,8;20,7;20,5;20,5;20,7;20,5;20,5;20,6;20,6;20,5;20,7;20,8;20,8;20,5;20,5;20,4;19,9;20,2;20,7;20,6;20,2;20,4;20,5;20,6;20,6;20,6;20,2;20;20,2;20,5;20,4;20,1;20,4;20,5;20,5;20,5;20,4;20,5;20,5;20,7;20,6;20,6;20,6;20,4;20,4;20,2;20,5;20,5;20,5;20,5;20,4;20,6;20,6;20,7;20,8;20,4;20,1;20,1;20;20,2;20,2;20;20;20,2;20,2;20;19,9;20,6;20,2;19,9;20,1;20;20;20,4;20,4;20,4;22,5;25,1;26,2;26,6;27,3;26,8;27,4;27,5;29,4;30;30,3;31,3;30,9;30,2;31;31;31,1;30,4;31;31,2;31,2;31,7;32,1;31,8;31,4;31,7;31,6;31,7;31,4;31,8;31,7;32;31,7;31,4;31,4;31,8;32,1;32,1;32;31,7;31,8;31,7;31,6;31,2;31,7;31,7;31,3;31,6;31,7;31,6;31,6;31,4;31,6;31,8;31,8;31,6;32,1;32,4;32,1;32;32,1;31,8;31,7;32,4;32,1;32,2;32,2;32,5;32,5;32,9;32,2;32,8;32,6;32,9;32,9;33,2;33;33,3;33,4;33,7;33,8;34;34,4;34,4;35;34,9;34,6;34,9;35,2;35,5;36;36,4;36,1;35,9;36,3;36,7;37;37;36,9;36,9;37,4;37,8;38,1;38,5;38,6;38,9;38,9;39;39,3;39,4;40,1;40,2;40,6;40,8;40,8;41;41,2;41,6;42,4;42,4;42,5;43;43,5;43,6;44,1;45;44,8;45,4;45,4;45,4;45,2;45,9;45,4;46,1;45,9;45,3;45;44,9;44,6;44,1;44;43,7;43,1;42,8;42,2;41,7;41,6;41,7;41,6;41,2;40,6;40,3;39,8;39,8;40;39,5;39,1;39;39;38,9;38,5;38,3;38,3;38,4;37,8;37,2;37,4;36,6;36,8;36,9;36,7;36,7;35,9;36,6;35,9;35,9;35,8;35,8;35,2;35,6;34,6;34,9;34,4;34,7;34,4;34,3;34,4;34,2;34,1;33,7;33,8;33,6;33,2;33,8;33,3;33,4;33,2;33,1;33,4;33;33;33,1;33;32,7;32,6;33;33,1;32,9;32,9;32,7;32,6;32,7;33,1;32,8;32,9;32,8;32,7;33;33,5;33,3;33,1;33;33,2;33,1;33,3;33,1;33,2;33,2;33,5;33,4;33;33,3;33,1;33,2;33,2;33,4;33,2;32,7;32,8;32,8;32,2;32,6;32,6;31,8;32,1;31,7;32;32;31,5;31,7;31,4;31,4;31,5;31,7;31,1;31,1;31,1;31,3;30,7;30,4;30;29,2;28,5;27,6;27,6;27,3;26,8;26,1;24,4;22,6;21,9;20,6;20,4;20,4;20,4;20,8;20,6;20,2;20,6;20,6;20,5;20,6;20,2;20,1;20,4;20,2;20,2;20,2;20,1;20,2;20,6;20,4;20,1;20,1;20,1;20,1;20,4;20,6;20,2;20,2;20,2;20;20;20,1;19,9;20,7;20,7;20,7;20,6;20,6;20,7;20,4;20,1;19,8;20;20,2;19,9;19,8;19,6;20,1;20,4;20,2;20,5;20,5;20;20;20,4;20,5;20,4;20,2;20,4;20,1;20;20,5;20,4;20,2;20,2;20,5;20,5;20,5;20,7;20;19,9;20,1;19,9;20;20;19,6;19,6;19,5;19,6;20,2;20,5;20,2;20;19,9;20;19,9;20,1;19,9;20,1;20,1;20,1;19,8;20,1;20;20,4;20,1;20,2;20,4;20,4;20,6;20;19,8;20,4;19,9;20;20,4;19,9;20,2;19,3;20,7;19,5;20;19,9;20,2;19,6;20,2;20,5;19,8;20,2;20;20,5;20,1;20,1;20,6;20,2;20,2;20,7;20,6;19,9;19,9;20;20,1;20,1;19,6;19,9;20,2;20,6;20,5;20;20,2;20,2;19,9;20,1;19,6;20,4;20;20,1;19,8;19,8;19,8;20,4;20,2;20,5;20,4;19,4;19,6;19,6;19,8;20;20,2;20,2;20,4;20,1;19,5;19,3;19,5;19,9;20,1;20,4;20,2;20,1;20,1;19,8;19,4;20,920,9;20,9;20,4;20,2;20,7;21,1;20,4;20,4;20,6;20,5;20,9;21,1;20,9;20,7;20,6;20,7;20,5;20,5;20,5;20,5;20,7;20,5;20,4;20,4;20,9;20,4;20,8;20,7;20,4;20,4;20,2;20,2;20,5;21,2;20,9;21,2;20,7;21,2;20,9;20,7;20,6;20,7;21,1;21,5;21,2;20,8;20,7;20,6;20,8;20,8;20,7;20,6;21,1;20,9;20,8;21,2;20,8;20,8;20,7;21,1;20,6;20,6;20,6;20,2;20,2;20,4;20,6;21,2;20,8;20,5;21,1;20,1;20;20,4;20,8;20,7;20,7;20,4;20,1;20,1;20,2;20,7;20,4;20,5;20,5;19,9;20,1;20,4;20,6;20,1;20,4;20,5;20,6;20,5;20,2;20,4;20,5;20,4;20,5;20,5;20,1;19,9;20,4;20,9;20,9;21,1;20,9;20,6;20,4;20,4;20,5;20,4;20,5;20,4;20,1;20,6;20,7;20,4;20,4;20,2;20,1;20,5;20,2;20,6;20,7;20,2;20,1;20,5;20,5;20,4;20,5;20,2;20,2;20;20,1;20,5;20,5;20,5;20,1;20,4;20,5;20,4;20,4;20,5;20,6;20,4;20,4;20,5;20,6;20,4;20,5;20,5;20,4;20,4;20,1;20,1;20,1;20,4;20,5;20,5;20,5;20,6;20,7;20,4;20,1;20,1;20,1;20,2;20,1;20,1;20,5;20,4;20;19,9;20;20,1;20;20,1;20,2;19,9;19,9;20;20,1;20,1;20;20;20,1;19,6;20;20,2;19,9;20;20,5;21,9;24,8;26,1;26,5;26,4;27,2;27,1;28,4;29,9;30,1;30,5;30,1;31;30,4;31,1;31,2;31,1;30,4;30,7;31;31,4;31,6;30,8;31,1;31,7;31,8;31,8;32;31,3;31,5;32,1;31,7;32,5;31,7;31,8;32;32;32;31,8;31,8;31,6;31,3;31,7;31,8;31,6;31,5;31,6;31,6;31,6;31,8;31,7;31,6;31,5;31,7;32,1;32,1;32,2;32,2;31,8;31,8;31,6;31,7;32;32,1;32,2;31,6;31,8;31,8;32,9;32,6;32,4;32,4;33,1;32,9;32,8;33,2;33,2;33,4;33,5;34,1;34,1;34;34,4;34,3;34,5;34,6;35,1;35,1;35;35,5;35,8;35,6;36;36,1;35,9;36,1;36,4;37,1;37,1;36,9;37,1;37,5;37,8;38,1;38,5;39;38,8;39;39,3;39,5;40,1;40,1;40;40,4;40,4;40,9;41,2;41,1;41,8;41,9;42;42,9;42,4;43,3;43,8;43,5;44,1;44,2;44,3;44,5;45,1;45,1;44,6;44,8;44,3;44,5;43,9;44,1;44,1;43,9;43,1;42,7;42,5;41,9;41,7;41,5;41,2;41,2;41;40,7;40,4;40,2;40,2;39,9;39,4;39,2;39;39;39;38,9;38,2;38,3;38,3;38,1;37,9;37,4;37,2;37,1;36,8;36,5;36,5;36,6;35,9;36,5;36;35,9;35,9;35,8;34,7;35,3;35,4;35;34,5;34,3;34,3;34;34,4;33,6;33,5;33,5;33,5;33,5;33,2;33,1;33,3;33;33;32,9;33,2;33,3;33;32,9;33;32,7;32,7;32,8;32,8;33;33;33;32,5;32,5;33;32,8;32,8;32,8;32,7;32,7;33,1;33;32,7;33,1;32,9;32,9;33,3;33,2;32,8;33;33,1;32,8;33,1;33,3;33;33,3;33,1;33,1;33,2;32,7;32,9;32;32,2;32,4;32,5;32,1;32,6;31,7;32;31,2;31,3;31,5;31,5;31,3;31,4;31;31;31,6;31,3;31,2;31,6;30,5;29,7;29;28,7;27,9;27,1;26,8;26,8;26,2;24,5;22,8;21,9;20,6;20,2;20,2;20,2;20,5;20,5;20,4;20,2;19,9;19,9;20,1;20;20;20,2;20,4;20,2;20,5;20,5;20,2;20,1;20;20,1;20,6;20,4;19,9;20;20,2;20,6;20,6;20,4;20,1;20,2;20,6;20;19,9;20;20,2;20,4;20,1;20,6;20,6;20;20,1;20,1;20,2;20,4;20,2;20,4;20,5;20,1;20,2;20,4;20,1;20,2;20,5;20,5;20,1;20,2;20;20,1;20,5;20,5;20,5;20,2;20,2;20,2;20,4;20,2;20,2;20,7;20,2;20;20,4;20,1;19,8;19,5;20;20,1;20;20,1;20,4;20,4;19,6;19,4;19,6;20,1;19,8;20;20;19,8;20;19,8;20;20,1;20,2;20,5;19,9;19,9;20;20;20,1;20,9;20,1;19,5;19,6;19,8;20,5;19,6;20,2;19,5;19,5;19,8;19,6;19,4;20,7;20;20;20,1;20,1;19,9;20,4;19,9;19,6;19,5;19,5;19,4;19,9;20,2;20,1;20,2;20,2;20,1;20;20;19,6;19,8;19,9;19,6;19,9;20,4;20,5;19,9;19,5;19,6;19,3;19,3;20;20,1;19,6;20,1;19,2;19,4;20,1;20,4;19,9;19,8;20;19,8;19,9;20;20,2;19,9;19,8;19,8;19,6;19,6;19,6;19,8;19,8;20,2;20;20;19,8;20;19,4;20,120,6;20,7;20;20;20,1;19,9;19,9;20;20,5;20,6;20,8;20,7;20,4;20,4;20,7;20,8;20,4;20,2;20,6;20,8;20,5;20,4;20,7;20,9;20,2;20,6;20,8;20,2;20,6;20,7;20,7;20,5;20,4;20,4;20,9;20,8;20,7;20,9;20,6;20,8;20,8;20,6;20,9;21,4;21,1;20,9;20,9;20,4;20,1;20,5;20,5;20,5;20,9;20,9;20,4;20,8;20,5;20,2;20,6;20,8;20,5;21,1;20,2;20,8;20,4;20,8;20,2;20,4;20,4;20,2;20,7;20,6;20,8;20,6;20,7;20,2;20,2;20,4;20;20,4;20,1;20,5;20,8;20,1;20,4;20,5;20,5;20,7;20,5;20,6;20,2;20,6;20,9;20,6;20,4;20,5;20,6;20,1;19,8;20,2;20,4;20,6;20,7;20,9;20,7;20,2;20,4;20,5;20,4;20,1;20,1;20,4;20,4;20,4;20,5;20,6;20,6;20,4;20,5;20,5;20,2;20,7;20,7;20,2;20,5;20,2;20,2;20,5;20,2;20,4;20,4;20,2;20,4;20,2;19,9;20;20,6;20,4;20,2;20,4;20,2;20;20,1;20,2;20,1;20,1;20;20,4;20,4;20,2;20;19,8;20,4;20,5;20,2;20,4;20,2;20;20,4;20,6;20,2;20;20;20,1;20,5;20,6;20,1;19,8;20,1;20,1;20;19,9;19,9;19,9;19,8;19,6;20,1;20;19,9;19,5;19,9;20;19,8;19,9;19,9;20,2;20;19,9;19,8;20;19,8;20;20,6;22,2;24,6;26,3;26,1;26;26;26,7;27,2;29,4;29,9;30,7;30,3;30,8;30,6;31;30,9;30,8;30,5;31,1;31,1;31,8;31,1;31,8;31,1;31,8;31,7;32;32,4;31,1;32;31,2;31,5;31,7;32,1;32,1;31,7;31,4;31,7;31,8;32;32,2;32,1;32,1;31,6;31,7;31,8;31,5;31,4;31,4;31,5;31,5;31,6;31,6;31,5;31,3;31,6;32;31,8;31,7;31,8;31,6;31,5;31,4;31,4;31,3;31,6;31,6;32;32,2;32,4;32,5;32,6;32,4;32,5;32,7;33,1;33,1;32,9;33,4;33,3;33,5;33,6;34,5;34;34,2;34,5;34,5;34,6;35,1;35,6;36,1;36,1;36,2;36;36,3;36,4;36,6;36,9;37,1;37,1;37,5;37,7;37,8;38,3;38,3;38,4;38,5;39;39,1;39,3;39,4;39,9;40;39,9;40,2;40,7;41,1;41,1;41,7;41,6;42;42,3;42,7;42,5;43,4;43,2;43,4;43,6;44;43,6;44,1;43,7;43,9;43,9;43,6;43,7;43,9;43,6;43,2;42,9;42,8;42,5;42;41,6;41,5;41,3;40,8;40,9;40,8;40,5;40,1;39,9;40;39,2;39;39;38,8;39;38,6;38,5;38,4;38,4;38,1;37,9;38;37,2;36,9;36,8;36,8;36,7;36,2;35,9;35,7;36,3;35,8;35,2;35,4;35,5;34,7;34,5;35,1;34,6;34,3;34,4;33,8;34,2;33,3;33,7;33,8;33,9;33,2;33,3;33,2;33;33,1;32,8;32,7;32,8;32,7;32,4;32,7;33;32,9;32,7;32,5;32,7;32,7;32,5;32,5;32,7;32,6;32,5;32,6;32,5;32,2;32,6;32,8;32,6;32,7;32,9;32,9;32,8;33;32,6;32,9;32,5;33;33,1;32,8;32,8;32,8;33;33;32,9;32,7;32,9;32,9;32,5;32,1;32,1;32;32,2;31,7;31,7;32,1;31,3;31,4;31,2;30,9;30,9;31,4;31,2;31,2;31,3;31,1;31,1;31;31;31;30,3;30;29,2;28,2;27,9;27,7;27,3;26,7;26,3;24,3;22,7;21,5;20,6;20,5;20,2;20,4;20,1;20,1;20,4;20;20,4;20,5;20,2;20,1;20,1;20,2;19,9;20;20,5;20,2;20;20,1;20,2;20,2;20,5;20,5;20;19,8;20,1;20,1;20,1;19,9;19,6;20,1;20,2;20,1;20;20,2;20,4;20;20,1;20,4;20,5;20,1;20;20,1;20,4;20,5;20,4;19,8;19,9;20;20;20;20,2;20,1;19,6;20;20,4;20,2;20;20,1;20,1;19,8;20;20,1;19,9;19,8;20,1;20,2;20,1;20,4;20,1;19,9;19,3;19,4;19,8;19,9;20,1;19,9;19,8;20,1;19,9;20;20,2;19,8;19,6;19,6;19,9;20,1;20,1;19,9;19,9;19,8;19,6;20;20,1;20,2;19,6;19,6;20,1;19,8;20,1;20,2;19,9;20;20,2;19,8;20,1;19,8;19,3;20,4;20,1;19,6;19,9;19,4;20,6;19,8;19,8;19,5;19,4;20;19,8;19,8;19,9;20,2;19,9;19,9;20;19,6;20;20,2;19,6;19,6;19,9;20;20;19,8;20;19,9;20,5;20,4;19,6;19,4;19,9;21,1;19,6;20,1;20,6;19,8;20,4;19,6;19,6;19,9;19,3;19,6;19,6;19,2;19,6;19,4;20,1;19,9;19,6;19,5;19,8;19,5;19,2;19,5;19,5;19,2;19,6;19,8;19,5;19,6;19,3;19,4;19,8;19,220,6;20;20,7;20,4;20,6;20,5;21,1;20,6;20,8;20,9;21,2;20,7;20;20,2;20,7;20,6;20,1;20,2;20,6;20,5;20,6;20,4;20,5;20,7;20,1;20,4;20,9;20,8;20,8;21,1;20,6;20,8;19,9;20,7;20,8;20,8;20,4;20,8;20,7;20,9;21,1;20,7;20,5;20,7;20,9;20,7;20,4;20,5;20,7;20,6;20,7;20,8;20,8;20,7;20,9;20,8;20,6;20,6;20,5;21,2;20,6;19,9;20,9;20,7;20,6;20,8;20,4;20,9;20,6;20,4;20,2;21,1;20,5;20,1;20;20,4;20,2;20,9;20,2;20,5;20;20,4;20,4;20,1;20,7;20,6;20,7;20,4;20,7;20,8;20,2;20,1;20,6;20,7;20,2;20,5;20,7;20,1;20,1;20,4;20,5;20,7;20,7;20,4;20,6;20,7;20,2;19,8;20,1;20,6;20,4;20,4;20,5;20,4;20,6;20,8;20,6;20,5;20,7;20,4;20,1;20,5;20,6;20,2;20,5;20,6;20,5;20,7;20,9;20,4;20,4;20,2;20,2;20,4;20,6;20,4;20,4;20,4;20,1;20,4;20,2;20;20,2;20,1;20;20,2;20,2;20,2;19,9;19,5;19,9;20;20,4;20,1;20;20,1;20,2;20,2;20,1;20,4;20,4;20,6;20,5;20,1;20,2;20,2;20;20;19,6;20;20,6;20,8;20,4;20,1;20;20,1;20,1;20,4;19,9;19,6;20;20;19,6;20,1;20;19,9;20;19,9;20,1;19,9;19,6;19,6;20,7;22,2;25,2;26,3;26,4;26,5;27,3;27,1;27,4;29,3;30;30,5;30,7;30,6;30,9;30,3;30,8;30,7;31;30,9;31;31,1;31,8;31,7;32;32,1;31,4;32;31,7;30,9;31,7;32;31;31,6;31,5;32,5;32;31,5;32;32,2;32,2;31,5;31,5;32,1;32;31,8;31,5;31,3;31,4;31,5;31,4;31,2;31,2;31,5;31,7;31,6;31,2;31,6;32;32;32;31,6;32;31,7;32,1;32,1;31,8;31,6;32;32,4;31,5;32,7;32,1;32,2;32,6;32,2;32,7;33,3;33;33;33,6;33,7;34;33,7;34,1;34;34,7;34,4;35,1;35,1;35,4;35,8;35,9;36;36,2;36,3;36,3;36,6;37,1;36,9;36,7;37,1;37,6;37,9;38,4;38,8;38,7;38,4;38,8;38,9;39;39,4;39,8;39,8;39,6;40,2;40,8;40,8;41,1;41,4;41,4;41,4;42,3;42,2;42,4;42,5;42,5;42,7;42,8;43,2;43,2;43,4;43,5;43,5;43,7;43,5;42,8;42,9;42,5;42,7;42,9;42,3;41,8;41,8;41,4;41,2;41,2;40,8;40,7;40,3;40,2;40,1;39,5;39,4;39,2;39;39,2;39;38,6;38,8;38,5;38,6;38;38,1;38;37,4;37,5;37;37,2;37;36,5;36,5;36,1;36;36;35,6;35,3;35,4;35,4;35,2;35,1;34,7;34,5;34,3;34,5;34;34,1;33,8;33,9;33,6;33,7;33,8;33,6;33,5;32,9;33,1;33,3;33;33,1;33,1;32,7;32,6;32,9;32,9;32,9;32,8;32,8;32,6;32,6;32,6;32,5;32,5;32,4;32,8;32,7;33;32,8;32,6;32,7;33;32,8;32,4;32,8;33;33;32,2;33;32,4;32,6;32,5;33;33;32,9;31,8;32,9;32,9;32,5;32,5;32,7;32,5;32,5;32;32,6;32,6;31,5;31,6;31,5;31,7;31,3;31,4;31;31,1;31;30,8;31,1;31,1;31,1;30,7;31;30,8;30,8;30,2;28,8;28,5;27,5;27,2;27,2;26,7;25,8;24;22,8;21,6;20,6;20,4;20,4;20,1;20,5;20,4;19,9;20;20,1;20;19,8;19,9;20,2;20,4;20,2;20,1;20,2;20,1;20,2;20,2;19,9;20,1;20,6;20,4;20,2;20;20;20,2;20,4;20,5;20,2;20,1;19,9;20;20,4;20,1;20,1;20,1;20,4;20,2;20;20,2;20,1;19,8;20,2;20,2;20,1;20,2;20;19,9;20,2;20,4;20,1;20;20;20,1;20,4;20,1;19,9;19,9;20;19,9;19,9;20;20;20;20,1;20;19,9;20,1;19,5;19,4;20;20,6;20,4;19,9;20,2;20,1;19,6;19,8;20,2;20,2;20,2;20,1;19,9;19,3;20;20,1;19,9;20,6;19,9;19,8;19,8;20,2;19,6;19,3;19,8;20,2;20,1;20,6;20;20,1;20,4;19,9;20,2;20,5;19,8;20,5;20;20,2;20;19,9;20;20,6;19,4;19,8;19,4;19,8;20,1;19,6;20;19,5;19,9;19,8;19,6;19,6;19,8;20;20;20,1;19,8;19,5;20;20,2;20;19,9;20;20,1;20,2;20;20,1;19,8;19,8;19,9;20;19,8;19,6;20,1;20,6;19,4;20,1;20,1;20,2;20,2;19,5;19,2;19,4;19,8;19,6;20;20,5;20;20,2;20,2;19,8;19,6;19,5;19,5;19,3;19,5;19,9;19,9;19,9;19,9;19,2;19,820,5;20,6;20,8;20,6;21,1;21,1;20,9;20,9;21,1;21,1;20,7;20,7;20,7;21,2;21,2;20,7;20,7;20,4;20,4;20,7;20,9;20,7;20,5;20,5;20,5;20,5;20,9;20,9;20,1;20,5;20,6;20,4;20,9;20,6;20,6;20,8;20,8;21,2;21,1;21,8;21,2;20,9;21,1;21,5;21,5;21,1;20,9;20,6;20,6;20,8;20,8;20,9;20,6;20,4;20,6;20,9;21,1;21,1;20,7;20,8;20,9;20,6;20,9;20,5;20,8;20,5;20,5;20,7;20,8;20,8;20,6;20,5;20,7;21,1;20,8;20,8;20,9;20,5;20,9;20,7;20,6;20,8;20,5;20,8;20,5;20,4;20,5;20,7;20,5;20,8;20,6;20,9;20,9;20,8;20,4;20,1;20,2;20,2;20;20,4;20,4;20,5;20,6;20,7;20,7;20,8;20,9;20,7;20,4;20,1;20,4;20,7;20,8;20,7;20,6;20,5;20,4;20,6;20,6;20,6;20,5;20,4;20,6;20,5;20,4;20,4;20,4;20,5;20,2;20,5;20,6;20,4;20,5;20,7;20,6;20,6;20,6;20,4;20,1;20,5;20,7;20,2;20,4;20,5;20,6;20,7;20,4;20,1;20;20,2;20,2;20,4;20,6;20,5;20,5;20,5;20,7;20,6;20,6;20,7;20,5;20,1;20,2;20,4;20,6;20,6;20,5;20,4;20,6;20,4;19,9;20,1;20,4;20,6;20,4;20;20,2;19,8;19,8;19,9;19,9;20,1;20;20,2;19,9;20;20,1;19,8;19,9;19,8;20;20,1;20,6;21,9;25,1;26,4;26,5;26,6;27,3;26,3;27,5;28,9;30,5;30,8;30,7;30,7;30,6;30,8;30,8;30,6;31;31;31,6;32;31,8;31,8;31,6;32,2;32,4;32;32,1;31,7;32;31,7;32;31,7;31,5;32,2;32,1;32;32,1;32,4;32,2;31,6;31,8;32,1;31,7;31,6;31,8;31,7;31,5;31,6;31,8;32;31,7;31,6;31,5;31,5;31,6;32;31,7;32,2;32,4;31,8;31,6;31,6;32,1;32,1;32,2;32;32,2;32,4;32,2;32,5;32,9;32,6;32,8;32,5;33,2;33;33,4;33,6;33,4;33,4;34;33,9;34;34,1;34,7;35;35;35,4;35,3;35,4;35,6;36;36,4;36,3;36,1;36,2;36,9;37,1;37,2;37,2;37,6;38,2;38,2;38,3;38,5;38,2;38,7;39;39,2;39,3;39,8;39,9;40,1;40,2;40,5;40,5;40,8;41,1;41,2;41,2;41,8;41,7;41,7;42,7;42,5;42,8;42,9;43;43,1;43,2;43,2;42,9;42,8;43,1;42,7;42,7;42,4;42,7;42,5;41,9;41,5;41,5;41,2;41;41,2;41,2;40,9;40,4;40,2;40;39,9;39,8;39,3;39,1;39,2;39;38,7;38,7;38,6;38,2;38,3;38,3;37,8;37,2;37,1;37,1;37,2;36,7;36,4;36,5;36,3;35,9;35,9;36,1;35,4;36,1;36;34,9;35,1;34,7;34,6;34,9;34,2;33,8;34,5;34;33,8;33,8;33,8;33,6;33,3;33,2;33,1;33,2;33,3;33,3;33,2;33,2;33,1;33;33,2;33;33,2;33;33;32,8;32,8;33;32,9;32,9;32,9;33;32,9;32,8;32,9;33,1;32,9;33,1;33,1;33,1;33,2;32,8;32,6;32,7;32,9;32,7;33,2;33;33,1;33,1;33,2;33,1;33,5;33;33;33,5;32,6;32,4;32,8;31,8;32,5;32,4;32,4;32,5;31,8;32;31,8;31;32;31,3;30,9;31,4;31,4;31,3;31,4;30,7;31,2;31,1;30,5;30,1;29,4;28,2;28;27,7;27,3;27,3;26,2;24,5;23;21,9;20,7;20,4;20,4;20,5;20;20,2;20,5;20,4;20,4;20,1;19,6;20;20,1;20,1;20,5;20,2;20,2;20;20,5;20,6;20,2;20,6;20,7;20,5;20,2;20,2;20,8;20,7;20,1;19,9;19,9;19,8;20;20,1;20,5;20,6;20,2;20,4;20,1;20,4;20,6;20,5;20,1;20,2;20,5;20,6;20,6;20,1;20,1;20,2;20,4;20,6;20,5;20,4;20,4;20,1;20,5;20,4;20,2;20,1;20,2;20,1;20;20,2;20,2;20,2;20,2;20,2;20,5;20,4;19,9;19,8;20,1;20,2;20,1;20;20,2;20,5;20;19,5;19,9;20,5;20,4;20,2;20,2;20,2;20;19,9;20,1;20,1;20;20;20,1;20,6;20,1;19,8;20,2;20,2;20;19,3;19,9;20;20,1;20,7;19,6;20,6;20;20;19,6;19,6;20,6;20,4;20;20,4;20,5;20,5;20;20,1;20,5;20,1;20,2;20,6;20,4;20,1;20,2;20,1;19,9;19,8;20,1;20,1;20,2;20,2;20;20,2;20,1;19,9;20,1;19,9;20,1;19,8;19,9;19,9;20;20;19,9;20,1;19,6;20,2;20,6;19,4;19,9;19,4;19,6;20;20,2;19,9;20;20;20,4;20;19,5;19,2;19,8;20,4;19,9;19,8;20;19,9;19,8;20,4;20,1;20,4;19,6;19,9;19,6;19,420,4;20,6;21,1;20,5;20,8;20,2;20,6;20,9;20,7;20,8;20,9;20,8;20,6;20,5;20,9;20,9;20,8;21,1;20,8;20,8;20,8;20,6;20,8;20,8;21,2;20,8;20,6;21,1;20,2;20,7;20,6;20,1;21,1;20,9;21,2;21,2;20,9;21,4;20,9;20,5;20,6;20,6;20,8;21,1;21,1;20,9;20,8;20,8;21,1;21,2;20,9;20,8;20,9;21,1;20,8;20,7;21,1;20,8;21,2;20,6;20,6;20,7;20,5;20,6;20,6;20,2;20,7;20,4;20,9;20,5;20,6;20,7;20,2;20,7;20,8;20,7;20,5;20,7;20,2;20,2;20,6;20,1;20,7;20,4;20,5;20,5;20,2;20,7;20,5;20,2;20,4;20,7;20,4;20,5;20,5;20,5;20,5;20,5;20;20,4;20,5;20,5;20,5;20,4;20,5;20,7;20,5;20,6;20,5;20,2;20,5;20,4;20,5;20,6;20,7;20,9;20,7;20,7;20,4;20,2;20;20,6;20,5;20,4;20,6;20,6;20,6;20,4;20,4;20,5;20,6;20,6;20,7;20,7;20,6;20,2;20,2;20,5;20,6;20,4;20,4;20,1;20,2;20,5;20,4;20,1;20,2;20,2;20,4;20,4;20,1;20,1;20,2;20,4;20,4;20,6;20,8;20,4;20;19,8;20;20,5;20,5;20,2;20,6;20,6;20,4;20,1;20;20,2;20,5;20,4;20,2;20,2;20,1;20;20,1;20,2;20,1;20,1;20,1;20,1;20;19,9;19,9;20,2;20,1;19,8;19,8;19,8;20,1;20,5;20,7;21,8;25,4;26,3;26,5;26,2;26,6;27,3;27,6;29,3;30,3;30,8;30,4;30,8;30,4;30,7;31;31,1;31;30,9;31,4;31,8;31,2;31,7;31,6;31,4;31,8;32,2;31,4;31,6;31,8;32;31,8;32;32,2;32,1;32;31,7;32,1;31,8;32,1;32,1;31,6;31,8;32;31,6;31,8;31,8;32,1;32;31,4;31,2;31,5;31,8;32;31,8;31,8;31,7;31,5;31,5;31,3;31,4;32;31,8;32;32;31,8;32,1;32;31,6;32,6;32,2;32,8;32,8;32,7;32;33,5;33,3;33,1;33,3;33,1;33,6;33,9;33,8;34;34,2;34,4;35;35,2;35;35,1;35,3;36;36;36,2;36,5;36,4;36,3;36,8;36,9;37;37,2;37,7;37,8;38,1;38,2;38,5;38,7;38,7;38,7;39;39,6;39,6;40;39,5;39,9;40,2;40,6;40,7;40,6;40,9;40,9;41,2;41,4;41,4;41,9;42,3;42,8;42;42,7;42,6;42,4;42,9;42,5;42,7;42,2;42,3;42,5;42,7;42,3;42;41,7;41,5;41,4;41,2;40,8;40,6;40,5;40,2;40,1;39,6;39,5;39,8;39,5;39,2;39,1;38,9;38,6;38,7;38,7;38,5;38;37,8;37,7;37,5;37;37,1;36,8;36,6;36,7;35,9;36,3;36,2;35,8;35,9;35,9;35,2;35,8;35,2;35;34,6;34,9;34,3;34,3;34,4;33,6;33,9;33,8;33,9;33,9;33,7;33,3;33,1;33;33,2;33;33;33;33;33;32,7;32,6;32,9;33;32,8;32,7;32,7;32,6;32,6;32,6;32,7;32,8;32,6;32,5;32,5;32,2;32,6;33;33;32,8;32,6;32,9;32,7;32,6;33;33,1;33,1;33,1;33,2;32,8;32,6;32,6;33,2;33;33,2;33,5;33,2;32,9;32,7;32;32,4;32,4;32,5;32,6;32,4;32,6;31,5;31,3;31,6;31,6;31,6;31,4;31,2;30,8;31,1;31,2;31,5;31,2;31,2;31;30,5;30;28,9;28;28;27,5;27,3;26,8;25,8;23,7;22,5;21,6;20,8;20,6;21,1;20,9;20,4;20;20;20,4;20,5;20,5;20,7;20,7;20,6;20,7;20,6;20,7;20,4;20,4;20,4;20;20;19,8;20,1;20,5;20,6;20,7;20,5;20,1;20,4;20,4;20,1;20,2;20,6;20,1;20,1;20,2;19,8;20;20,2;20,5;20,5;20;19,9;19,9;20,1;20,5;20,7;20,4;20,1;19,9;19,9;20;20,1;19,8;19,9;20;20,1;20,2;20,5;20,7;20,2;19,9;20;19,9;20,1;20,1;20;20,2;20,2;20,4;20;19,6;20;20,6;20,4;20,1;20,5;20,5;20,4;20;20,2;20,4;20,1;20;19,8;19,9;20;19,8;20,5;20,4;20;20;19,9;20,7;20,9;20,2;20,5;20,2;20;20,4;20,4;20;19,9;19,2;20;20,9;19,4;19,8;20,1;20,1;20,1;20;19,5;19,9;20,5;19,6;20,2;19,9;19,5;19,9;19,8;19,6;19,9;19,6;19,9;20,1;20;19,9;20;20;20,1;20,1;20;19,8;19,9;20;19,8;20;20,1;19,9;19,9;19,9;19,8;20,4;20,2;20,1;20,2;20,6;20,1;19,4;20,4;19,6;20,1;20,6;20,4;19,8;19,9;19,6;19,8;19,6;19,8;19,6;20,1;20,2;20;20;20;20,1;20;20;19,9;20,2;19,5;19,3;19,8;19,920,5;20,2;20,6;20,6;20;20,4;20,5;20,9;20,6;20,8;21,5;21,2;20,8;20,6;20,5;20,7;20,5;20,4;20,8;21,1;21,2;20,9;20,9;20,6;20,7;20,2;21,1;20,4;20,6;20,8;20,7;20,5;21,2;21,2;20,6;21,1;20,8;20,7;20,7;20,8;20,7;20,9;20,9;21,1;21,1;21,2;20,9;20,7;20,6;20,5;20,6;20,9;21,4;21,1;20,8;21,5;20,5;20,6;20,6;20,6;20,7;20,9;20,7;20,9;20,7;20,7;20;20,4;20,6;20,7;21,1;20,8;20,5;20,8;20,6;20,7;20,9;20,6;20,4;20,8;20,5;20,6;20,5;20,2;20,7;20,6;20,4;20,4;20,4;20,5;20,5;20,2;20,6;21,1;20,9;20,6;20,5;20,2;20;20,4;20,7;20,7;20,5;20,5;20,5;20,7;20,6;20,5;20,6;20,6;20,7;20,6;20,4;20,5;20,6;20,5;20,6;20,4;20,6;20,7;20,6;20,9;20,7;20,7;20,7;20,7;20,9;20,9;20,5;20,5;20,5;20,2;20,4;20,4;20,6;20,6;20,5;20,2;20,2;20,2;20,4;20,4;20,2;20,6;20,5;20,2;20,2;20,5;20,7;20,6;20,5;20,1;20,4;20,7;20,5;20;20,4;20,6;20,5;20,5;20,5;20,4;20,1;20,2;20,5;20,4;19,9;20,1;20,4;20,2;20,4;20,7;20,6;20,2;20,2;20,4;20,2;20,5;20,5;20,2;20;20,2;20;20,1;20,2;20,5;20,2;20;20;20,1;19,6;19,8;20,2;22;25;26,3;26,3;26,3;27,2;27,1;28;29,3;30,3;30,4;30,6;30,6;30,9;31,2;31,1;31,3;31,3;31,3;31,5;31,4;32,2;31,8;31,5;31,2;32;32,1;31,6;31,4;32,2;32,4;32,1;31,7;31,8;31,8;32,1;31,7;32,4;32;32,4;31,4;31,7;31,8;32;32;31,6;31,5;31,8;31,8;31,6;31,4;31,8;32,1;31,7;31,6;31,5;31,6;31,6;31,6;31,5;31,6;31,6;31,5;31,6;31,6;32;32;32;31,8;32,6;32,2;33;32,7;32,5;32,4;32,7;33,3;33,3;32,8;33,1;33,2;34,1;34;34,6;34;34,5;34,5;34,5;35;35,4;35,7;35,6;35,6;36,3;36,2;36,4;36,6;36,9;36,9;37,1;37,4;37,5;37,7;38;38,2;38,3;38,2;38,6;38,9;38,9;39;39,4;39,5;39,8;39,8;40,2;40,4;41;40,9;41,1;41;41,3;41,1;41,3;42;42,4;42,6;41,9;42,2;42,4;42,5;42;42,3;42,4;42,7;42,2;42,3;42,2;41,8;41,9;41,4;41,3;41,1;41;40,7;40,3;40,1;40,4;40,2;40,2;39,8;39,2;39,3;39;38,8;39;38,9;38,5;38,3;38;38;37,5;37,4;37,7;37,5;37,4;36,4;36,5;36,5;36,4;36,4;36,2;36,1;35,6;35,5;35,6;35,4;35;35,4;34,6;34,5;34,5;34,3;34,1;34,1;33,6;33,8;33,7;33,8;33,6;33,6;33,4;33,1;33,1;33,2;33,3;33,3;33,1;33,2;32,9;32,7;33,1;33,1;32,8;32,7;32,5;32,5;32,6;32,6;32,8;32,7;32,6;32,6;32,8;32,9;32,9;32,7;32,7;33,2;32,7;33;33,1;33,2;33,2;32,8;32,7;32,5;33,2;33;32,5;32,9;33,1;33;33,4;33;32,7;32,6;33,1;32,4;32,5;31,5;32,6;32,5;32;32,2;31,8;31,8;31,5;31,5;31,5;31,2;31,1;31,4;31,2;31,1;31;30,8;31;30,5;30,5;30,1;29,5;28,4;27,6;27,1;27,4;27,2;26;23,9;22,8;21,8;20,8;20,2;20,2;20,4;20,7;20,6;20;20,1;20,5;20,6;20,5;20,7;20,5;20,5;20,4;20,5;20,4;20;20,1;20,5;20,6;20,5;20,1;20,2;20,4;20,2;20,2;20,5;20,7;20,5;20,5;20,5;20,5;20;20,4;20,7;20,4;20,2;20,4;20,6;20,5;20,1;19,8;20,1;20,5;20;20,2;20,4;20;20,2;20,4;20,1;20,4;20,1;20;20,6;20,6;20,2;19,8;20;20,5;20,2;20,2;20,4;20;20,2;20,6;20,2;20;20,2;20,6;19,9;19,9;20,4;20;19,8;20,1;20,1;19,6;20;20;19,9;20,2;20,2;20,1;19,8;19,8;20,1;20,2;20,1;20,2;20;20,2;20,4;20,2;20,2;20,4;20,6;19,8;21,1;19,6;20,2;20,1;20;19,8;19,9;20,4;19,9;20;20,2;19,9;20,4;20,5;20;20;20,2;20,1;19,9;20,5;20,2;20,4;19,8;19,9;20,6;20,2;20,1;20,2;20,4;20;20,2;20,5;20,2;20,2;19,9;19,9;20,4;20;19,5;20,2;19,9;19,8;19,5;20,4;20,2;20,1;20,1;20,5;20;19,5;19,5;19,6;20,1;19,9;19,9;20,2;20;20,5;19,9;19,9;20;20;20,2;20,6;20,1;19,4;19,5;19,8;19,9;20;20,4;20;20;19,3;19,9;19,3;19,920,6;20,5;20,6;20,6;20,4;20,4;20,6;20,9;20,7;20,4;20,8;20,9;20,8;20,9;20,8;20,6;20,4;20,6;20,8;20,8;20,8;20,8;20,9;20,9;20,4;19,9;20,9;20,7;20,8;20,7;20,1;20,8;20,5;20,5;20,5;20,5;20,2;20,6;20,6;20,8;20,7;20,5;20,4;20,7;20,6;20,4;20,6;20,7;20,4;20,5;20,6;20,7;20,6;20,4;20,5;20,8;20,6;20,4;20,5;20,6;20,6;20,6;20,2;20,4;20,4;20,5;20,1;20,7;20,7;20,5;20,8;21,1;20,5;20;20,5;20,5;20,6;20,6;20;20,2;20,2;20,8;20,8;20,5;20,4;20,2;20,2;20,1;19,9;20,1;20,2;20,1;20,2;20,2;20,2;19,6;20;20,4;20,2;20,4;20,4;20,5;20,5;20,2;20,2;20,2;20,5;20,4;20,2;20,1;19,8;20;20,5;20,1;20,1;20,4;20,5;20,8;20,9;20,6;20,4;20;20,2;20,4;20;20,4;20,7;20,8;20,5;20,1;20,2;20,1;20,2;20,1;20,1;20,1;20,5;20,2;20,2;20,4;19,9;19,8;20;20,2;20,5;20,2;20,5;20,7;20,1;20,1;20,2;20,1;20,4;20,2;20,1;20,1;20,4;20,1;20;20,1;20,4;20,4;20,1;20;20,2;20,5;20,2;20,2;20,1;20,2;20,1;20,2;20,2;20;20,2;19,9;19,9;20,4;20,1;19,8;20,1;20,2;19,6;19,9;20,4;20,2;19,8;20;20,1;19,9;19,6;20;20,5;22;25;26,4;26,5;26,5;26,6;26,8;27,4;29,2;29,9;30,6;30,7;30,4;30,9;30,9;30,7;30,7;31;30,6;31,3;31,4;31,6;31,4;31,7;30,9;31,8;32,4;31,5;31,2;31,6;31,8;31,5;31;31,8;32;32;31,8;31,7;32;31,8;31,5;31,6;31,8;32;31,5;31,5;31,6;31,4;31,4;31,5;31,6;31,5;31,6;31,8;31,6;31,7;31,7;31,4;31,6;31,7;31,6;31,6;31,4;31,6;32;31,7;31,6;32,1;32,1;32,1;31,6;32,2;31,7;32,5;32,4;32,6;33,1;33,1;32,9;33,3;33,2;33,7;33,8;33,9;34,2;34,5;34,1;34,6;34,7;35,4;35,5;35,8;35,6;35,7;36;36,1;36,3;36,5;36,6;36,7;36,7;37,2;37,6;37,6;37,9;38,3;38,3;38,4;38,8;38,8;39;39,5;39,4;39,3;39,8;39,9;40,2;39,9;40,7;40,5;40,7;40,6;41;41,1;41,2;41,6;41,9;41,8;41,9;41,8;42,2;41,8;41,7;41,9;41,9;41,8;41,5;41,5;41,3;41,3;41,1;41,1;41,1;40,9;40,8;40,8;40,5;40,2;39,9;39,6;39,6;39,5;39,2;38,8;38,7;38,8;38,5;38,3;38,3;38,2;37,9;37,9;37,9;37,2;37,1;36,6;36,3;36,2;36,1;36,2;36,2;36;35,9;35,6;35,7;35,7;35,1;35,2;34,9;34,6;34,7;34,4;34,9;34;34,2;33,9;33,8;33,4;33,7;33,6;33,3;33,1;33,1;32,9;33,1;32,9;32,7;33;33,2;32,7;32,7;32,6;32,2;32,7;32,8;32,6;32,8;32,7;32,8;32,8;32,5;32,1;32,4;32,5;32,4;32,4;32,5;32,2;32,5;32,6;32,9;32,9;32,7;33,1;32;32,2;32,6;33,3;32,5;32,7;33,5;32,7;33,1;32,8;32,4;32,6;32,9;32,1;32,4;32,7;31,7;32,4;32,4;32,4;32,4;31,8;32;31,4;31,7;31,3;31,1;31,5;31,3;31,3;30,2;30,8;30,8;30,6;30,7;30,6;29,5;29,2;28,1;27,4;27,2;27,2;26,8;26,4;24,5;22,7;21,6;20,4;20,1;20,4;20,4;20,4;20,2;20,2;20,4;20,4;20,6;20,1;20;20,2;20,2;20,2;20,4;20,6;19,9;19,9;20,1;20,1;19,9;19,8;20;19,9;19,8;20,2;20,4;20,2;20,1;19,8;20,1;20,5;20,2;20,1;20,5;20,1;20,1;20,6;20,5;20,4;20;19,8;20,1;20,1;20;20;19,9;20,1;20,1;20,4;20,6;20,2;19,9;19,6;20,1;20,4;20;19,6;19,8;19,9;19,9;19,9;19,8;19,6;19,9;20;19,9;20;19,9;19,6;19,5;19,8;19,9;19,8;19,8;20;19,5;19,6;20;19,9;20;20;20;19,5;19,5;19,8;20;20,8;20,2;19,4;19,9;20,1;19,9;19,8;19,9;20;20,2;19,5;19,5;19,2;19,6;19,6;19,5;19,5;19,9;19,8;19,8;20;20;19,5;19,8;19,4;20;20,1;20;19,5;19,5;19,9;20,5;19,9;19,8;19,8;20,1;20,1;20,2;20;19,5;19,4;20;20;19,5;19,4;19,8;19,9;19,8;19,8;19,9;20,2;20,2;19,9;19,9;20,7;20,2;20,5;19;19,8;20,6;20;19,5;19,5;20;19,6;20,6;20,6;19,6;19,5;19,6;19,6;20,1;19,6;19,8;20,1;19,8;19,4;19,8;19,9;19,6;19,9;20;20,1;20;19,9;20;19,3;19,520,5;20,7;20,4;20,6;20,7;20,6;20,6;20,4;20,2;20,5;20,5;20,7;20,6;20,6;20,7;20,2;20,5;21,1;20,7;20,4;20,2;20,8;20,8;20,7;20,2;20;20,4;21,6;20,6;20,2;20,2;20,2;20,4;21,2;21,2;20,7;20,5;20,8;20,8;20,8;20,8;20,6;20,9;21,1;20,6;20,5;20,9;20,9;20,9;21,2;20,7;20,4;20,5;20,2;20,4;20,5;20;20,2;20,4;20,7;20,4;20,6;20,6;20,1;20,6;20,7;19,8;20,4;20,5;20,2;20,6;20,5;20,7;19,6;19,9;20,8;20,5;20,7;20,2;20,5;20,6;20,5;20,4;20,2;20,1;20;20,5;20,2;20,4;20,1;20,4;20,6;20,4;20,2;20,2;20,1;19,9;20,4;20,2;20,4;20,1;20;20,7;20,4;20;19,8;20,2;20,5;20,1;19,9;20,2;20,2;20,1;20,1;20,2;20,4;20,5;20,1;20,2;20,4;20,1;20,5;20,6;20,2;20,1;20,2;20,5;20,2;20,2;20,4;20,1;20,1;20,4;20,4;20,5;20,5;20,5;20,4;20;20,1;20,4;20;20,2;20,4;20,4;20,2;20,4;20,4;20,2;20,5;20,4;20;20;20,1;20,2;20,2;20,4;20,6;20;19,5;20,1;20,2;20,5;20,2;19,8;20;20;19,6;19,5;19,8;20;20,1;20,2;20,2;20;19,8;19,6;19,9;20,1;19,6;18,9;19,3;19,5;20,1;19,9;20;20;19,9;19,6;20,1;20,1;20,2;20,4;21,4;24,6;25,7;26,3;27,2;26,3;26,8;27,4;29,2;29,5;30,5;30,8;30,6;30,3;30,9;31;30,5;31,1;31,1;31,2;31,3;31,1;31,8;31,4;31,3;31,6;31,7;31,8;31,2;32,4;31,6;31,7;31,7;31,8;32,4;32,4;31,8;31,4;31,4;31,6;31,7;31,7;31,7;31,7;31,2;31,2;31,3;31,7;31,4;31,3;31,6;31,5;31,6;31,7;31,5;31,5;31,4;31,7;31,7;31,6;31,4;31,4;31,7;31,5;31,7;31,8;31,7;31,4;32;32,1;32;32,4;32,5;32,8;32,4;32,6;33,2;33,1;33,1;33,4;33,1;33,1;33,3;34;34,2;34,4;34,4;34,5;34,3;34,9;35;35,3;35,3;35,8;35,9;35,9;36;36,3;36,7;36,8;37;37,2;37,4;37,4;37,9;37,9;37,9;38,1;38,3;38,3;38,8;39;39;39,1;39;39,2;39,9;39,6;40,8;40,4;40,8;40,6;40,8;41,2;41,2;40,9;41,2;41,5;41,4;41,8;42;41,2;41,2;41,4;41,4;41,4;41,3;41,1;41,3;41,1;40,9;40,8;40,6;40,4;40,4;40,3;39,9;39,5;39,2;39,3;39,3;39,3;39;38,9;38,6;38,4;38,3;38,4;38,6;38,2;37,9;37,9;37,6;37,2;37,6;36,9;36,8;36,6;36,6;36,1;36,1;36;35,5;35,6;35,3;35,5;35,2;35;35,1;34,7;34,5;34,3;34,3;33,9;33,8;33,6;33,6;33,4;33,6;33,5;33,4;33,2;33,1;32,8;32,8;32,8;33;32,9;32,8;32,8;32,7;32,6;32,6;32,6;32,2;32,6;32,5;32,2;32,7;32,4;32,5;32,5;32,2;32,6;32,5;32,2;32,7;32,1;32,1;32,8;32,6;32,8;32,5;32,1;33;33,3;33,1;32,8;33,2;33,2;32,1;32,8;32,8;32,9;32,9;32,5;32,8;32,5;32,2;32,4;32,9;32,4;31,6;32,1;32,7;32;31,5;31,3;30,9;31,2;30,9;31,2;30,9;30,8;31;31,4;31,4;30,9;30,7;30,1;30,1;29,3;28,2;27,8;27,4;27,2;27,3;26,3;24,4;22,3;20,8;20,6;20,5;20,2;19,8;19,8;19,8;19,8;20;20,1;20,2;20,4;19,9;19,6;19,8;20;20,1;20,1;19,9;20,1;20,2;20;19,9;20;20,1;20,1;20,1;20,2;20,1;19,8;19,8;19,8;20;19,9;19,5;20,6;20,4;20,1;20,5;20,1;19,9;20,4;20,2;19,9;20;20,1;20,1;20;19,9;19,6;19,5;19,9;20,2;20,4;20,2;20,1;20;20,2;19,9;19,9;20,1;20;19,8;20;20,2;20;20;20,2;20,1;20,4;20,1;20,1;20,1;19,9;19,9;19,9;19,8;20;20,4;19,5;19,9;20,1;19,5;19,5;19,8;20;20,1;19,6;19,6;20,2;20,1;19,8;19,9;20,2;20,4;19,8;20;19,9;20,4;20;19,6;20,1;20,1;19,3;19,4;19,8;19,8;19,5;20,1;19,8;19,9;19,5;19,8;19,2;19,9;20,5;19,4;19,9;19,9;20,1;20,4;19,9;19,4;19,4;19,8;19,9;20,4;19,8;19,9;20;19,8;19,8;19,9;19,9;19,9;20;20,1;19,9;19,8;19,8;19,9;19,3;19,2;20,4;20,1;19,2;20;20;19,8;19,5;19,2;19,5;19,6;19,3;20;20,1;19,4;19,9;20;19,9;19,6;19,6;20;20,2;20;19,9;20;19,3;19,3;19,6;19,6;20,1;20,5;19,6;19,3;19,2;19,620,7;20,6;20,2;20,6;20,9;20,2;20,7;20,6;20,5;20,5;20,8;20,8;20,5;20,4;20,6;20,7;20,6;20,7;20,5;20,1;20,2;20,2;20,9;20,4;20,7;20,5;20,9;20,7;20,9;20,2;20,6;20,6;20,2;20,6;20,4;20,8;20,6;20,6;21,2;21,1;20,8;20,7;20,6;20,9;21,1;20,8;20,7;20,7;20,7;20,7;20,7;20,8;20,8;20,7;20,6;20,9;20,4;20,6;21,1;21,2;20,6;20,7;20,8;20,6;20,5;20,2;20,4;20,1;20,6;20,2;20,2;20,7;20,1;20,1;20,2;20,5;20,7;20,7;20,7;20,5;20,1;20,6;20,2;20,6;20,6;20,4;20,5;20,7;20,1;20,2;20,6;20,2;20;20,4;20,7;20,7;20,2;20,4;20,4;20,5;20,6;20,7;20,7;20,6;20,4;20,2;20,4;20,4;20,1;20,4;20,4;20,2;20,6;20,6;20,5;20,6;20,7;20,9;20,7;20,6;20,5;20,7;20,7;20,6;20,6;20,4;20,6;20,7;20,7;20,5;20,2;20,4;20,5;20,4;20,2;20,5;20,5;20,2;20,1;20,1;20,6;20,6;20;20;20,2;20,2;20,4;20,5;20,2;20,2;20,2;20,4;20,4;20,2;20,5;20,2;20,1;20,1;20;20;20,6;20,6;20,4;19,9;19,9;20,4;20,4;20,2;20,1;20,2;20,1;20;20,4;20;20,2;20,5;20,2;20,1;20,1;19,8;19,8;19,9;19,9;20,1;20,1;20,1;20,1;20;19,9;19,4;19,5;19,9;20,2;22;24,8;26;26,3;26,8;26,4;26,4;27,1;29,3;30,6;30,2;30,2;30,4;30,6;30,8;31,3;31,4;31,2;31,2;30,9;32,2;31,4;31,7;31,4;31,8;32,2;31,4;31,6;31,4;31,6;32;32,2;31,5;31,7;31,7;32,1;31,7;31,6;32,1;31,6;31,6;31,4;31,8;32;31,8;31,7;31,5;31,5;31,6;31,5;31,4;31,1;31,3;31,7;31,6;31,6;31,8;31,5;31,5;32;31,5;31,7;31,6;32,1;32,4;32,1;32,4;31,8;31,8;31,6;32,4;32,1;32,1;32,8;32,4;32,9;33;32,7;33,1;33,2;33;33,1;33,6;34,3;33,8;34,5;34,4;34,6;34,6;34,6;35,4;35,7;35,5;35,9;36;36,2;36,2;36,5;36,6;36,6;36,9;37,1;37,5;37,8;38;38,3;38,2;38,2;38,7;39;39;39;39,1;39,3;39,5;39,5;40;39,8;40,4;40,7;40,7;40,6;40,8;41;41,2;41,1;41,2;41,3;41,3;41,5;41,4;41,2;41,2;41,3;41,3;41,4;41,2;41,4;41;40,8;41,1;41,1;40,8;40,5;40,7;40,1;39,8;39,8;39,4;39,3;39,4;39;39;39;38,5;38,6;38,6;38,7;38,1;37,6;37,7;37,1;37,1;37,1;37;36,8;36,5;36,5;36,2;36,1;35,9;36,1;35,5;35,4;35,5;35,5;35;34,9;34,9;35;34,3;34,5;34,1;33,9;34;33,6;34;33,7;33,6;33,3;33,4;33,2;33,2;33,1;33;33,1;33;33;32,8;32,7;32,7;32,6;32,4;32,4;32,5;32,6;32,5;32,4;32,6;32,6;32,5;32,5;32,7;32,6;32,6;32,6;32,8;32,8;32,9;32,5;32,7;32,5;32,4;33;32,7;32,6;32,9;32,6;32,7;32,2;32,8;33,5;33;33;32,9;32,9;32,7;33,1;32,4;32,6;31,8;32,6;32,2;32,6;32;31,7;31,3;31,1;31,3;31,6;31,3;31,4;31;30,9;30,9;31,2;31,4;30,9;30,7;30,4;29,9;28,9;28,4;28;27,7;26,8;26,3;25,5;23,8;22,3;21,2;20,2;19,9;19,9;20,2;20,2;19,8;19,9;20;19,6;19,9;20,1;20,2;20,1;20,5;20,6;20,4;20,4;20;19,9;20,1;20,6;20,4;20,6;20,5;19,9;20;20,2;20,5;20,4;20,5;20,5;20,2;20,4;20,2;20,4;20,5;20,4;20,4;20,2;20;19,9;19,6;19,6;19,9;20,5;20,2;20,4;20,1;20;20,6;20,5;20,4;20,2;19,9;20;20,2;20,2;20,4;20,2;20,1;20,5;20,4;20,1;20,2;20;20;20,1;19,9;19,8;20,1;20;19,6;19,8;19,6;19,6;20;20,1;20;20;20,1;19,8;20;20,6;20,4;19,8;19,6;20,1;19,9;20,2;20,1;19,9;20;19,9;20,2;19,8;19,8;19,8;20;20,5;20,1;20,1;20,5;19,3;19,9;20;20,5;20;19,5;20,4;19,9;20;19,2;19,4;19,5;20,2;20,6;19,9;19,6;20;20,2;20,1;20;19,8;20;20,4;20,4;20,2;19,9;19,8;19,9;19,5;19,5;20,1;20,4;20,2;20,2;20,5;20,2;20,1;20;19,8;19,5;19,4;19,6;20;19,6;20,6;20,7;20;20,5;20,1;19,4;20;20;20,1;19,6;19,8;19,5;19,3;20;19,9;19,6;19,8;19,9;20,1;20,1;20;19,6;19,9;20,4;20,5;20,6;19,6;19,8;19,8;2020,7;21,1;20,6;20,4;20,6;20,6;20,4;20,7;20,5;20,9;20,9;20,5;20,7;20,8;20,8;20,7;20,5;20,7;20,6;20,4;20,2;20,4;20,6;21,1;20,6;20,4;20,4;20,8;20,1;21,1;20,5;20,9;20,2;20,8;20,4;20,5;20,9;20,8;20,5;20,8;20,7;20,5;20,6;20,9;21,1;20,8;20,7;20,5;20,7;20,9;20,8;20,9;20,7;20,8;20,9;21,2;20,7;20,5;21,2;20,7;20,5;20,1;20,1;20,2;20,5;20,7;20,4;20,4;20,4;20,7;20,9;20;20,4;20,2;20,8;20,5;20,8;20,2;19,8;20,6;20,6;20,4;20,4;20,8;20,7;20,2;20,1;20,1;20;20,2;20,5;20,2;20,5;20,7;20,5;20,6;20,4;20,2;20,4;20,4;20,6;20,4;20,1;20;20,2;20;19,8;20,2;20,5;20,5;20,8;20,6;20;20,1;20,2;20,5;20,7;20,4;20,1;20,1;20,4;20,5;20,5;20,6;20,6;20,6;20,4;20,4;20,9;21,2;20,7;20,2;20,6;20,5;20,5;20,5;20,4;20,5;20,6;20,8;20,6;20,4;20;20,2;20,1;19,8;20,2;20,7;20,4;20,4;20,5;20,8;20,9;20,2;19,8;19,8;20,1;20;20,2;20,1;20,2;20,5;20,1;20;20,2;20,2;20,1;20,2;20,5;20,7;20,7;20,4;20,2;19,9;19,9;20,1;20,1;19,9;19,9;19,9;20,2;20,4;20;19,9;19,9;19,8;19,8;19,8;19,2;19,6;20;20,5;20,5;21,2;24,8;26,2;26,8;26,6;26,1;26,8;27,3;29,2;30;30,7;30,4;30,6;30,3;30,7;30,9;31;31,2;31,2;31,1;31,7;31,3;31,7;31,5;31,5;31,7;32,1;31,5;31,8;31,8;31,1;31,6;31,6;32;31,6;31,6;31,6;31,6;31,5;31,7;32;31,3;31,5;31,7;31,7;31,7;31,7;31,6;31,3;31,5;31,4;31,3;31,2;31,3;31,6;31,8;31,7;31,7;31,6;31,6;31,7;31,7;31,5;31,3;31,5;31,6;31,6;32,1;32,5;31,8;32,5;32,6;32,2;32,4;32,2;33,1;32,8;32,8;33;33,2;33,1;33,7;33,6;34;33,7;34,3;34,5;35,1;34,9;35;35,3;35,7;35,7;35,5;36;36,1;35,9;36,4;36,5;36,7;36,9;37,4;37,5;37,8;37,8;37,6;37,9;38,5;38,5;38,4;38,8;38,7;39;39,1;39;39,5;39,9;39,9;40,1;40,1;40,1;40,6;40,8;40,8;40,6;40,6;40,9;41,2;41,4;41,3;41,5;41,2;41,1;41,4;41,2;41,2;40,8;41,4;41;40,9;40,5;40,3;40,4;40,4;40,4;40,1;39,8;39,9;39,3;39;39,1;38,7;38,6;38,7;38,6;38,5;38,1;38,2;38,2;37,6;37,2;37,5;37,5;37,6;37,1;37,2;37;36,1;36,3;36,4;35,9;36,3;35,5;35,4;35,5;35,5;35;35,2;34,7;34,5;33,9;34,4;33,9;34,3;33,8;33,6;33,6;33,1;33,5;33,5;33,7;33,3;33;32,9;33,1;33,2;32,7;33;33,2;33;32,7;32,9;32,9;32,7;32,4;32,7;32,9;32,9;32,7;32,5;32,8;32,8;32,8;32,8;32,6;32,8;32,8;33;32,8;32,5;32;32,8;32,4;32,4;32,8;32,2;32,5;33;32,9;32,9;32,7;33;32,7;33,2;32,6;33,1;33,1;32,4;32,7;32,9;32,2;32,1;32,6;32;32;32,2;31,7;31,4;30,8;31,5;31,4;31;30,9;30,9;31;31;31;30,9;30,6;30,5;30,6;29,7;28,4;27,6;27,1;27,4;26,8;25,7;23,7;22,2;21,1;20,2;20,2;20;20,4;20,7;20,2;20,2;20,2;20,6;20,8;20,4;19,8;20,1;20,5;20,2;20,4;20;20,1;20,4;20,4;20,2;20;19,8;19,6;19,8;19,9;20,2;20,2;20,4;20,1;20,2;20,2;20;20,4;20,5;20,4;20,2;20,1;20,1;20,4;20,1;19,6;20,1;20,7;20,5;20,2;20;19,9;20;19,9;20,1;20,2;20;19,6;19,5;19,8;19,9;20,2;20,2;20,1;20;20;20,1;20,1;20,1;20;19,9;19,8;20,1;20,7;20,1;19,6;19,9;20,1;19,9;20;20,1;20;19,6;20;20,4;20,2;20,1;19,9;20,1;20,5;19,9;19,6;20,1;20;19,5;19,9;20,2;20,7;20;19,8;20,2;20,7;20;19,9;20;19,9;20,1;20,2;20,5;19,8;20;20,1;19,8;20,2;20;20,5;20,2;20,1;20,5;19,8;19,9;19,8;19,9;20,4;19,8;19,8;19,8;20,1;20,2;20,1;19,9;19,6;19,9;20,1;20,1;19,8;19,8;20,2;20,4;20,2;20;19,8;19,8;19,2;19,6;20;19,9;20,2;19,6;19,2;19,9;20,2;19,8;20,5;20,1;19,8;19,4;20,5;20,1;19,9;20,1;19,9;19,9;19,9;19,5;19,3;19,6;20,1;19,8;19,6;20;20;19,5;19,8;19,9;19,6;20;19,9;19,3;19,820,7;20,7;20,4;20,2;20,8;20,6;20,6;20,7;20,4;20,5;20,9;21,4;20,9;20,5;20,4;20,2;20,6;20,8;20,7;20,5;20,5;20,7;20,7;20,7;20,7;20;20;20,8;20,9;20,5;21,5;20,7;20,2;20,7;21,1;20,9;20,8;20,8;20,7;20,9;20,7;20,7;20,8;20,7;20,7;20,9;21,1;21,2;21,4;21,1;21,1;20,8;20,7;20,7;20,6;20,9;20,8;20,4;20,8;21,1;20,1;20,5;20,4;20,9;20,9;21,2;20,5;20,6;20,4;20,8;20,1;20;20,1;20,4;20,5;20,7;20,8;20,5;20,2;20,8;20,5;20,9;20,2;20,6;20,2;20,2;20,6;20,7;20,6;20,5;20,2;20,2;20,8;20,9;20,5;20,6;20,6;20,4;20,2;20,4;20,4;20,5;20,7;20,4;20,4;20,9;20,7;20,8;20,6;20,2;20,4;20,6;20,6;20,6;20,8;20,6;20,4;20,5;20,4;20,5;20,6;21,1;21,1;20,7;20,5;20,4;20,4;20,6;20,9;20,9;20,8;20,5;20,2;20,6;20,7;20,5;20,7;20,7;20,2;20,6;20,6;20,1;20,2;20,5;20,4;20,4;20,6;20,4;20,2;20,2;20,2;20,5;20,6;20,4;20,4;20,4;20,2;20,4;20,5;20,2;20,1;20,4;20,5;20,4;20,4;20,5;20,4;19,9;19,9;20,1;20,1;20,2;20,6;20,4;19,9;19,9;20,1;20,4;20,4;20,4;20,1;19,9;19,8;20;20,1;20;19,8;19,8;19,9;19,9;20,5;20,4;20,4;21,8;24,7;26,5;26,4;27,2;27,2;26,6;27,7;29,7;30,3;30,9;30,5;30,6;30,6;30,9;31;31,1;31;31;31,2;31,7;31,7;31,7;31,6;31,6;32;32,1;32;32,2;32,1;31,7;31,4;32,5;31,4;32,1;32,1;31,7;31,7;31,6;31,7;31,8;32;31,8;31,8;31,6;31,6;31,6;31,6;31,7;31,6;31,5;31,6;31,6;31,5;31,5;31,7;32;31,8;31,5;31,7;31,6;31,7;31,8;31,8;31,6;32;31,8;32,5;32,2;32,4;32,1;32,6;32,2;32,4;32,6;33,1;32,8;32,8;33;33,5;33,6;33,5;33,3;33,9;34;34,4;34,9;34,5;34,9;35,2;35,2;35,5;35,5;35,8;36;36,2;36,2;36,3;36,4;36,9;37;37,1;37,4;37;37,5;37,8;38,2;38,5;38,4;38,3;38,5;38,8;39;39,1;39,2;39;39,3;39,8;40,1;40,1;40,1;40,5;40,4;40,8;41,1;40,5;40,8;41;41,5;41,2;41,2;41,4;41,1;41,1;40,9;41;40,9;41,2;41;40,7;40,5;40,3;40,5;39,9;40,1;40;39,8;39,9;39,5;39;39;39;38,7;38,6;38,7;38,7;38,4;38,3;38;37,9;37,7;37,6;37,2;37,4;37;36,7;36,1;36,3;36,5;36,2;36,1;35,8;35,6;35,5;35,2;35,3;34,9;34,9;34,6;34,6;34,3;34,1;34,3;34,5;33,6;33,7;33,6;33,4;33,4;33,5;33,1;33;33,4;33;32,9;33;32,6;32,6;33,2;33,2;32,6;32,4;32,5;32,6;32,7;32,6;32,6;32,5;32,4;32,2;32,5;32,6;33,2;33;32,8;32,7;32,8;32,7;32,8;32,8;32,8;33,3;32,2;33,2;32,9;32,5;32,9;33,1;32,6;32,9;32,6;33,1;33;32,8;32,9;32,9;32,7;32,4;32,6;32;31,7;32,5;32,6;32,2;32;31,8;32,2;31,8;31,6;31,5;31,6;31;31,2;31;30,9;31;31;30,7;30,8;30,4;29,7;28,8;28,1;27,4;27,3;27,3;27,2;26,3;23,8;22,1;21,4;20,7;20,5;20,4;20;20,2;20,1;19,9;20;20,2;20,4;20,4;20;19,8;20;20,1;20,2;20,2;20,2;20,2;20,5;20,5;20;20;20,2;20;20,1;20,6;20,4;20,4;20,4;20,4;20,1;19,9;20,1;20,1;20,1;20,4;20,4;20,2;20,4;20,2;20,1;20,1;20;20,4;20,5;20,4;20,2;20;19,9;19,9;20,1;20,4;20,1;20,1;20,2;20,4;20,4;20,4;20,2;20;19,9;20,1;20,1;19,8;20;20,2;20,1;20,2;20,6;20,2;19,9;20,2;20,4;20;19,6;20;20,2;19,9;19,9;20,1;20,1;20,2;20;19,9;20,1;19,8;19,6;20;20,1;19,9;19,6;19,9;20,9;20,1;20,5;19,9;20,6;19;20,1;19,5;20,5;20,4;19,9;20,5;20,1;20,5;20,1;19,9;20;19,6;20,5;19,5;20,8;20,4;19,6;19,6;20,2;20,2;20,1;20;19,9;20,4;20,5;20;20;19,8;19,6;19,9;20,1;19,9;19,8;20,1;20,1;19,5;19,5;19,5;19,8;20;20,2;20,1;20,8;20,6;19,8;20;19,9;20,1;20,1;19,8;20,2;20,5;19,8;19,3;20,8;20,1;20;20,6;20,5;20;20;19,9;20;20,2;20,2;20,2;20,2;19,9;19,2;19,4;20,1;19,9;20;19,8;20,2;19,5;19,920,7;20,6;20,8;20,4;20,4;20,4;20,4;20,6;20,5;21,1;21,1;20,6;20,6;20,7;20,8;20,9;20,7;20,8;20,8;20,8;20,6;20,7;20,5;21,2;20,6;20,5;20,4;20,6;20,6;20,4;20,8;20,1;20;20,6;20,6;21,1;20,4;20,5;20,7;21,1;21,1;20,7;20,7;20,8;20,5;20,1;20,6;21,1;21,2;20,8;20;20,2;20,8;20,7;20,4;20,9;21,1;20,8;20,7;20,4;20,4;20,6;20,8;20,4;20,8;19,9;20,1;20,6;20,4;20,1;20,8;20,6;19,9;20,6;20,1;20,2;20,2;20,1;20,2;20,1;20,4;20,6;20,2;20;20,8;20,6;20,5;20,6;20,6;20,2;20,2;20,1;20,5;20,2;20;20,1;20,4;20,5;20,4;20,6;20,2;20;20,4;20,7;20,7;20,5;20,5;20,6;20,2;20,1;20,4;20,2;20,4;20,2;20,5;20,7;20,5;20,6;20,6;20,7;20,5;20,2;20,2;20,4;20,2;20,1;20,5;20,6;20,5;20,5;20,2;20,6;20,7;20,5;20,1;20;20,2;20,2;20,1;20,1;20,1;20,4;20,1;20;20;20,1;20,1;20,4;20,2;20,2;20,2;20,2;20,4;20;20;20,4;20,4;20,2;20,2;20,4;20,1;19,9;19,9;20,4;20,5;20,1;20;20,2;20,5;20,4;20;19,8;20;20;20,2;20,2;20;20;20;20,4;19,9;19,9;19,6;19,5;19,8;20,1;20;20,2;20;19,9;19,9;19,8;20,4;21,6;24,6;27,1;26,5;26,6;26,6;27,5;27,5;29,3;30,3;30,6;30,3;30,8;30,7;31;31;31,1;30,7;31;31,2;31,5;31,6;31,7;31,6;31,6;31,8;32;32,2;31,7;32;31,8;31,5;31,8;31,5;31,6;31,3;31,5;32,2;31,8;31,8;31,6;31,5;31,4;31,8;32;31,8;32;31,6;31,4;31,4;31,4;31,5;31,3;31,3;31,6;31,6;31,6;31,6;31,6;31,6;31,5;31,3;31,2;32,1;32,1;31,7;31,4;32;32,2;32,2;31,8;32,4;32,2;32,4;32,4;33;33,2;32,9;32,9;33,2;33;33,3;33,6;34,1;33,7;34,2;34,2;34,2;34,6;35,2;35,2;35,7;35,8;35,8;35,6;35,7;36,1;36,6;36,7;36,7;36,8;36,7;36,7;37,2;37,8;37,9;37,6;37,8;38,2;38,4;38,5;38,8;38,9;39;39,1;39,1;39,5;39,2;40;39,8;40,5;40,2;40,3;40,4;40,6;40,4;40,8;40,9;41;40,8;41,2;41;41,1;40,4;41;40,8;40,8;40,8;40,6;40,4;40,6;40,2;40,1;40,1;40,1;40;39,4;39,4;39,4;39;39;39;38,7;38,3;38,5;38,4;38,1;38,4;38,1;37,7;37,1;37,4;36,8;36,9;37,4;36,8;36,3;36,6;36,3;36,4;36;35,3;35,3;35,2;35,3;35,4;34,7;34,9;34,7;34,7;34,2;33,8;34,1;34;33,8;33,6;33,6;33,3;33,3;33;32,8;33,1;33,1;32,5;32,9;32,6;32,7;32,8;32,8;32,6;32,4;32,9;32,8;32,5;32,5;32,4;32,2;32,1;31,8;32,1;32,8;32,4;32,2;32,4;32,1;32,4;32,8;32,4;32,6;32,8;32,2;32,9;32,4;32,7;32,5;33,1;32,9;33,1;33;32,9;32,4;33,3;32,9;33;32,8;32,9;32,7;32,7;32,6;31,8;32,1;32,4;31,8;31,7;32,6;32;31,5;31,4;31,4;31,3;31,4;31,2;31,1;31;30,9;30,6;31;31,2;30,8;30,4;29,9;28,8;27,9;27,8;27,4;26,8;26,5;25,8;23,8;22,6;21,4;20,7;20,5;20;20,1;19,9;19,6;19,9;20,5;20,6;20,6;20,4;20,2;20,4;20,4;20,4;20,2;20,2;20;20,5;20,5;19,6;19,8;20,2;20;19,8;20;20,2;20,2;20,1;19,9;19,9;20,1;20,2;19,8;20,1;20,4;19,9;20;20,6;20,5;20,2;20,1;20,2;20,1;20,1;20,6;20,6;20,2;20;19,9;20,1;20,1;19,9;19,5;19,8;20,1;20;19,5;19,6;20,1;20,2;19,6;19,4;20;20;19,9;20,2;20,5;20,2;20,2;20;19,6;19,6;20;20;19,8;19,8;19,8;19,9;20,1;20,4;20,4;20;19,6;19,9;19,9;19,3;19,4;19,6;19,5;19,6;19,8;19,8;19,8;19,6;19,9;19,6;19,5;19,8;20,4;20,4;20,4;19,5;19,9;19,3;20,4;19,9;19,9;19,6;19,8;19,9;20;19,9;19,8;19,9;19,5;19,9;20,4;20;20,1;20,2;20,1;19,8;20;20;19,9;20,4;20,4;20,4;20,4;20;20;20,1;20,1;20,4;20,1;20,2;20,4;20,4;19,8;19,8;20;19,4;20,1;20,1;20,2;19,4;20,2;19,8;19,3;19,8;19,3;20,2;20;20;19,2;19,5;19,4;19,5;20,2;20,2;19,6;19,9;19,9;19,5;19,8;20;19,4;19,8;19,8;19,4;19,4;19,6;20,2;19,8;19,920,7;20,6;20,7;21,4;20,4;20,4;20,4;20,5;20,8;20,9;21,2;21,1;20,7;20,7;20,8;20,6;20,4;20,4;20,2;20,2;20,6;20,8;20,7;20,5;20,8;20,5;20,6;20,6;20,9;20,7;20,8;20,2;20,5;20,7;20,5;20,5;20,7;20,9;20,7;20,8;20,7;20,4;20,6;21,2;21,4;20,8;20,6;20,6;20,7;20,8;20,7;20,8;20,6;20,7;20,7;20,7;20,9;20,6;20,6;20,9;20,6;20,9;20,2;20,8;20;19,8;20,6;20,1;20,5;20,2;20,6;20,7;20,7;20,1;20,2;20,5;20;20,6;20;20,1;20,1;20;19,9;19,8;20,5;20,6;20,1;20,1;20,5;20,2;20,4;20,6;21,1;20,7;20,5;20,4;20,2;20,2;20,1;20,4;20,4;20,4;20,2;20,4;20,2;20,4;20,6;20,4;20,1;20,2;20,5;20,4;20,2;20,2;20,7;20,7;20,6;20,4;19,9;20,5;20,6;20,5;20,5;20,4;20,5;20,5;20,6;20,7;20,5;20,4;20,6;20,6;20,6;20,6;20,1;20,2;20,2;20;20,2;20,2;20,2;20,5;20,4;20,4;20,5;20,1;20,5;20,7;20,5;20,5;20,4;20,2;20,6;20,5;20,4;20,6;20,5;20,2;20,1;20,2;20,7;21,1;20,6;20,2;20,1;20,2;20,1;20,1;20,6;20,2;20;20,6;20,2;19,6;19,8;19,9;20,2;20,5;20,1;20;20;19,9;19,9;19,6;20,1;20,4;20,1;20;19,9;20,1;20,1;20,2;20,2;21,1;24,7;26,6;26,8;26,6;26,7;26,7;27,2;28,9;30,3;30,7;30,7;30,4;30,7;31,2;30,8;31,3;31;31,2;31,2;32;31,7;31,7;31,6;31,7;32,1;31,8;32,4;31,5;31,8;32;31,6;31,7;31,5;32;31,8;31,6;32;32;31,7;31,7;31,6;32;32;31,7;31,6;31,8;31,5;31,1;31,4;31,8;31,7;31,6;31,4;31,4;31,6;31,4;31,5;31,6;31,7;31,4;31,5;31,3;31,8;31,8;31,6;31,8;31,4;32,2;32,2;32;32,5;31,8;32,2;32,2;32,8;33,1;33;33,2;33,5;33;33,2;33,4;33,7;33,7;34,3;34,2;34,4;34,5;35,1;35,4;35,5;35,5;35,4;35,8;35,9;36,3;36,3;36,1;36,5;36,8;36,8;36,7;37,4;37,8;37,7;37,9;38,2;38,2;38,4;38,5;38,7;39;39;39,3;39,1;39,4;39,2;39,5;39,6;40,4;40,2;40;40,4;40,5;40,5;40,6;40,4;40,8;40,6;40,7;40,8;41;40,5;41;40,9;40,2;40,7;40,5;40,3;40,6;40;40;39,9;39,4;39,4;39,5;39,4;39,2;38,9;38,8;38,7;38,5;38,5;38,5;38,3;38;38;38,2;37,5;37,2;37,7;37,4;37,2;37,5;36,7;36,1;35,9;36,2;36,1;35,9;35,6;35,2;35,3;34,9;35,3;34,9;35,1;34,7;35;34,3;34;34,3;34;33,8;33,5;34;33,8;33,3;33,3;33,1;33;33,2;32,9;32,7;32,9;32,6;32,6;32,9;32,9;32,5;32,7;32,7;32,5;32,2;32,5;32,8;32,6;32,4;32,6;32,5;32,1;32,7;32,9;32,5;32,5;32,6;32,6;32,8;32,8;32,5;32,9;32,4;32,5;32,7;32,5;32,6;32,7;33,1;32,6;33;33;33,3;32,8;32,5;32,7;32,7;32,4;32,6;32,1;32,6;32,1;32,1;31,8;32,5;32,4;32;31,6;31;31,4;31,4;31,2;31,2;31,1;31;31;31;30,7;30,8;30,5;30;29;27,9;27,7;27,2;27,2;27,1;26,2;24;22,2;21,5;20,5;20,5;20,4;20,1;19,9;20,1;20,1;20,2;20,6;20,8;20,4;19,9;20;20,1;20,4;20,5;20,4;20,1;20,1;19,9;19,6;20,1;20,5;20,4;20,2;20,4;20,2;20,1;20,5;20,6;20,2;20,2;20,5;20,1;20;20;20,1;20;20,1;20,4;20,5;20,2;20;20;20,4;20,4;20,1;20,1;20,1;20,2;20;19,9;20;19,8;19,9;20,2;20,1;20,2;20,4;20,1;20,2;19,9;19,6;20,2;20,5;20,2;20;19,8;19,6;20;19,8;19,5;19,8;20;20,2;20,2;20,4;20,5;19,6;19,9;20,4;20,1;20;20;19,9;20,2;20,4;19,9;20,1;20,5;20,4;19,8;20,1;20,6;19,6;20;19,9;19,8;20,2;20,4;20,2;20,4;20,2;20,5;19;20;20;19,8;20;19,5;20,4;19,9;20,1;20,4;20;19,6;20;20,2;19,8;19,8;20;20;20,1;20,1;19,8;19,8;19,9;19,9;19,9;19,8;19,9;20;20;19,9;19,9;19,9;20,4;20,4;20;19,8;20,4;20,1;19,6;19,9;20;19,8;20,1;19,8;19,9;19,6;20,1;19,5;19,6;19,8;20,2;19,6;19,9;19,5;19,2;19,6;19,9;19,8;20;20,2;19,9;19,8;19,8;20;19,8;19,8;19,5;19,4;19,8;19,8;19,8;19,620,7;20,6;20,9;20,6;20,4;20,8;20,2;20,8;20,9;20,2;20,6;20,7;20,5;20,7;20,6;20,5;20,6;20,6;20,7;20,8;20,1;20,5;20,6;20,9;20,6;20,1;20,5;20,6;20,2;20,5;20,2;20,9;20,5;20,6;20,4;20,7;20,9;20,9;20,6;20,6;20,6;20,5;20,5;20,7;20,6;20,7;20,9;20,8;20,7;20,7;20,7;20,7;20,7;20,7;20,8;20,9;20,8;20,5;20,7;20,7;20,5;20,5;20,4;20,4;20,4;20,6;20,1;20;20,7;20,1;20,5;20,2;20,6;20,4;20,6;20,4;20,4;20,1;20,2;20,4;20,4;20,2;20,2;20,2;20,2;20,1;20,4;20,7;20,2;20,1;20;20,2;20,5;20,4;20,5;20,1;20,1;20;20,5;21,1;21,1;20,6;20,5;20,5;20,5;20,7;20,7;20,5;20,5;20,6;20,6;20,7;20,5;20,4;20,2;20,4;20,6;20,2;20,2;20,7;20,5;20,4;20,5;20,6;20,5;20,2;20,4;20,6;20,4;20,5;20,6;20,4;20,2;20,5;20,5;20,2;20,4;20,2;20;19,9;20,4;20,7;20,4;20;20,1;20,2;20,2;20,1;20;20,2;20,2;20;20;20,1;20,4;20,1;20,5;20,5;20,2;20,5;20,8;20,9;20,5;20,2;20,2;20,1;19,9;20,2;20,5;19,9;19,9;20,2;20,1;20;20;19,9;19,8;20;20;20;20,1;19,9;19,6;19,9;20,1;19,8;20;20;20,1;20;19,9;20,1;20;21,4;24,6;26,5;26,2;26,6;26,5;27,3;27,6;30;29,9;30,5;30,8;30,3;30,6;30,8;31,1;31;31;31,3;31,6;31,6;31,8;31,2;31,7;32;32,2;32;32;31,4;31,5;31,8;31,4;31,7;31,8;32,1;32,1;31,7;31,8;32,1;32;31,5;31,5;31,5;31,6;31,5;31,5;31,6;32;32;31,5;31,3;31,3;31,2;31,1;31,4;31,5;31,6;31,5;31,4;31,3;31,7;31,6;31,5;31,5;31,8;31,7;32;31,5;32,2;31,8;32,2;32,2;32,2;32;32,2;33;32,7;32,6;33,1;33,2;32,7;33;33,7;33,6;33,7;34,4;34;34,3;34,2;35,2;35,1;35,2;35,1;35,5;35,7;35,8;35,9;36,2;36,2;36,6;36,4;36,5;36,9;37;37;37,5;37,9;37,9;38;38,5;38,5;38,4;38,6;38,7;39;39;39,3;39;39,2;39,8;39,5;39,8;40,2;40,1;40,2;40,6;40,5;40,6;40,3;40,7;40,3;41;40,6;40,8;40,6;40,5;40,1;40,4;40,4;40,5;40,1;39,6;40;40;39,5;39,4;39,3;39,1;39,1;39;38,6;38,5;38,6;38,6;38,5;38,3;37,8;37,7;37,9;37,7;37,4;37,4;37;36,7;36,8;36,3;36,5;36;36,2;35,8;35,8;35,6;35,1;35,5;35,1;34,9;34,9;35,1;34,3;34,3;34,4;33,8;33,9;33,9;33,7;33,5;34,1;33,4;33,2;33,1;33,2;33,1;33,1;33;32,7;32,5;32,6;32,7;32,7;32,6;32,6;32,6;32,6;32,4;32,4;32,6;32,8;32,2;32,2;32,4;32,5;32,8;32,8;32,2;32,4;32,4;32,4;32,6;32,6;32,6;32,5;33;32,4;32,6;32,9;32,6;32,5;32,7;33,1;32,7;33;33;32,7;33,3;32,8;32,6;32,6;32,7;32,6;32,5;32;32,4;32,4;32;32,2;32;32,2;31,7;31,4;31,7;31,4;31,7;31,4;31;31;30,8;30,9;31;30,6;30;29,4;28,8;27,8;27,4;27,5;26,8;27,1;26,2;24,3;22,2;21,4;20,1;19,8;20,4;20,1;20,2;20,2;20,2;20,2;20;20,2;20,2;20,2;20;19,9;20,7;20,8;20,2;20;20;20;20,2;20,2;20,1;20,5;20,7;20,5;20,1;20;20,2;20,1;20,4;20,2;20,1;20,4;20,4;20,1;20,2;20,2;20,5;20,5;19,9;19,9;20,2;20,1;20;20,1;20;20;19,8;19,9;20,1;19,9;19,9;19,8;20;20,2;20,1;20,2;20,4;20;19,6;19,9;20;20,2;20,5;20;19,8;19,8;19,6;19,9;19,8;19,8;20,1;20;19,9;20;20,2;20,5;19,9;20,2;20,2;20,1;20;19,8;19,5;19,9;19,5;19,6;19,9;20,4;20,1;20,2;19,9;20,2;19,8;19,8;19,8;19,8;20,4;19,6;19,6;20,1;19,9;20,1;19,6;19,3;19,6;19,5;20,1;19,5;19,4;19,9;20,4;19,8;20,2;19,2;19,6;20,2;20;19,5;19,9;20,1;20;20,2;20,1;19,9;19,8;19,9;19,8;19,5;19,6;19,8;20,1;20,5;20,4;20,2;19,9;19,9;19,9;20;20,1;20,1;20,1;19,6;19,5;19,6;19,3;20,2;19,8;19,9;18,8;19,5;19,9;19,8;19,8;19,2;19,6;19,8;19,9;19,9;20;19,8;19,6;19,3;19,8;20,6;19,9;19,8;19,8;19,6;20,1;19,9;19,8;19,8;19,4;2020,8;20,8;21,1;20,2;20,4;20,6;20,6;21,1;20,8;21,4;20,9;20,6;20,4;20,6;21,1;20,8;20,5;20,6;21,4;21,2;20,7;20,7;21,2;21,4;20,7;20,6;20,7;20,9;20,9;20,5;20,7;20,6;20,8;21,1;20,5;20,5;20,9;21,1;20,8;21,2;21,1;21,1;20,8;21,1;20,9;20,9;21,2;20,7;20,6;21,1;21,1;20,8;20,6;20,8;20,7;20,8;20,8;20,7;20,8;21,1;20,9;20,5;20,7;20,9;20,6;20,7;20,2;20,4;20,5;20;20,8;20,7;20,6;20,4;20,5;20,6;20,2;20,7;20,2;20,2;20,5;20,7;20,4;20,4;20,4;20,2;20,2;20,6;21,1;20,7;20,4;20,2;20,4;20,6;20,6;20,6;20,5;20,1;20,4;20,6;20,8;20,7;21,1;20,7;20,4;20,7;20,7;20,6;20,7;20,6;20,5;20,6;20,5;20,6;20,6;20,2;20,6;20,6;20,5;20,6;20,2;20,4;20,5;20,8;20,8;20,5;20,4;20,6;20,8;20,7;20,2;20,4;20,7;20,5;20,4;20,7;20,7;20,4;20,4;20,6;20,5;20,4;20,6;20,6;20,5;20,1;20,5;20,8;20,8;20,8;20,4;20,6;20,4;20,2;20,8;20,5;20,4;20,5;20,2;20,4;20,2;20,4;20,2;20,2;20,7;20,7;20,4;20,4;20,5;20,4;20,2;20,5;20,2;20,1;20,1;20;20;20,5;20,6;20,2;20,2;20,2;20,2;20,2;20,1;20,1;19,9;19,8;20,1;19,9;19,6;20;20,5;21,5;25,4;26,4;26,7;27,1;26,7;26,8;27,7;30;29,7;30,7;30,5;30,7;30,6;31,1;31,1;31,2;30,7;31,5;31,6;31,4;31,7;31,5;32,1;32,5;32,1;32;32,2;31,7;31,8;31,7;31,6;31,7;32;32,1;31,8;31,7;32,2;32;32;31,7;31,8;31,6;32;31,8;31,6;31,7;31,8;31,8;31,6;31,7;31,7;31,6;31,6;31,5;31,8;32;31,8;31,7;31,7;32;31,7;31,7;32,1;31,8;32;32;31,8;32,1;31,8;31,8;32,2;32,4;32,1;32,4;32,9;32,8;33;33;33,1;33;33;33,7;33,6;33,7;34;34,1;34,4;34,2;35,2;35,1;35,1;35;35,3;35,7;35,7;35,6;36,1;36,2;36,5;36,8;36,6;36,7;37,4;37,7;37,8;37,6;37,6;38,1;38,3;38,4;38,5;38,4;38,6;38,5;39;39,3;39;39;39,3;39,6;39,8;39,8;39,9;40,1;40,3;40,4;40,2;40,3;40,7;40,5;40,9;40,6;40,8;40,3;40,4;40,2;40,3;40,2;40,3;39,9;39,6;39,9;39,8;39,5;39,4;39,3;39;39;38,9;38,8;38,6;38,5;38,6;38,1;37,8;37,9;37,9;37,7;37,8;37,1;37,1;36,9;36,6;36,7;36,7;36,7;36,1;35,9;35,8;35,7;35,6;35,4;35,3;35,5;35,2;34,6;34,9;34,5;34,2;34,3;34;33,8;34,1;33,4;33,7;33,9;33,1;33,4;33,4;33,2;33,1;33,1;33,1;33;32,9;33;33,1;32,7;32,6;32,6;32,6;32,4;32,6;32,6;32,5;32,6;32,4;32,4;32,4;32,2;32,5;32,5;32,6;32,5;32,1;32,4;32,5;32,6;32,6;32,4;32,9;32,6;32,8;32,6;32,8;32,6;32,9;32,8;32,9;32,8;32,9;33,3;32,9;32,9;32,7;32,7;32,6;32,4;32,8;32,4;32,4;32,7;32,1;31,8;31,8;32,2;32;31,2;31,5;31,5;31,3;31,6;31,3;31,4;31,3;30,9;31;31;30,2;30;29;28,4;27,5;27,3;27,5;27,2;25,7;24;22,5;21,1;20;20;20,4;20,5;20,4;20,2;20,1;20,2;20,7;20,6;20,4;20,1;20;20,1;20,5;20,5;20,7;20,5;20,4;20,5;20,2;20,1;20,5;20,4;20,4;20,1;20,2;20,5;20,1;20,5;20,5;20,2;20,4;20,5;20,8;21,1;20,7;20,4;20,6;20,7;20,5;19,9;20;20,7;20,6;20,2;20,5;20,2;20,4;20,4;20,4;20,2;19,9;19,9;20,2;20,1;19,9;20;20,2;20;20,4;20,5;20,2;20,4;19,9;20;20,4;20,4;20;20,1;20,2;19,9;19,9;19,9;19,8;19,9;20,2;20,1;20;20,4;20,2;20,4;20,1;20,4;20,6;20,2;20,2;20,4;20,6;20,2;19,9;20,2;19,9;20,2;20,2;20,6;19,4;19,8;19,9;20;20,1;20;20;20,6;20,5;20,8;20;20,4;20,2;19,9;20,1;20;19,9;20,7;20,2;19,6;20,2;20,7;20,4;20;19,8;20,1;20,1;20;19,9;20,1;20,1;20,5;20,2;20;20,2;20,4;20,2;20;19,9;20;19,5;19,5;19,8;20;20,1;20,7;19,9;19,5;20,2;20,5;19,8;19,8;20;20,1;19,6;20;20,1;20;20,1;19,8;19,9;19,6;20,2;19,5;19,4;19,4;19,8;20;19,6;19,9;20,2;20;19,8;19,9;19,9;19,6;19,8;19,9;19,5;20,220,8;20,9;20,7;20,4;20,4;20,5;20,5;20,8;20,9;20,8;20,7;20,4;20,2;20,4;20,4;20,5;20,5;20,5;20,6;20,6;20,5;20,8;20,1;20,7;20,5;20;20,6;20,5;20,4;20,6;20,8;20,5;20,2;20,2;20,9;20,5;20,2;20,5;20,8;20,8;20,6;20,5;20,6;20,8;20,7;20,5;20,2;20,4;20,5;20,5;20,4;20,6;20,7;20,6;20,7;20,9;20,8;20,9;20,9;20,4;20,2;20,5;20,5;21,4;20,9;21,1;20,4;19,9;20,7;20,2;21,1;20,4;20;20,4;20,1;20,6;20,4;20,1;20,4;20,5;20,5;20,4;20,2;20,1;20,6;20,7;20,2;20;19,9;20;20,1;20,2;20,7;20,6;20,5;19,9;19,8;19,5;19,8;20,2;20,5;20,2;19,9;20,1;20,2;20,2;20,4;20,4;20,4;20,2;20,1;20,2;20,4;20,4;20,2;20,2;20,6;20,8;20,7;20,5;20;20;20,1;20,2;20,5;20,4;20;20;20,2;20,5;20,6;20,4;20,1;19,8;20,1;20,1;20;20;19,8;20;20,2;20,2;20;20,1;20,6;20,6;20,4;20,2;20,1;20;19,9;19,9;20;20;20,1;20;20,5;20,4;19,9;20,2;20,5;20,5;20,5;20,4;20,2;20,2;20;19,6;19,9;20,1;20;20,2;20,5;20,2;19,8;19,5;19,9;19,6;19,9;20,1;19,6;19,9;19,8;19,3;19,4;19,4;19,4;19,4;19,6;19,5;19,6;20,2;20,4;21,4;25,2;26,2;26,2;26,3;26,6;27,1;27,5;29;29;30,1;30,5;30,7;30,5;31;31,1;31,3;30,8;31,3;30,9;31,8;31,7;31,8;31,5;32;32;32;31,7;31,4;31,5;31,8;31,6;31,7;31,8;31,6;31,8;31,7;31,8;31,4;31,6;31,6;31,4;31,4;31,4;31,3;31,5;31,6;31,5;31,4;31,4;31,1;31,2;31,4;31,6;31,5;31,2;31,4;31,4;31,6;31,8;31,5;31,5;31,3;31,6;31,5;32;32;31,4;32,4;31,7;31,6;32,2;32,2;32,1;32,2;32,6;32,5;32,8;32,8;32,8;32,7;33,1;33,4;33,3;33,4;33,7;33,9;34,2;34,2;35;34,6;34,9;35;35,3;35,5;35,3;35,5;35,9;36,2;36,3;36,1;36,4;36,6;36,8;37;37,4;37,2;37,4;37,9;37,8;38,2;38,4;38,5;38,7;38,5;38,9;38,8;38,9;39,1;39,1;39,4;39,4;39,2;39,9;40,2;39,6;40;39,9;40,2;40,5;40,3;40,3;40,2;40,2;40;40,5;39,8;40,1;40,1;39,8;39,4;39,4;39,5;39,3;39;39;39,2;39;38,7;38,7;38,7;38,5;38,4;38,1;37,8;38;37,6;37,6;37,4;37,2;37,1;37;36,9;36,7;36,6;36,3;36,4;36,1;35,8;35,6;35,8;35,5;35,2;35,2;35;35,1;34,7;34,2;34,1;34,5;34;34;33,8;33,8;33,3;33,5;33,4;33,2;33,3;33,1;33,1;33,2;32,9;33;32,7;32,6;32,5;32,8;32,7;32,5;32,2;32,1;32,4;32,4;32,2;32,1;32;32;32;32;32,2;32,6;32,7;32,6;32,4;32;32,5;32,9;32,7;32,7;32,4;32,8;32,6;32,7;32,5;32,8;32,5;33;32,8;32,9;32,9;33,1;32,8;32,8;32,6;32,9;32,8;32,6;32,8;32,8;32;32;31,7;32;32,4;31,5;31,6;31,2;31,4;31,5;31,4;31,2;31;31,3;31,3;31;30,8;30,6;30,7;30,6;29,7;28,7;28,1;27,6;26,8;27,2;26,7;25,6;23,6;22,2;20,9;20,6;20,1;20;19,8;20,1;20,2;19,9;19,9;19,9;19,9;20,2;20,5;20,6;20,7;20,6;20,2;20;19,8;19,9;20,1;19,9;19,8;19,8;20,1;20;20,2;20,6;20,2;20,1;20;20,2;20;20;20,2;20,5;20,5;20;19,6;20,2;20,4;19,8;19,8;19,9;19,9;19,9;19,8;20,1;20;20,1;19,9;19,6;20;20;19,6;19,5;19,9;20,1;19,9;20,1;20,4;19,9;19,5;19,5;19,8;20,2;20,1;19,8;19,8;19,6;20,1;20,2;19,9;19,9;20,1;20,2;20;20,1;20,1;19,5;20;20,1;19,9;19,4;19,5;20;20,6;20,6;19,6;19,9;20;19,3;19,3;19,9;19,9;19,4;19,6;19,6;19,6;20;20,4;20,1;19,8;19,5;20;19,8;19,5;19,4;20;19,5;20;20;19,6;19,8;20;20,2;20,2;20;20,1;20,2;20;19,6;19,9;20;19,9;20;19,9;19,6;19,5;19,4;19,6;20,2;20,1;19,9;19,9;19,8;20,1;19,9;19,5;20;19,6;19,5;19,9;19,9;20;19,8;19,8;19,4;19,3;19,6;19,2;19,8;19,3;20,1;20,1;19,9;19;19,6;19,6;19,4;19,8;19,8;19,6;20;20,1;19,5;19,4;19,8;19,9;19,9;19,6;19,4;18,9;19,4;19,5;19,8;19,920,8;20,8;20,6;20,5;20,2;20,1;20,1;20,5;20,4;20,7;20,7;20,8;20,9;20,7;20,6;20,8;20,8;20,5;20,8;20,7;20,8;20,5;20,5;20,4;20,1;20,6;21,1;21,1;20,9;20,4;20,8;20,4;20,6;20,8;20,7;20,6;20,2;20,5;20,6;21,1;20,7;20,5;20,7;20,8;20,8;20,7;20,7;20,8;20,7;20,6;20,7;20,6;20,7;21,2;20,7;20,7;20,7;20,6;20,6;20,8;21,2;20,9;20,4;20,5;20,5;20,6;20,5;20,2;20,5;20,1;20,2;20;20,4;20;20,1;20,6;20,6;20,5;20;20,2;20,6;20,5;20,5;20,5;20,8;20,8;20,5;20,4;20;20,4;20,5;20,2;20,1;20,7;20,6;20,2;20,1;19,9;20,1;20,6;20,7;20,4;20,1;20,2;20,5;20,1;20,4;20,2;20,2;20,2;20,4;20,5;20,6;20,6;20,5;20,4;20,2;19,9;20;20,5;20,5;20,5;20,4;20,6;20,5;20,1;20,1;20,6;20,6;20,5;20,4;20,1;20,5;20,5;20,4;20,4;20,4;20,5;20,5;20,6;20,8;20,8;20,6;20,5;20,1;20,2;20,5;20,2;20,4;20,5;20,5;20,1;20;20,1;20,4;20;20,1;20,2;20,2;20,1;20,2;20,2;20,5;20,5;20,2;20,4;20,5;20,7;20,6;20,1;20;20,4;20,2;20;20,2;20,2;20,6;20,1;20;20,4;20,1;20,1;20,6;20,2;19,9;19,8;20;19,9;19,8;19,9;20,1;19,8;20;21,1;25,4;26,7;26,4;26,2;26,4;26,8;27,7;29,1;29,2;30,5;30,5;30,4;30,7;30,6;30,9;31,1;31,1;31,3;31,4;32,1;31,7;32;31,7;31,5;32;32,2;31,8;31,6;31,8;32,6;31,8;31,8;31,6;31,7;31,6;31,1;31,5;31,7;32,1;32;31,6;31,5;31,6;31,6;31,8;31,5;31,6;32;31,6;31,3;31,4;31,4;31,7;31,8;31,5;31,4;31,4;31,6;31,6;31,5;31,6;31,6;31,6;31,4;31,8;31,6;31,7;32,1;32;32;32,5;32;32,1;32,2;32,4;32,7;32,5;32,7;32,8;33,1;33,3;33,2;33,1;33,6;33,7;34;34,3;34,1;34,6;34,7;35;34,9;35,5;35,6;35,6;35,7;36,1;36,2;36,4;36,3;36,5;36,9;37;37,2;37,1;37,2;37,4;37,7;37,9;37,9;38;38,3;38,8;38,9;38,8;39;38,7;39,2;39,2;39,2;39,5;39,3;39,9;40,1;40,1;39,9;39,9;40,4;40,2;40,2;40,2;40,3;40;40,1;40,1;39,8;40;39,9;39,5;39,9;39,6;39,5;39,2;39;39;39,1;39;38,7;38,6;38,2;38;38,5;38,3;37,7;37,9;37,5;37,5;37,5;37,2;37,2;37,2;36,7;36,7;36,4;36,4;36,2;35,8;36,1;36;35,8;35,5;35,4;35;35,1;35,2;34,5;34,2;34;34,6;34;33,8;33,8;34;33,3;33,5;33,3;33,4;33,4;33,3;33,2;33,1;32,9;32,7;32,6;32,4;32,7;33;32,9;32,7;32,5;32,5;32,2;32;32;32,4;32,7;32,6;32,4;32,4;32,7;32,6;32,5;32,6;32,7;32,4;32,2;32,8;32,8;32,6;32,5;32,7;32,5;32,5;32,4;32,7;32,7;32,7;32,9;32,9;32,8;33;32,9;33;32,7;33;32,9;32,4;32,7;32,2;31,8;32,1;32,1;32;32,5;31,5;31,6;31,3;31,2;31,5;31,5;31,3;31,3;31,3;30,9;30,9;30,9;30,8;30,7;30,5;29,9;29,2;28;27,3;27,3;27,1;26,4;25,8;23,7;22,1;21,1;20,5;20,2;20,2;20,4;20,1;20,1;20;20;20,2;20,2;19,9;19,9;20,5;20,6;20,5;20,5;20,2;20,2;20;20,1;20,5;20,2;20;20,1;19,9;19,9;20,5;20,4;20,1;19,8;19,8;20;19,8;19,6;20,2;20,5;20;20;20,4;20,6;20,2;20,1;20,2;19,8;19,9;20,2;20,4;20,1;20;19,9;20;20,1;20,1;20;20,4;20,2;20,5;20,2;19,9;19,6;19,8;20,1;20,1;20,2;20,1;19,8;19,9;20,1;19,9;19,8;20;20,1;20,1;20,1;19,9;19,8;20,7;20,6;19,5;19,8;19,8;19,9;19,9;20;20,1;20,6;20,1;19,8;19,9;20,1;19,9;20,1;19,9;20,4;20,4;19,8;19,2;19,9;20;20;20;20,2;19,6;19,8;20,4;19,8;19,6;19,9;19,3;19,8;19,9;19,8;19,5;20,2;20,2;20,4;19,9;20;20;19,6;19,8;20;20;19,9;19,4;19,4;19,8;19,8;19,8;19,8;19,6;19,4;19,8;20;19,9;20;20,1;20;19,5;20;20,2;19,6;19,9;20,1;19;18,9;20,1;19,5;19,8;20;19,5;19,2;19,9;19,8;19,8;19,5;19,5;19,6;19,8;19,6;19,5;19,4;19,8;19,9;19,3;19;20,1;20,1;19,3;19,5;19,3;20,1;19,3;20;19,9;20,120,8;20,6;20,5;20,5;20,2;20;20,7;20,7;20,5;20,5;20,8;20,8;20,7;20,6;20,7;20,5;20,5;20,8;20,7;20,9;20,9;20,2;20,7;20,5;20,5;20,6;20,6;20,7;20,4;20,5;20,5;20,8;20,8;20,6;21,4;20,4;20,4;20,7;20,5;20,6;20,6;20,5;20,7;21,2;20,9;20,6;20,5;20,6;20,6;20,5;20,6;20,6;20,6;20,6;20,5;20,6;20,5;20,1;20,9;20,8;20,4;20,2;20,9;20,8;20,9;20,8;20,5;20,4;20,6;19,9;20,8;20,5;20,6;20,6;20,5;20,7;20,4;20;20,9;19,8;20,4;20,7;20,6;20,2;20,5;20,4;20,2;20,6;20,6;20,4;20,5;20,2;20,1;20,7;20,8;20,5;20,2;19,9;20,4;20,7;20,6;20,5;20,4;20,2;20,2;20,4;20,2;20,1;20,2;20,2;20,4;20,6;20,6;20,5;20,2;20,5;20,5;20,2;20,1;20,4;20,2;20,2;20,5;20,5;20,5;20,7;20,8;20,8;20,8;20,6;20,5;20,6;20,7;20,9;20,6;20,6;20,5;20,1;20;20,2;20,5;20,4;20,4;20,4;20,1;20,2;20,4;20,2;20,1;20,2;20,4;20,4;20,1;20,2;20,4;20,5;20,7;20,6;20,4;20,5;20,4;20,4;20,2;20,1;20;20,2;20;19,8;20,2;20,4;20,5;20,5;20,4;20,4;20,1;20;20,1;20,1;19,9;20,2;20,2;19,8;19,6;20;20;19,8;19,6;19,9;19,8;19,6;19,8;19,9;20,2;21,6;25,2;26,4;26,6;26,5;26,8;27,3;27,8;29,2;29,5;30,6;30,5;30,5;30,4;30,6;30,8;31;30,8;31,3;31,6;31,8;32,1;31,7;31,4;31,8;32;31,7;31,7;31,7;31,7;32;32;31,4;32,4;32;31,7;31,6;32,1;32,1;32,1;31,8;31,7;31,7;31,8;31,6;31,7;31,8;31,7;31,5;31,5;31,6;31,8;31,8;31,8;31,7;31,3;31,5;31,5;31,6;31,6;31,5;31,7;31,6;31,6;31,7;32,2;31,4;31,8;32,1;31,8;32,2;32,4;32,2;32,2;32,1;32,5;32,9;32,8;32,4;32,8;32,8;33,1;33,6;33,3;33,3;33,7;34,1;34,2;34,4;34,5;35;35,1;34,9;35,5;35,6;35,7;35,9;35,8;35,8;36,1;36,3;36,8;36,8;36,8;37;37,1;37,1;37,5;37,7;37,6;37,9;37,9;38,1;38,5;38,8;38,7;38,8;38,9;38,8;39,3;39,1;39;39,3;39,5;39,9;40;39,6;40,3;40,3;40;40;39,9;39,8;40;40,2;39,9;39,9;39,5;39,9;39,9;40;39,4;39,4;39,3;39,2;39;39,1;38,8;38,5;38,7;38,5;38,2;38,2;38,3;38;37,9;37,6;37,5;37,2;37,1;36,9;36,7;36,4;36,6;36,6;36,5;36,1;35,9;36;35,8;35,7;35,4;35,3;35,1;34,9;34,9;33,9;34,1;34;34,2;33,8;33,8;33,8;34;33,3;33,6;33,3;33,6;33;33,3;32,7;32,8;32,9;32,9;32,5;32,2;32,6;32,7;32,6;32,6;32,5;32,6;32,5;32,5;32,8;32,7;32,4;32,2;32,4;32,2;32,5;32,5;32,2;32,1;32,4;32,6;32,5;32,7;32,6;32,4;32,7;32,8;32,1;32,9;32,8;32,7;32,7;33,1;33;32,7;32,7;33;33;33,3;32,8;32,7;32,7;32,7;32;31,7;32,5;32,4;32,5;32;32,1;31,2;31,3;31,5;31,6;31,3;31,5;31,4;31,3;31,3;31;31;30,8;31;30,7;30,4;29,7;28,9;27,7;27,5;27,5;26,8;26,5;26;23,8;22;20,9;20,8;20,2;19,8;19,8;20;20,1;20,1;20,2;20,5;20,7;20,4;20;20;20,2;20,2;20,2;19,8;19,6;19,9;20;19,9;20;20,4;20,6;20,4;20,1;20,1;20;19,8;19,9;20,2;20,1;20;20;20,2;20;20;20,1;20;20,1;20,2;20,2;19,8;19,8;20,1;20,4;20,1;19,9;19,9;19,6;19,9;19,8;20;20,2;20,4;20,4;20,4;20,6;20,2;19,9;20,1;19,9;20;20,5;20,4;20,6;20,4;19,9;20,2;20,4;20;20;20,2;20,4;20,5;20;20;20;19,5;19,9;20;20,6;19,9;19,3;19,6;20;20;19,6;20;19,6;19,8;19,9;20,1;20,2;20,1;19,6;19,3;19,8;20,4;19,6;19,3;20,2;20;20,1;19,9;20,2;20;20,1;20;19,5;19,8;20,5;19,4;19,3;20,8;20,4;20,4;20,4;19,9;19,5;20,4;19,9;20;20,1;20,1;20,4;19,9;19,8;20;20;20;20;20;20,1;20;19,9;20,6;20;20;19,9;20,1;19,8;19,8;20,4;20,4;19,5;19,8;19,3;19,4;19,9;19,5;20,1;19,6;20,1;20;19,9;19,5;19,5;19,4;19,5;19,4;19,5;20;20,1;19,5;19,2;19,5;19,4;19,8;19,8;18,7;20,1;19,8;19,9;19,8;20,120,7;20,7;20,5;20,2;20,7;20,4;20,9;20,8;20,6;20,5;20,7;20,6;20,6;20,4;20,6;20,8;20,4;20,1;20,1;20,2;20,1;20,6;21,2;20,7;20,7;20,4;20,9;20,6;20,4;20,9;21,1;20,8;20,7;20,9;20,8;20,7;20,7;20,7;20,8;20,8;20,8;20,6;20,6;21,1;21,2;20,8;20,5;20,5;20,8;21,1;21,1;21,1;21,1;20,2;20,4;21,1;20,8;20,4;20,5;20,6;20,7;20,4;20,8;20,5;20,6;20,2;20,1;20,5;20,1;20,5;20;20,9;20;20,9;20;20,7;20,1;20,1;20;19,8;20,2;21,1;20,5;20;20,4;20,5;20,8;20,6;20,8;20,7;20,6;20,4;20,1;20,6;20,7;20;20,1;20,4;20,5;20,5;20,5;20,4;20,6;20,4;20,2;20,6;20,6;20,2;20,2;20,5;20,5;20,6;20,7;20,5;20,4;20,5;20,6;20,5;20,4;20,5;20,1;20,1;20,6;20,6;20,4;20,5;20,4;20,5;20,8;20,7;20;19,9;20,1;20,4;20,4;20,5;20,5;20,2;20,1;20,2;20,4;20;20,1;20,2;20,2;19,9;19,6;20,1;20,2;20,6;20,7;20,4;20,6;20,6;20,5;20,8;20,4;20,1;20,4;20,4;20,2;20,1;20,1;20,2;20,2;20,5;20,5;20,7;20,5;19,9;20;20,4;20,4;20,1;20,2;19,9;20;20,4;20;20;20;20;19,9;19,8;19,8;20,2;19,9;19,6;19,9;20;19,9;20,4;20,5;21,9;25,3;26,2;26,7;26,6;27,2;26,7;27,8;29,1;29,9;30,4;30,6;30,8;30,8;30,6;31;31,4;31;31,2;31,3;31,8;31,7;31,4;31,4;32,1;32,1;32,1;31,8;31,4;32;31,7;32,2;31,3;32,5;31,6;31,7;31,6;32;31,8;31,7;31,6;31,5;31,6;31,7;31,7;31,7;31,7;31,7;31,2;31,2;31,4;31,2;31,4;31,6;31,7;31,4;31,4;31,7;31,8;31,8;31,6;31,7;31,5;31,7;32;31,8;31,5;31,6;31,7;32;32,2;31,8;32,4;32;32,2;32,5;33,1;32,6;32,8;33;32,8;33,3;33,7;33,5;33,4;33,6;33,9;34,2;34,5;34,5;34,5;34,9;34,5;35,2;35,5;35,8;35,7;35,6;36;36,3;36,4;36,3;36,7;37;37,1;37,2;37,5;37,6;37,8;37,6;37,9;38,2;38,3;38,5;38,5;38,5;38,7;38,9;39;39;39,2;39;39,6;39,3;39,8;39,6;39,5;40;40,3;40,1;40,1;40;39,2;40,1;39,6;40,1;39,5;39,4;39,8;39,6;39,3;39,4;39,1;39;39;38,9;38,9;38,8;38,6;38,6;38,4;38,1;38,2;38,1;37,7;37,7;37,6;37,7;37,4;37;36,8;36,6;36,4;36,3;36,3;36,1;36,1;35,9;35,8;35,8;35,5;35,5;35,3;35,1;34,9;34,3;34,3;34,4;34;34,1;34;33,9;33,5;34,1;33,3;33,7;33,3;33,3;33,1;33,2;32,8;32,8;32,8;32,8;32,4;32,7;32,5;32,2;32,4;32,7;32,6;32,4;32,2;32,6;32,5;32,4;32,1;32,1;32,4;32,4;32,2;32,4;32,7;32,7;32,6;32,5;32,5;32,6;32,4;32,6;32,4;32,4;32,4;32,6;32,5;32,6;33,1;32,6;33,1;32,5;33;32,8;33,2;33,1;32,7;32,8;32,8;32,6;32,4;32,4;31,8;32,1;32,2;31,8;32,4;31,5;32,5;31,6;31,8;31,7;31,5;31,5;31,2;31,2;31,3;31,1;31;31;30,9;30,3;29,5;28,5;27,9;27,6;27,2;26,8;26,8;25,6;23,4;22;21,2;20,2;20,2;20,4;20,1;20,2;20,2;20;20,1;20,6;20,8;20,1;20;20;20,4;20,4;20;20;20,1;20;20;19,9;20,2;20,1;20,1;20,1;20,4;20,4;20;19,9;19,9;20;20,1;20;19,8;20,1;20,4;20,5;20,4;20,5;20,4;20;20,2;19,9;20,1;20,2;19,9;20,1;20;20,2;20,2;20,2;20,1;19,8;19,9;19,9;20,1;20,6;20,5;20,4;20,4;20,5;20,4;20;20,4;20,5;20,1;20;20,4;20,2;20,1;20,1;20,1;20,2;20,1;19,9;19,8;20;19,5;19,8;20,2;20,1;20,1;20;20,1;20,4;20,7;20,2;20,2;19,8;20;19,9;20;20;20;20,5;20,2;20,5;20,2;19,8;20,4;19,9;19,6;20,1;20,4;20,1;19,9;19,8;20,4;19,8;19,4;20,1;20,7;19,3;19,9;20,2;19,9;19,9;19,6;19,8;19,2;19,9;20,2;20,1;20,1;20;19,8;19,9;19,9;20,1;20;20;20;20;20,4;20,4;19,9;19,9;19,4;20,2;20;20,2;20,4;20;20,4;19,8;19,5;19,3;20,2;19,2;19,9;20;19,9;19,3;19,4;19,9;19,8;20;19,8;19,8;19,5;19,8;20;19,9;19,8;19,3;19,4;20;20;19,6;19,8;19,3;19,6;19,8;19,4;19,5;20,220,7;20,8;20,2;20,6;20,5;20,7;20,6;20,7;20,6;20,6;20,6;20,6;20,5;20,6;20,7;20,6;20,7;20,5;20,1;20,4;20,7;20,8;20,9;20,8;20,7;20,1;20,9;20,5;20,7;20,9;21,4;20,6;20,2;20,7;20,8;21,1;20,7;20,8;20,8;21,4;20,8;20,7;20,9;21,1;20,8;20,7;21,1;20,9;20,6;20,7;20,6;20,4;20,5;20,6;20,7;20,6;20,6;20,6;20,5;20,7;20,5;20,6;20,6;20,2;20,5;19,6;19,8;20,5;20,9;20,5;20,6;20,5;19,5;20,5;20,9;20,2;21,1;20,2;20,2;20,2;20,7;20,8;20,8;20,7;20,7;20,5;20,5;20,2;20,1;20,1;20;20,2;20,4;20,5;20,8;20,7;20,1;19,9;20,2;20,7;20,7;20,7;20,7;20,5;20,2;20,4;20,4;19,9;20;20,5;20,5;20,6;20,5;20,1;20;20,1;20,2;20,5;20,5;20,4;20,1;20,5;20,6;20,5;20,8;20,6;20,6;20,6;20,6;20,4;20,4;20,4;20,2;20,1;20,4;20,4;20;19,9;20,1;20,2;20,4;20,4;20,2;20,6;20,8;20,2;20;20,1;20,2;20,5;20,5;20,5;20,7;20,5;20,4;20,5;20,6;20,1;19,9;20,2;20,6;20,5;20,1;19,9;20,2;20,4;20,2;20,6;20,4;20,2;20,5;20,4;19,9;20;20;19,8;19,9;20,4;19,9;19,8;19,8;20;20;19,9;19,9;19,6;19,8;20;20,2;20,2;20,1;20,1;20,1;21,1;25,4;26,4;26,7;26,7;26,8;26,8;27,5;28,8;30,1;30,5;30,8;30,8;30,6;30,9;31,2;31,1;31;30,9;31,7;32,2;31,5;31,5;31,5;31,7;32,1;32;32,1;31,5;32,1;31,8;31,7;31,4;31,7;31,8;32;32;32,1;31,7;31,6;31,7;31,6;31,8;31,7;31,7;31,5;31,2;31,7;31,8;31,6;31,6;31,6;31,5;31,5;31,7;31,6;31,3;31,4;31,6;31,5;31,5;31,7;31,4;31,8;31,8;31,8;31,4;31,6;31,5;32;32;31,6;32,4;32,4;32;32,4;32,7;32,6;32,7;33,1;32,7;32,9;33,2;33,5;33,4;33,8;33,6;34;34,2;34,4;34,3;34,9;34,5;35,1;35,4;35,6;35,2;35,6;35,9;36,1;35,9;36,5;36,5;36,6;36,9;36,8;37,1;37,2;37,7;37,5;37,8;38,1;38,1;38;38,2;38,4;38,6;38,5;39,1;39;38,9;38,9;39,1;39,2;39,4;39,4;39,5;40;39,6;40;39,8;39,5;39,2;40;39,8;40;39,5;39,4;39,6;39,4;39,1;39,1;39;39;39;38,7;38,6;38,7;38,3;38,4;38,3;37,9;38,3;38;37,5;37,6;37,4;37,5;37,2;36,7;36,5;36,7;36,6;36,3;36,1;35,7;36,1;35,7;36;35,6;35,4;35,4;35;35,3;34,5;34,3;34,1;34,4;34,2;34;33,8;33,6;33,4;33,8;33,1;33,8;33,5;33,1;33,1;32,9;33,3;32,9;32,9;32,7;32,8;32,6;32,4;32,8;32,8;32,7;32,5;32,6;32,5;32,4;32,4;32,6;32,8;32,6;32,1;32,2;32,2;32,5;32,6;32,6;32,2;32,4;32,4;32,9;32,6;32,7;32,6;32,7;32,4;32,7;32,4;32,6;32,8;32,7;33,3;32,4;32,8;32,9;32,9;33,2;32,8;32,8;32,9;32,1;32,7;32,1;31,5;32,1;32,2;31,7;32,1;31,8;32,2;31,7;31,4;31,6;31,5;31,5;31,1;31,2;31,3;31,2;31,2;30,9;30,6;30,3;29,7;28,9;28,4;27,5;26,6;26,5;26,6;25,6;23,5;22,1;21,1;20,7;20,4;20,4;20,2;20,5;20,4;19,8;19,8;20,5;20,5;20,5;20,5;20,2;20;19,9;20,1;19,6;19,6;20,4;20,4;20,4;19,9;19,5;20;19,9;20;20,2;20,2;20;19,9;20,1;20,1;20,4;20,2;20,6;20,6;20;19,9;19,9;20,2;20,2;20,1;20;20,2;20,4;20,4;20,2;20;20,4;20,2;20,1;20,2;20,1;19,9;20,1;20,2;20,1;19,8;19,6;20;20,1;19,8;19,8;20;20;20;20,2;20,4;20,1;19,9;19,9;20,5;20,2;20,2;20,1;20;20;19,9;20;19,8;19,9;19,9;19,9;19,8;19,8;19,5;19,4;19,6;19,6;19,9;19,6;20,2;19,9;20,1;20,1;20;19,6;19,8;20,1;20,1;20,1;20,5;20,1;19,2;20,2;20,2;19,4;20,2;19,4;19;20;20,7;19,8;20,2;19,6;19,9;19,8;20,2;20;20,6;20,2;19,6;19,9;19,3;19,9;20,1;19,5;19,3;19,6;20;19,9;19,5;19,6;20,1;20,2;20,2;20,1;19,8;19,6;20,1;20,1;19,6;19,6;20;20,1;19,8;19,6;20;19,8;19,2;20,5;19,6;19,3;19,6;19,9;19,6;19,5;20,1;20;19,6;19,6;19,5;19,4;19,4;19,4;19,4;19,8;19,9;19,5;19,3;19,6;19,8;19,4;20;19,6;2020,6;20,4;20,8;20,5;20,6;20,7;20,6;20,5;20,4;20,6;20,8;20,6;20,4;20,7;20,9;20,7;20,1;20,2;20,5;20,4;20,2;20,2;20,7;20,4;20,6;20,7;20,7;20,5;21,2;20,9;20,5;20,6;20,6;20,1;20,7;20,9;21,1;20,7;20,5;20,8;20,5;20,7;20,8;20,8;20,9;21,2;20,8;20,6;20,6;20,6;20,8;20,8;20,7;20,5;20,7;20,5;20,5;20,4;20,6;20,5;20,4;20,7;20,6;21,1;20,8;20;20,2;20,7;20,5;20,6;20;20,4;20,5;20,2;20,4;20,6;20,7;20;19,8;20,4;19,9;20,1;20,4;20,8;20,5;20,6;19,9;20,5;20,7;20,1;20,2;20,4;20,4;20,6;20,1;20,4;20,5;20,7;20,4;19,8;20,1;20,4;20,5;20,4;20,4;20,6;20,1;20;20,4;20,7;20,8;20,6;20,5;20,2;20;20,1;20,4;20,2;20,4;20,4;20,2;20,4;20,2;20,2;20,6;20,5;20,5;20,7;20,5;20,4;20,5;20,2;20,4;20,2;20,1;20,4;20,2;20;19,9;19,9;20,4;20,5;20,2;20,4;20,5;20,5;20,2;20,2;20,6;20,5;20,4;20,4;20,4;20,4;20,4;20,4;20,6;20,5;20,2;20,1;20,2;20,4;20,2;20;20,4;20,5;20;19,9;20;20,1;20,4;20,4;20;20;20;19,8;19,6;19,6;19,8;19,6;19,8;19,6;20;20;19,9;19,9;19,6;19,9;20,2;20,1;20;19,6;20;20,9;24,6;26,3;26,5;26,7;26,7;27,3;27,1;28,9;30;30,6;30,7;30,7;30,8;31;31,3;31;31;31,1;31,4;31,7;31,4;31,7;31,2;31,5;32;32,2;32;31,3;32,1;31,6;31,4;31,6;31,5;31,4;31,4;31,7;32;31,6;31,7;31,5;31,6;31,7;31,5;31,7;31,8;32;31,7;31,3;31,3;31,8;31,7;31,4;31,6;31,5;31,4;31,1;31,3;31,6;31,6;31,5;31,7;31,6;31,6;31,7;31,6;31,5;31,3;31,6;32;32,1;31,8;32;32;32,5;32,5;32,6;32,6;32,7;32,9;32,9;32,7;33;33,2;33,3;33,7;33,8;33,9;34,1;34,1;34,3;34,4;34,6;35;35,1;35,3;35,1;35,6;35,6;35,7;36;36;36,2;36,6;36,7;36,9;36,9;37,1;37,5;37,5;37,9;37,9;37,9;37,9;38;38,2;38,2;38,4;38,8;39,1;38,8;38,8;39;39,5;39,1;39,4;39;39,5;39,5;39,4;39,6;39,2;39;39,4;39,9;39,5;39,3;39,4;39,3;39,4;39;38,8;38,8;38,8;38,9;38,6;38,6;38,5;38,3;38,3;37,8;37,6;37,7;37,6;37,4;37,5;37,2;37,2;36,9;36,7;36,4;36,6;36,4;36,1;36,1;36;35,9;35,6;35,7;35,6;35,2;34,7;34,3;35,4;34,5;34,7;34,2;34,1;33,7;33,9;33,8;33,7;33,4;33,8;32,8;33,5;33,2;33,1;32,6;32,9;33,1;32,8;32,7;32,7;32,6;32,4;32,2;32,8;32,7;32,4;32;32,2;32,1;31,8;32,5;32,2;32,2;32,1;32,2;32,4;32,2;32,7;32,4;32,6;32,4;32,2;31,8;32,6;32,9;32,7;32,7;32,6;32,1;33;32,5;32,5;32,9;32,8;33;32,7;32,7;33,1;32,5;32,9;32,2;32,9;32,5;32,4;32,4;32,1;32,1;32,2;31,8;31,8;32,1;31,6;32,1;31,8;31,6;31,7;32;31;30,9;31,2;31;31;30,9;30,8;30,5;30,2;29,5;28,8;28,4;27,9;27,1;26,5;26,5;25,6;23;21,9;20,8;20;20;20,1;20;19,9;19,9;20,1;20,2;20,5;20,2;19,6;19,8;20;20;19,8;19,9;19,9;19,9;20,1;20,1;20;19,6;19,8;19,8;19,8;20;20;20;20,1;20;20,1;19,9;19,6;19,8;20,1;20;20,1;20,4;20;19,8;19,9;20,1;19,8;19,8;19,9;20,4;20,5;20,1;20,5;20,4;19,9;19,9;20,1;19,9;19,8;19,8;19,9;20,1;20;20;20,1;20;19,6;19,6;19,9;20;19,9;20,4;20,6;20,1;19,6;19,8;20,4;20,4;20;20,1;19,8;19,4;19,9;20;20,2;20,1;19,5;20;19,9;20;19,9;19,6;19,9;19,6;19,9;19,9;19,9;20;19;19,2;20,7;19,3;20,1;19,6;19,3;19,8;19,9;19,9;19,9;20,2;20,1;19;19,6;20;19,8;20,6;19,5;20;19,9;20;19,3;20,1;19,9;20,6;19,8;19,4;20,1;19,8;19,5;19,6;19,6;19,9;19,9;19,9;19,8;19,8;19,5;19,4;19,8;19,8;19,9;19,9;20;20;19,9;19,3;20,1;19,4;20,1;20;19,9;19,4;19,8;19,2;20,1;19,5;19,6;19,9;19,6;19,5;20,1;19,5;19,3;19,8;19,6;19,2;19,3;19,8;19,6;19,2;19,6;19,5;19,2;19;19,5;20,1;19,3;19,8;19,3;2020,6;20,5;21,2;20,4;20,2;20,7;20,1;20,5;20,5;20,7;20,8;20,6;20,8;20,8;20,4;20,6;20,9;20,9;20,7;20,5;20,1;20,2;20,2;20,2;20,9;20,1;20,5;20,8;20,9;20,6;20,6;20,1;20,7;20;20,8;20,7;20,4;20,4;20,7;20,9;20,7;20,5;20,6;20,8;20,4;20,5;20,6;20,5;20,4;20,4;20,5;20,6;20,8;20,6;20,7;20,7;20,5;20,4;20,7;20,7;20,4;20,6;20;20,5;20,6;20,5;20,4;20,9;20,5;20,5;20;21,1;20,6;20,1;20,4;20,4;20,6;20,2;20,4;20,2;19,9;20,2;20,7;20,1;20,4;20,1;20;20,1;19,8;19,8;20,5;20,4;20,6;20,5;20,4;20,6;20,2;20,2;20,4;20,1;20,4;20,5;20,4;20,1;20,5;20,6;20,2;20,2;20,1;20,1;20,1;20,5;20,6;20,4;20,4;20,8;20,5;20,1;20,5;20,6;20,5;20,4;20,1;20,1;20,4;20,6;20,4;20,7;20,8;20,6;20,2;20;20,4;20,1;20,1;20,6;20,7;20,5;20,2;20,5;20,4;20,5;20,6;20,4;20,2;20,1;20,2;20,4;20,2;20,2;20,4;20,4;20,6;20,5;20,6;20,2;20,1;20,1;20,2;20,5;20,5;20,6;20,5;20,2;20,2;20,5;20,5;20,7;20,6;20,4;20,1;20,1;20,5;20,5;20,1;19,9;19,8;19,9;20,1;20,1;20,1;19,6;20,1;19,8;19,9;20;19,6;19,8;19,8;20,1;19,9;19,6;19,8;21,1;24,8;26,3;26,4;26,8;26,6;26,8;27,1;29;29,7;30,3;30,8;30,7;30,9;30,8;30,9;31,5;30,9;31,2;31,2;32;31,6;32;32,1;31,7;32,4;31,8;32,2;31,7;32,1;32,2;31,5;32;31,7;31,7;31,5;31,6;31,8;31,4;31,6;31,6;31,6;31,5;31,5;31,6;31,6;31,7;31,4;31,6;31,3;31,3;31,4;31,3;31,5;31,5;31,5;31,4;31,3;31,6;31,6;31,5;31,5;31,5;31,6;31,6;31,7;31,7;31,8;31,7;32,2;32,1;32,1;31,8;32,1;32,5;32,5;32,2;32,6;32,4;32,9;33,3;33;33,2;33,2;33,3;33,5;33,9;34,1;34,2;34,1;34,6;34,5;34,7;35;35;35,5;35,5;35,7;35,6;35,6;35,8;36,1;36,5;36,7;36,7;36,8;36,6;36,9;37,4;37,4;37,8;37,9;37,8;38,2;37,9;38,3;38,5;38,5;38,4;38,9;38,8;38,7;38,8;39,1;38,9;39;39;39;39,4;39,3;39,6;39,1;39,2;39,3;39,6;39,3;39;39,2;39,2;39,3;39;39;39;38,5;38,6;38,6;38,6;38,3;38,1;38;37,8;37,9;37,7;37,5;37;37,2;37,1;37,1;37;36,6;36,6;36,8;36,3;36;35,8;36,1;35,7;35,8;35,6;35,4;35,2;34,9;34,5;35,4;34,3;34,4;34;34,1;33,7;33,9;34,1;33,8;33,5;33,6;33,1;33,3;33,1;33,1;32,7;33;32,8;32,8;32,9;32,8;32,7;32,8;32,5;32,5;32,5;32,4;32,1;32,4;32,6;32,5;32;32,2;32,4;32,1;32,1;32,2;32,2;32,4;32,6;32,4;32,4;32,5;32,5;32,6;32,8;32,4;32,4;32,4;32,8;33;32,7;32,4;32,7;32,8;32,9;32,5;32,8;33,2;32,8;32,9;32,6;33,1;32,6;32,5;32,7;32,1;32,2;32,5;31,7;31,8;32,2;31,6;31,8;31,6;31,4;31,5;31,4;31,1;30,6;31,3;31;31,3;30,9;30,7;30,3;29,9;29,7;28,7;28,1;27,5;27,1;26,5;26,4;25,7;23,3;21,6;20,7;20,2;20,1;20,1;20,6;20,7;20,1;20,1;20,1;20;20,2;20,4;20,2;19,8;19,6;19,9;19,9;19,8;20,2;20,4;20,2;20,5;20,4;20,4;20,2;20,2;20,2;20,2;20,4;20,5;20,5;19,9;19,8;19,9;19,9;20;20,2;20,5;20,4;19,9;19,8;19,9;19,8;20;20,1;20,5;20,5;20;20;20,2;20;20;20,2;20,2;20;19,8;19,8;20,2;20,2;19,8;19,5;20,1;20,4;20,1;20;19,9;20;19,8;19,9;19,8;19,6;19,5;19,4;19,8;20;20,1;19,8;19,9;20,1;19,6;19,8;19,9;20,2;19,9;19,8;20,1;19,9;19,8;19,5;19,9;20;19,6;19,4;20;20,2;19,6;19,5;20,1;19,9;19,5;20,1;19,6;20;19,6;19,9;20;19,8;19,3;19,5;19,6;20;20,2;19,4;19,3;19,4;20;19,9;19,9;19,8;19,6;19,4;20,1;19,8;19,6;20,1;19,9;19,9;19,8;20,2;20,2;19,9;19,9;20,2;20,2;20;19,8;19,6;20,2;20,2;20,6;20,1;20;19,5;20;19,8;20,2;19,5;19,9;19,9;19,4;19,5;19,9;19,4;19,3;20,2;20,2;19,9;19,8;19,4;19,3;20;20,1;19,8;19,8;19,8;19,4;19,2;19,6;19,5;19,3;19,5;19,4;20,2;19,6;19,4;19,6;19,520,6;20,7;20,9;20,5;20,9;20,7;20,4;20,5;20,4;20,7;20,8;20,4;20,4;20,6;20,4;20,4;20,6;20,5;20,4;20,6;20,7;20,6;20,2;20,2;20,9;20,2;20,7;21,4;20,8;21,2;20,7;20,5;20;20,9;20,5;20,7;21,1;21,1;20,4;20,7;20,9;20,7;20,9;20,9;20,8;21,1;20,5;20,5;20,9;20,9;20,7;20,8;20,8;20,7;20,8;20,8;20,7;20,6;20,7;20,2;20,4;20,7;20,6;20,7;20,4;20,6;20,8;20,7;19,8;20,4;20,1;20,6;20;20,6;20,8;20,8;20,6;20,5;20,5;20,6;19,9;20,2;20,5;20,6;20,5;20,4;20,1;20,5;20,2;20,1;20,4;20,5;20,8;20,7;20,4;20,7;20,7;20,4;20,1;20,6;20,7;20,5;20,4;20,4;20,6;20,6;20,5;20,5;20,4;20,2;20,1;20,2;20,2;20,2;20,5;20,4;20,6;20,4;20,5;20,5;20,1;20,7;21,2;20,8;20,7;20,6;20,5;20,6;20,7;20,7;20,5;20,7;20,6;20,2;20,4;20,4;20,7;20,7;20,5;20,5;20,6;20,9;20,6;20,4;20,6;20,5;20,4;20,4;20;20,4;20,5;20,1;20,2;20,4;20,2;20,4;20,2;20,6;20,5;20,2;20,7;20,5;20,7;20,7;20,8;20,4;20,2;20,7;20,6;20,4;20,4;20,4;20,2;20,1;20,4;20,6;20,7;20,1;20,5;20,2;20;20;20;20,2;20,2;20;19,6;20;19,8;20,1;20;20,4;20;21,4;24,8;26,3;26,3;26,8;26,8;27,3;27,6;29,2;30,1;30,6;30,6;30,6;30,9;31,2;31,1;31,8;30,8;31,5;31,3;32,2;31,8;31,8;32,1;31,8;32,4;31,7;32,1;32;32;32,2;31,8;32,4;31,8;32;32,1;31,7;31,6;31,5;32;31,6;31,4;31,7;31,8;31,7;31,6;31,7;31,8;32;31,5;31,5;31,3;31,2;31,4;31,7;31,4;31,5;31,8;31,7;31,5;31,5;31,8;31,8;31,7;31,4;31,6;31,8;32,2;31,8;32,5;32;32,6;32,1;32,2;32,6;32,7;32,4;32,6;32,6;32,9;33,1;33,1;33,3;33,5;33,6;33,5;33,8;34,4;34;34,3;34,5;34,9;34,9;34,9;35,1;35,4;35,2;35,4;35,7;36;35,9;36,1;36,3;36,6;36,8;36,8;36,8;37;37,1;37,2;37,6;37,9;37,7;38,2;38,1;38,3;38,6;38,5;38,3;38,8;38,9;38,9;38,9;39;39;39;38,9;39,1;38,9;39,5;39,4;39,2;39,3;39,2;39,5;39,5;39;39,2;39,2;39;39;39;38,9;38,6;38,8;38,8;38,5;38,3;38,3;38,1;38,1;38;37,8;37,5;37,1;37;37;36,9;37;36,8;36,5;36,4;36,3;36,2;36,1;35,8;35,6;35,8;35,8;35,1;35,1;35,3;35;34,9;34,2;34,5;34,2;34,2;33,8;34;33,8;33,8;33,6;33,6;33,3;33,4;33,1;32,9;32,9;33,2;33;32,8;32,7;32,7;32,9;32,7;32,5;32,5;32,5;32,5;32,2;32,4;32,5;32,8;32,5;32,4;32,4;32,1;32;32,2;32,5;32,1;32,5;32,6;32,5;32,5;32,4;32,4;32,7;32,6;32,7;32,7;32,8;33;32,7;32,2;32,9;32,9;33,2;32,6;32,9;33,1;33;33,2;33,1;33;32,9;32,6;32,5;32,1;32,7;32,4;31,8;32;32,6;31,8;32,1;31,7;31,8;31,6;31,3;31,3;31,2;31,4;31,2;31,1;30,8;30,5;30,3;30,1;29,9;28,8;27,8;27,2;27,2;27,1;26,8;25,4;22,9;22;20,9;20,5;20,4;20,2;20,4;20,1;20;20,1;20,1;20,4;20,5;20;20,2;20,5;20,4;20,1;20,1;20,1;20,4;20,5;20,2;20,1;20,2;20;20,1;20,1;20,4;20,4;20;20;20,1;19,8;19,8;19,9;19,9;20,4;20,5;20,6;20,1;20,1;20,2;20,4;20,2;20,2;20,2;20,4;20,6;20,2;19,9;19,8;19,9;20;20,1;19,8;19,9;19,9;20;20,4;20,4;20,1;20,1;19,9;19,5;20;20,1;20,2;20,5;20,1;20,1;19,9;20;20,5;20,5;20,4;20,6;20,4;19,8;20,1;19,9;19,5;20,1;20,4;20,1;19,9;19,6;20,4;20,1;20,2;19,6;19,8;20,7;20;20;19,6;20,1;20,4;20,1;20;21,1;20;19,5;19,6;19,9;20,1;20,6;20,2;20,1;20,5;19,9;20;20,1;20,5;20,4;19,9;19,8;19,6;19,9;19,9;20,4;19,9;20;19,9;20;20;20;19,6;20;20,4;20,1;20;20,2;20,2;19,9;19,9;20,2;20;20;20,2;19,9;20,2;20;19,9;19,5;19,6;19,9;19,9;20,4;19,8;19,9;20;19,5;20,1;19,5;19,8;19,9;19,8;19,5;20;19,6;19,4;19,8;19,8;19,3;19,5;20;20;19,8;19,9;20,1;19,8;20;19,9;19,8;20;19,2;19,6;19,520,7;20,9;20,6;20,4;20,7;21,2;20,8;20,5;20,7;20,8;21,1;21,1;21,5;21,4;20,7;20,7;20,8;20,7;21,1;21,1;20,8;20,8;20,8;20,4;20,9;20,4;21,1;21,2;20,9;21,2;20,2;20,8;20,5;20,4;20,9;21,4;20,6;21,1;20,6;20,8;20,7;20,7;20,7;21,1;21,1;20,9;20,9;20,7;20,8;21,1;20,9;20,6;20,7;20,9;20,8;20,9;20,8;20,7;20,9;20,7;20,9;21,4;20,7;20,5;20,7;20,2;21,2;20,6;20,5;20,7;20,6;20,2;20,4;19,9;20,5;20,2;20,7;20,8;20,7;20,6;20,6;20,1;20,4;20,6;20,6;20,2;20,6;20,4;20,5;20,2;20;19,9;19,9;20,5;20,5;20,4;20,2;20,4;20,4;20,1;20,2;20,4;20,2;20,5;20,5;20,4;20,2;20,6;20,9;20,8;20,4;20,4;20,5;20;20,4;20,5;20,6;20,8;20,5;20,2;20,4;20,7;20,8;20,8;20,6;20,2;20,6;21,2;21,2;20,7;20,5;20,6;20,8;20,6;20,5;20,6;20,7;20,6;20,5;20,5;20,5;20,7;20,4;20,2;20,2;20,2;20,1;20;20,1;20,6;20,6;20,8;20,8;20,4;20,5;20,9;20,8;20,6;20,5;20,2;20,5;20,5;20,6;20,6;20,4;20,1;20,2;20,5;20,4;20,5;20,6;20,4;20,6;20,7;20,2;20;20,2;20,2;20,5;20,5;20,7;20,1;19,9;20;20;19,9;19,8;19,9;20;20;20,4;19,9;20,1;21,6;24,7;26,6;26,6;26,5;26,8;27,1;27,5;29,3;30;30,7;30,8;30,8;30,6;30,9;31,5;31,2;30,9;31,6;31,5;32,1;31,4;32;31,7;31,6;32,5;32,2;32,1;32;31,7;32,1;32,2;32,5;32;31,8;31,8;32;31,8;31,8;32,1;31,6;31,7;31,7;31,7;32,2;31,7;31,5;31,5;31,6;31,4;31,5;31,5;31,4;31,4;32;31,6;31,4;31,5;31,7;31,4;31,3;31,8;31,7;31,8;31,6;31,8;32;31,7;32;32;31,5;32,6;32,1;32,1;32,1;32,9;32,4;32,4;32,6;32,8;32,9;32,9;33,1;33,7;33,5;33,7;33,7;33,7;34,1;34,2;34,4;34,7;35;35;35,1;35,3;35;35,3;35,6;35,8;35,7;36;36,2;36,5;36,5;36,7;36,9;37;37,1;37,1;37,2;37,5;37,4;37,9;38,1;38,1;38,3;38,2;38,4;38,4;38,7;38,8;38,8;38,9;39,1;39;38,7;39;38,9;39,1;39,2;39,2;39;39,2;39,1;39,2;38,8;39;39;38,7;39,1;38,7;38,7;38,5;38,6;38,3;38,2;38,1;38,2;38;38;37,9;37,7;37,2;37,1;37,1;37,1;37;36,7;36,3;36,5;36,4;36,1;36,1;36,3;35,7;35,4;35,6;35,4;35,1;35,2;35,1;34,6;34,7;34,1;34,4;34,3;33,9;33,9;33,7;33,5;33,8;33,4;33,6;33,2;33,6;33,1;32,9;32,9;33,2;32,8;32,7;32,2;32,2;32,6;32,6;32,6;32,6;32,1;32,4;32,1;32,2;32,5;32,5;32,1;32;32,5;32,4;32;32,4;32,8;32,5;32,4;32,8;32,7;32,5;32,4;32,4;32,5;32,5;32,7;32,4;32,8;32,9;33;32,2;32,6;32,7;33,2;32,9;32,7;32,9;32,8;33,2;33;32,8;32,9;32,6;32,5;32,6;32,9;32,6;32,2;32;32,5;32,4;32,2;31,6;31,5;31,8;31,7;31,4;31,2;31,3;31,1;31,1;31,2;30,8;30,3;30,4;29,4;28,9;28,2;27,6;27,4;26,6;26,5;25,5;23,1;22;20,7;20,4;20,4;20,6;20,6;20,4;20,2;20,2;20,2;20,2;20,4;20,5;20,4;20;20;19,9;20;19,8;20;20,5;20,5;20,1;20,1;20,4;20,2;19,9;20;20;20;20,2;20,1;19,8;20;20;20,2;20,5;20,4;20,2;20,2;20,4;20,7;20,5;20,1;20,4;20;19,6;20;20,2;20,4;20,4;20,2;20,1;19,9;20;20;20,1;20,2;20,2;20,4;20,6;20,6;20,6;20,6;20,2;19,9;20;20,1;20,1;20,1;20,1;20,4;20,4;20,1;19,9;20,1;20,6;20,7;20,6;20,1;20,4;20,6;20,4;19,8;20;20;20,1;20,2;19,9;20,4;20;20;20,1;20,6;19,9;20,7;20,4;20,4;20,1;19,8;20,7;19,8;20,2;20,2;19,8;20,5;19,9;20,9;19,9;20,1;19,8;20,5;20,5;20,1;20,2;19,6;19,4;19,9;19,8;19,8;20,1;20,8;20,4;19,8;20;20,6;20,4;20;19,8;19,8;19,8;19,9;20;20;20,2;20,6;20,4;20;19,6;19,5;19,9;19,9;19,5;19,8;20,2;20,2;19,4;19,2;20,1;19,4;19,6;20;19,8;20,5;19,9;19,8;20,4;20;19,4;19,5;20;20;19,4;19,4;20;20,1;19,6;19,9;20;19,8;20;20,4;19,6;20,2;19,9;19,5;19,6;2020,8;20,7;20,4;20,1;20,5;20,8;20,8;20,9;20,7;20,9;20,8;20,9;21,2;20,9;20,8;20,7;20,7;20,6;20,1;20,4;20,6;20,7;20,8;20,4;20,1;20,5;20,8;20,4;20,6;20,7;20,6;20,7;20,2;20;20,8;20,8;20,2;20,6;20,9;21,1;20,7;20,7;20,7;20,8;20,5;20,1;20,7;20,7;20,4;20,5;20,7;20,7;20,7;20,7;20,6;20,7;20,7;20,7;20,4;20,6;20,2;20,5;20,7;20,6;20,8;20,8;20,8;20,5;20,9;20,4;20,5;20,4;20,1;20,4;20,4;20,2;20;20,1;20,6;20,5;19,6;20,6;20,6;20;20,2;20,2;20,2;19,9;20,2;20,1;20,1;20,5;20,5;20,4;20;20,4;20,5;20,5;20,5;20,1;20,4;20,1;20;20;20,4;20,5;20,5;20,2;20;20,2;20,5;20,4;20,4;20,2;20,4;20,6;20,6;20,8;20,6;20,1;20,1;20,7;20,8;20,4;20,5;20,4;20,4;20,7;20,7;20,6;20,8;20,7;20,4;20,2;20,4;20,5;20,2;19,8;20,1;20,4;20,5;20,7;20,6;20,7;20,8;20,8;20,5;20,4;20,4;20,8;20,8;20,4;20,5;20,5;20,5;20,4;20,1;20,1;20,4;20,6;20,6;20,8;20,5;20,2;20,7;20,7;20,7;20,5;20,4;20,4;20,5;20,5;20,4;20,4;20,4;20,4;20,2;20,1;19,9;19,6;20,2;20;19,4;19,5;19,9;19,8;19,6;19,8;19,9;20;20,1;19,6;20,4;21,4;25;26,4;26,7;26,3;26,6;27,2;27,3;29;30;30,5;30,8;30,4;30,5;30,9;31,2;31,2;30,8;31,5;31,6;31,6;31,6;31,6;31,8;32;31,8;32,4;32;31,8;31,8;31,7;31,8;32;31,7;31,8;31,7;31,8;31,8;31,8;31,8;32;32;31,6;31,7;32,1;31,8;31,6;31,6;31,6;31,4;31,4;31,5;31,4;31,3;31,5;31,5;31,5;31,4;31,4;31,2;31,3;31,6;31,4;31,7;31,7;31,7;31,7;31,5;31,8;31,5;31,8;32,4;32,2;32,1;31,8;32,6;32,1;32,4;32,5;32,7;32,7;32,8;32,9;33,4;33,1;33,7;33,7;33,4;33,8;34;34,1;34,5;34,4;34,7;34,9;34,9;34,7;35,3;35,4;35,7;35,7;36;36,3;36,3;36,3;36,6;36,7;36,9;37;37;37,2;37,5;37,6;37,8;37,7;37,6;37,8;38;38,5;38,4;38,5;38,2;38,4;38,7;38,8;38,7;38,9;38,7;38,8;38,9;38,8;39,2;38,9;38,8;39;39;38,7;38,6;38,5;38,7;39;38,7;38,5;38;38,2;38,1;38;38;37,9;37,7;37,6;37,4;37,5;37,5;37,2;37;36,8;36,9;36,8;36,4;36,3;36,4;36,2;36,2;35,9;35,8;35,1;35,2;35,1;35,1;35,1;35;34,5;34,7;34,1;34,2;33,8;34;33,7;33,6;33,3;33,4;33;33,4;33,1;33,4;33;33,1;32,8;33,1;32,7;32,6;32,4;32,6;32,6;32,5;32,4;32,2;32,2;32,1;32,1;32,2;32,4;32,4;32,1;32,1;32,2;32,4;32,1;32,5;32,5;32,2;32,2;32,4;32,5;32,2;32,4;32,2;32,1;32;32,4;32,2;32,4;32,7;33;32,4;32,6;32,8;33;32,8;32,9;33,1;32,6;33;32,8;32,9;32,5;32,9;32,4;32,7;32,5;32,6;32,7;32,1;32;32;31,6;31,5;31,5;32;31,4;31;31,2;30,8;30,7;31,3;31,2;30,7;30,3;30,2;29,5;28,9;28,1;27,4;27,1;27,1;26,5;25,7;23,4;21,9;20,9;20,6;20,2;20,2;20,1;20;19,9;19,8;19,6;20,1;20;20,1;20,4;20,2;20,1;20,4;20,4;20;20,1;20,2;20,6;20,6;20,5;20,4;20,2;19,6;19,6;19,9;20,1;19,9;19,5;20;20,1;19,6;19,8;20,4;20,5;20,1;20,1;20;20,1;20,4;20,2;19,8;19,9;20,2;20;19,6;19,6;20,1;20,1;20,1;20,1;20;20;20;19,9;20;20,1;20,1;19,9;19,6;19,6;19,6;20;20,1;20,2;20,1;20;20,1;20,2;20,4;20,1;19,9;19,9;20,2;20,1;19,9;19,8;19,9;19,8;19,5;20;20,2;20;20;20,4;20,2;19,9;19,8;20,6;20,1;20,4;19,9;20,5;20;20,1;19,8;20,6;20,6;19,5;20;20,1;19,6;20,2;19,8;21,1;19,8;20;19,9;19,6;19,5;19,8;19,4;20,4;20,1;19,9;20,2;20;19,9;19,8;19,6;20;20;19,9;19,9;19,8;19,9;19,5;19,5;20,1;20;19,4;19,6;19,9;20;20,1;19,4;19,6;19,6;20,2;20;19,9;20,2;20,9;19,5;19,4;20,2;19,5;20;19,6;19,4;19,4;19,6;19,8;20,1;20;19,9;19,5;19,4;19,3;19,6;19,5;19,5;19,8;19,4;19,8;19,9;19,5;19,3;19,6;19,4;20,4;19,5;19,8;20;2020,9;20,9;20,6;19,9;20,7;20,5;20,4;20,6;20,9;20,8;20,5;20,7;20,8;20,7;20,8;20,9;20,7;20,7;20,8;20,6;20,6;20,6;20,8;21,1;20,7;20,4;21,2;20,9;20,5;20,8;20,7;20,5;20,2;20,4;20,1;20,5;20,5;20,6;20,4;20,6;20,6;20,6;20,2;20,7;20,6;20,5;20,5;20,7;20,8;20,4;20,6;20,7;20,8;20,7;20,5;20,6;20,6;20,5;20,4;20;20;20,5;20,2;20;20,8;20,2;20,4;20,5;20,4;20,2;20;20;20;20,4;20,4;21,1;20,1;20,4;20,1;20,2;20,2;20,6;20,6;20,6;20,4;20,7;20,5;20;20,1;20,1;20,1;20,1;20,6;20,5;20,6;20,2;20,2;20,4;20,5;20,5;20,5;20,4;20,5;20,1;20,2;20,2;20,2;20,1;19,9;20,2;20,2;20,2;20,4;20,1;19,9;20,2;20,5;20,4;20,4;20,6;20,6;20,7;20,6;20,2;20,2;20,2;20,5;20,7;20,7;20,6;20,2;20,1;20,4;20,5;20,6;20,5;20,7;20,5;20,2;20,6;20,6;20,5;20,5;20,5;20,4;20,6;20,5;20,2;20,1;20,4;20,7;20,7;20,9;20,7;20,2;20,4;20,4;20,2;20,1;20;20,5;20,5;20,1;20,1;20,2;20,5;20,1;20,2;20,5;20,7;20,7;20,5;20,4;20,6;20;19,8;19,9;20;20;19,9;20;19,8;19,4;20;20,2;19,9;19,6;19,6;19,9;20,1;19,9;20,2;20,4;20,9;24,7;26,6;26,8;26,5;26,7;27,3;27,4;29,1;30,4;30,5;30,6;30,4;30,4;30,9;31;31,3;31,1;31,6;31,7;32,4;31,8;31,7;32;32;32,2;32,2;31,7;31,8;32,4;32;32;31,6;31,6;31,7;31,7;31,8;31,7;32,1;32,2;32,1;31,8;31,7;31,7;31,8;31,5;31,7;31,7;31,5;31,5;31,6;31,5;31,3;31,6;31,4;31,4;31,4;31,4;31,3;31,5;31,5;31,3;31,4;31,8;31,7;31,7;31,7;31,8;31,8;31,7;32,2;32,4;32,7;31,8;31,8;32,8;32;32,1;32,2;32,8;33;32,8;32,9;33,1;33;33,4;33,6;33,5;33,4;33,9;34,1;34,1;34,1;34,6;34,9;35,2;35,1;35;35,2;35,5;35,6;35,8;36;36,2;36,4;36,6;36,5;36,8;37,1;37;37,1;37,4;37,7;37,8;37,7;37,9;38,1;38,1;38;37,9;38,4;38,1;38,1;38,2;38,7;38,5;38,9;38,5;38,7;38,5;38,8;39;39;38,8;38,9;38,7;38,5;38,5;38,6;38,8;38,6;38,6;38,3;38;38;38,2;38,1;38,1;37,8;37,5;37,4;37,4;37,2;37,2;37,1;36,9;36,6;37;36,7;36,4;36,1;36,2;35,9;36;35,6;35,8;35,5;35,1;35,1;35,2;35,1;35;34,4;34,3;34,4;34,1;33,8;34;33,4;33,6;33,6;33,4;33,1;33,4;33;33,1;33;33,5;32,5;33;32,5;32,5;32,6;32,7;32,5;32,5;32,4;32,4;32,4;32,1;32,1;32,2;32,6;32,5;32,2;32,2;32,1;32;32,1;32,5;32,6;32,1;32,2;32,1;32,1;32,1;32,5;32,1;31,8;32,2;32,1;32,8;32,4;32,7;32,2;32,6;32,6;32,7;33,1;32,7;32,9;32,8;32,7;32,7;32,9;32,5;32,5;32,5;32,6;32,4;31,8;32,1;32,5;32,2;32;32,1;31,4;31,5;31,4;31,5;31,5;31,3;31,1;30,9;30,9;30,9;31;30,7;30,3;30;29,7;28,7;27,8;27,5;27,4;27,3;27,2;25,6;22,9;22,1;21,2;20,6;20,1;20;20,4;20,5;20,1;19,9;20,1;20,2;20,1;19,9;19,6;19,6;19,9;20;20,2;19,9;20,2;20,5;20;20;20,1;20,1;20;20;20;20,2;20,2;20,1;20,1;20,1;20,4;20,4;19,9;20,1;20,2;19,9;19,6;19,9;20,2;20,2;20,4;20;19,6;20;20,2;20,2;19,9;19,6;19,6;20;20,4;19,9;19,8;19,9;19,8;20;20,2;20,5;20,6;20,6;20,2;19,9;20,1;20,2;19,9;20,2;20,4;20,4;20,4;20;20;20,1;20,2;20,2;20,1;20,4;20,4;19,9;19,9;20,2;20,6;20,1;19,8;19,9;20,1;20;19,4;19,8;20;20;20,1;19,8;19,9;19,9;19,5;20,1;20;20;19,5;19,6;19,6;20;19,9;20,1;20,1;20,2;19,6;19;19,5;20;20,5;20,1;19,3;19,5;19,5;19,8;19,8;19,6;20,4;20,4;20;19,8;19,9;19,6;19,6;20;19,9;19,8;19,8;19,6;20,2;20,5;19,9;19,9;19,9;20,1;20,5;20,1;19,9;19,4;20,1;19,6;20,1;19,8;19,5;19,9;19,8;19,2;19,5;19,8;19,5;19,6;19,9;20,1;19,9;19,6;19,6;19,5;19,9;20;19,5;19,8;20,1;19,6;19,5;19,5;19,5;19,5;19,3;19,4;19,8;19,3;19,8;19;19,620,9;21,2;20,8;20,4;20,6;20,7;20,6;20,6;20,6;20,4;20,6;20,7;20,7;20,6;20,5;20,5;20,5;20,4;20,5;20,7;20,8;21,1;20,5;20,5;20,5;20,5;20,6;20,9;20,6;20,9;20,4;20,4;21,2;20,6;20,1;20,4;20,4;20,8;20,5;21,1;21,1;20,4;20,5;20,9;20,9;20,6;20,6;20,5;20,5;20,7;20,6;20,5;20,6;20,5;20,5;20,4;20,2;20,1;20;20,1;20,5;20,1;20,5;20,2;20,2;20;20,1;19,9;20,2;20,6;20,4;20,9;20,5;20,2;20,1;20;19,9;20,2;20,4;20,4;20,7;20,2;20,2;19,9;20,2;20,4;20,1;20,1;20,2;20,2;20;20,4;20,2;20,5;20;20;20,5;20;20;20,4;20,6;20,1;20;20;19,8;19,9;20,1;20,1;20,4;20,7;20,5;20,4;20,4;20,5;20,6;20,5;20,5;20,1;20,2;20,2;20,5;20,8;20,5;20,4;20,5;20,5;20,6;20,8;20,7;20,5;20,5;20,4;20,5;20,4;20,4;20,8;20,8;20,7;20,4;20,2;20,4;20,6;20,8;20,8;20,4;20,1;20,6;20,7;20,6;20,8;20,7;20,6;20,6;20,5;20,5;20,6;20,8;20,6;20,4;20,2;20,5;20,8;20,6;20,2;20,2;20,6;21,1;20,6;20,2;20,2;20,6;20,2;20,2;20,6;20,4;20;20;19,9;19,9;19,9;19,9;20;19,9;20,2;20,1;20;20;20,1;20;20,1;20;20;20,4;20,8;24,7;26,4;26,7;26,4;26,5;26,8;27,4;29,1;30,2;30,6;30,8;31;30,8;30,9;31,3;31,3;30,9;31,5;31,5;31,8;32;31,8;31,6;31,8;32,4;32;31,8;31,4;32;32,1;32,1;31,8;32;32;32,1;32;32,1;32,1;32;31,8;31,6;32;31,8;31,6;31,4;31,5;31,5;31,4;31,5;31,6;31,4;31,2;31,4;31,5;31,3;31,6;31,3;31,3;31,4;31,3;31,2;31,7;31,8;31,7;31,8;32;32;31,7;32,2;32,1;31,8;32,6;32;31,7;32,9;32;32,1;32,5;32,9;33,2;32,6;33;33;33,3;33,5;33,6;33,4;33,7;34;34;34,2;34,2;34,4;35;35,1;34,9;35;35,3;35,4;35,4;35,6;35,9;36,2;36,2;36,3;36,4;36,6;36,9;37,2;37;37,1;37,5;37,5;37,8;37,9;37,9;38,2;38,1;37,7;38;38,1;38,1;38,2;38,6;38,6;38,7;38,4;38,4;38,8;38,8;39;38,8;38,5;38,6;38,4;38,6;38,6;38,6;38,7;38,3;38,1;38,2;38,1;37,8;37,9;37,9;38;38,1;37,6;37,4;37,1;37,1;37,2;37;36,7;36,4;36,9;36,4;36,3;36,2;36,4;36;36;35,7;35,4;35,6;35,1;34,9;35,1;35,2;34,7;34,2;34,4;34,1;34;34,1;34;33,5;33,5;33,7;33,5;33,2;33,4;32,9;33,1;33,2;33,2;32,9;33,1;33;32,8;32,9;32,7;32,6;32,5;32,5;32,4;32,1;32,1;32,1;32,4;32,5;32,5;32,2;32,4;32,2;32;32,1;32,6;32,4;32;32,2;32,5;32,4;32,4;32,5;32,1;32,2;32,4;32,4;32,7;32,2;32,7;32,1;32,7;32,4;32,8;33;32,5;32,8;32,9;33;32,8;32,9;32,6;33;32,2;32,4;32,5;32;32,1;32,5;32,1;32;32,2;32,2;31,8;31,7;31,5;31,7;31,3;31,2;30,7;30,9;31,2;31;30,9;30,5;30;29,5;28,7;27,7;27,5;27,4;27,2;27,2;26;23,6;22,3;21,2;20,4;20,4;20,7;20,6;20,1;20,2;20,5;20,4;19,8;19,9;20,1;20,1;20,1;20,1;20,2;20;19,9;20;20;20,1;20,2;20;19,9;20,1;20;19,9;19,9;20,2;20,2;20,2;20,1;20,4;20,6;20,1;19,9;20,2;20,1;20,1;20,1;20,1;20,1;20;19,8;20;20;20,1;20,1;20,1;20,1;19,8;19,6;20;20;20,1;20,2;20;20;20;19,8;20,1;20,1;19,8;19,9;20,4;20,4;19,9;19,5;19,8;20,1;20,2;19,8;19,5;20;20,1;19,9;19,8;20,1;20,4;19,9;20,6;20,5;20,2;20;20,2;20,4;19,8;19,6;19,3;19,6;19,9;20,2;19,6;19,8;19,9;20,1;20,5;20,2;20,5;19,6;19,9;20;19,3;19,4;19,6;19,4;20,1;19,8;19,8;19,3;20,2;20,2;20,4;19,8;19,8;20;19,5;19,4;20,1;19,6;20,1;20,1;20,2;20,2;20,1;19,9;19,6;20;19,8;19,3;19,6;20;19,5;19,6;20,6;20,7;20;20,1;19,8;19,6;19,4;20,1;19,5;19,9;20;20;19;20,1;19,8;19,2;19,5;20,4;19,6;19,6;19,8;19,9;19,8;19,6;19,5;19;19,3;19,3;19;19,6;19,9;19,5;19,4;19,3;19,5;19,9;19,9;19,2;19,6;19,6;19,4;19,3;19,620,9;21,1;21,4;20,8;20,7;20,8;20,9;20,8;20,4;20,5;20,8;20,7;20,8;20,9;20,7;20,5;20,5;20,8;21,2;20,9;20,8;21,1;20,9;20,9;20,8;20,4;20,7;21,2;20,9;20,7;20,4;20,8;20,9;21,1;20,4;19,6;20,8;20,8;20,7;20,7;21,2;20,8;20,9;20,9;20,7;20,5;20,8;21,2;21,1;20,7;20,5;20,7;20,8;20,8;20,8;20,9;20,9;20,6;20,5;20,6;20,4;20,7;20,4;20,4;20,9;20,1;20;20,9;20;20,9;20,9;20,5;20,4;20,4;20,6;20,2;20,5;20,4;20,6;20,6;20,2;20,1;20,6;20,1;20,2;20,2;20,2;20,1;19,8;19,8;20,2;20;20,2;20,6;20,5;20,4;20,1;20,2;20,7;20,9;20,8;20,4;20,2;20,4;20,6;20,4;20,2;20,5;20,5;20,7;20,7;20,4;20,4;20,7;20,6;20,5;20,5;20,1;20,6;20,8;20,5;20,6;20,7;20,6;20,5;20,6;20,7;20,7;20,5;20,7;20,8;20,5;20,6;20,8;20,7;20,5;20,7;20,9;20,2;20;20,7;21,1;20,8;20,6;20,5;20,4;20,2;20,5;20,4;20,4;20,7;20,6;20,5;20,8;20,8;20,8;20,7;20,5;20,1;20,2;20,7;20,8;20,9;20,6;20,4;20,8;20,9;20,6;20,4;20,4;20,6;20,9;20,5;20,4;20,4;20,2;20,6;20,6;20,6;20,5;20,1;20,4;20,1;20,2;20;20;20,1;20,5;20,4;20,2;20;20,1;20,2;21,6;25,3;26,5;27,1;26,5;26,5;27,1;27,7;29,1;30,3;30,8;30,7;31,1;30,9;31;31,3;31,2;31,2;31,7;31,4;32;31,8;32,1;31,6;32,2;32,2;31,8;32,2;31,8;31,7;32;31,8;32,2;32;32,1;32,2;32,2;32,2;32,1;32;31,7;31,7;31,8;31,4;31,3;31,5;31,6;31,7;31,6;31,5;31,4;31,3;31,4;31,6;31,6;31,4;31,7;31,7;31,5;31,4;31,4;31,4;31,6;31,6;31,8;32;31,7;31,7;31,4;32,2;31,8;31,6;32,1;32,2;31,8;32,8;32,2;32,4;32,7;33,1;33;32,7;33;33,1;33,2;33,5;33,5;33,7;33,8;34;33,6;34,3;34,2;34,3;34,7;34,7;34,6;35,2;35,4;35,4;35,4;35,7;36;36;36,1;36,2;36,5;36,7;36,6;36,8;37;36,8;37,2;37,6;37,5;37,4;37,7;37,8;38;37,9;37,9;38,1;38,2;38,1;38,4;38,3;38,5;38,6;38,5;38,8;38,7;38,9;38,5;38,1;38,2;38,2;38,4;38,5;38,2;38,6;38,4;37,7;38,1;38;37,8;37,9;37,7;37,7;37,7;37,6;37,2;36,9;37,1;37,1;36,8;36,7;36,6;36,7;36,4;36,3;36,1;36,3;35,8;35,9;35,6;35,4;35,3;35,1;35;34,9;35;34,7;34,3;34,6;33,9;33,9;34;33,5;33,6;33,7;33,2;33,4;32,9;33,6;32,8;33,3;33,1;32,6;33,4;32,9;32,9;32,5;33;32,6;32,6;32,2;32,6;32,4;32,4;32,4;32,1;32;32,4;32,6;32,2;32,1;32,1;32,1;32,1;32,5;32,6;32,6;32,6;32,6;32,4;32,2;32,2;32;32,5;32,4;32,4;32,9;32,4;32,8;32,7;32,5;32,6;33;32,6;32,8;32,7;32,9;32,8;33,2;33;32,7;32,8;32,2;32,5;32,6;32,7;31,8;32,5;31,8;32,5;32;32,2;32;31,6;31,4;31,6;31,1;31,3;31,1;31;31,2;31,2;31,2;30,6;30,2;29,5;28,7;27,8;27,5;27,2;27,1;27,1;25,7;23,5;21,9;20,8;20,4;20,5;20,2;20,2;20,1;19,9;19,9;20,1;20,5;20,6;20,4;20,2;20,2;20,4;20,5;20,7;20,6;20,6;20,4;20,5;20,2;19,9;20,6;20,7;19,9;20,1;20,1;20,1;20,1;20;20,1;20,4;20,6;20,4;20,5;20,5;20;20,1;20,5;20,5;20,4;20,2;20,5;20,5;20,5;20,4;20,4;20,2;20;20;19,9;20,2;20;19,9;20,4;20,5;20,4;20,1;20,5;20,2;20,2;20,6;20,2;20,2;20,1;19,9;19,9;20,2;20,5;20,5;20;19,8;19,8;20;20;20;20,4;20,4;20,4;20,5;20,4;20,4;19,9;20,2;20,4;20,4;20;19,9;20,1;20,4;19,6;20,2;19,8;20,2;20;19,6;20,6;19,9;19,9;20,4;20;20,4;20,1;19,5;20,4;20,1;20,1;19,6;20,7;19,8;19,9;20,5;19,9;20;20;19,9;19,5;19,9;20;19,8;20,1;19,6;19,6;19,8;19,9;20,2;20,2;19,8;19,5;19,8;20;20,1;20,4;20,4;20,2;20,1;19,6;19,8;19,8;20,5;20,4;20;20;20;20;19,3;19,8;20,1;19,2;20;20;19,8;19,6;20;20,1;19,9;19,8;19,4;19,6;20,2;20,1;19,8;19,5;19,9;19,8;19,6;19,3;19,5;19,4;20,6;19,9;19,3;19,6;19,4;19,4;20,220,8;20,6;21,1;20,8;20,4;20,4;20,9;20,8;20,4;20,7;20,8;20,4;20,4;20,8;20,8;20,2;20,2;20,5;20,5;20,5;20,4;20,7;20,8;20,6;20,6;20,9;20,5;20,8;20,9;20,2;20,1;20;20,8;20,9;20,1;20,2;20,5;20,2;20,2;20,6;20,2;20,4;20,8;20,7;20,4;20,5;20,4;20,5;20,4;20,1;20,5;20,5;20,1;20,4;20,5;20,6;20,6;20,4;20,4;20,2;20,2;20,8;20,2;20,2;20,2;20,5;20;20,2;20,1;20,1;20,5;19,9;20,2;20;20,4;20,4;20,6;19,6;20,4;20,5;20,4;20,4;20,4;19,4;19,8;19,9;19,9;19,8;19,6;19,6;20,2;20,1;20,4;20,2;19,9;20;19,9;19,6;19,9;20,2;19,9;20;20;20,1;20,4;20,4;19,9;19,9;20,4;20,5;20,1;19,9;20,2;20,1;19,9;20;20,2;20,1;20,2;20,6;20,2;20,2;20,5;20,4;20,6;20,2;20;20,2;20,5;20,7;20,7;20,8;20,7;20,6;20,6;20,5;20,6;20,2;20;20,2;20,6;20,4;20,4;20,1;20,2;20,4;20,4;20;20,1;20,6;20,2;19,9;20,4;20,1;20,5;20,8;20,8;20,7;20,4;20,2;20,4;20,7;20,7;20,5;20,2;20,5;20;19,5;20,2;20,2;19,9;20,1;20,4;20,2;20;20,2;20,4;20,6;20,2;20,2;19,6;19,8;19,8;20,2;20,2;20,2;20;20,2;20,4;20;20,4;20,2;20,7;21,5;24,5;26,3;26,7;27,1;26,7;27,1;27,6;29;29,5;30,6;30,8;30,9;30,5;30,6;30,9;31,3;31,3;31,3;31,3;32;31,6;32;31,8;32;32,2;31,8;32,2;32;31,6;31,6;32;32,1;31,7;31,7;32,2;32,1;31,8;31,6;32;31,7;31,7;31,8;31,4;31,4;31,4;31,5;31,5;31,7;31,5;31,1;31,4;31,5;31,6;31,6;31,3;31,5;31,7;31,5;31,3;31,6;31,6;31,5;31,6;31,8;32,1;31,6;31,5;31,4;31,6;32;31,4;31,8;32,1;31,6;32,7;32,2;32;32,2;32,6;32,6;32,8;32,7;33;33;33,5;33,6;33,4;33,7;34;33,8;34,2;34,2;34,1;34,3;34,3;34,3;35;35,2;35,1;35;35,5;35,8;35,8;35,9;36,1;36,4;36,5;36,5;36,3;36,6;36,6;36,9;37,2;37,2;37,1;37,6;37,4;37,7;37,4;38;38,1;37,9;38,2;37,9;37,9;38,1;38,3;38,5;38,4;38,5;38,5;38,2;38,1;38;38,1;38,1;38,5;38,1;38,2;38,2;37,9;37,7;37,7;37,8;37,8;37,5;37,4;37,1;37,1;37;36,7;36,8;36,8;36,6;36,6;36,6;36,4;36,1;36;36,2;35,9;36,1;35,9;35,3;35;35;35,2;34,6;34,4;34,6;34,3;34,3;34,5;33,7;34,2;33,8;33,3;33,3;33,7;32,9;33,1;33;33,5;32,8;33;32,8;32,5;32,8;32,7;32,6;32,2;32,6;32,4;32,7;32,2;32,6;32,5;32,6;32,4;32,2;32,4;32,4;32,1;31,8;31,7;32,1;32,1;32,1;32,4;32,5;32,6;32,6;32,2;32,2;32,4;32,2;31,8;32,5;32,1;32,4;32,7;32,1;32,9;32,7;32,4;32,8;33,1;32,6;32,2;32,5;32,9;32,7;32,8;32,4;32,4;32,4;32,4;32,4;32,4;32,1;31,7;32,5;32;32,5;31,5;32,5;31,8;31,3;31,2;31,3;31,2;31,1;31,4;30,6;31;31,6;31,1;30,6;30,1;29,4;28,7;27,8;27,4;26,8;26,7;26,5;25,4;23,1;21,9;20,5;20;20,2;20,1;20;19,8;19,8;19,6;20,1;20,4;20,4;20,1;19,9;19,8;20,4;19,9;19,9;20,2;20,1;19,9;19,6;19,9;20,1;19,9;20;20;20;19,8;19,8;20;19,9;20;20,1;20,4;20;20,2;20,4;20,5;20,6;20;19,9;19,9;19,9;19,8;19,9;20,2;20,2;20;19,9;20,1;19,9;20;20,5;20,4;19,9;19,6;19,9;19,8;19,8;20,1;20;19,9;19,8;19,8;20,2;20,2;20,4;20,2;20,1;19,8;19,9;20,1;19,8;19,8;19,9;19,9;19,8;19,9;20,1;19,3;18,9;19,8;19,9;20,4;19,8;20;19,9;19,5;19,5;20;20,1;19,2;19,5;19,8;20;20,1;19,8;20,2;19,6;19,8;19;19,9;19,3;19,2;18,8;20,1;20,1;19,2;20;19,8;19,6;20,1;20;19,2;19,6;20,2;20;19,6;19,8;19,8;20;19,5;19,4;19,4;19,3;19,4;19,5;19,8;20,2;20,4;19,9;19,6;19,8;19,8;19,9;19,8;20,1;19,9;19,6;19,8;19,8;19;19,4;19,6;19,6;19,4;19,3;19,2;19,9;19,8;20;20,2;19,4;19,2;19,4;19,8;19,5;19,4;18,9;19,4;19,9;19,6;19,4;19,5;19,8;19,4;19,5;19,4;19,2;19,2;20;19,5;19,3;19,5;19,3;19,3;19,920,6;20,2;20,6;20,7;20,6;20,5;20,9;20,7;20,1;20,6;20,7;20,6;20,6;20,8;20,8;20,7;20,7;20,8;20,6;20,5;20,1;20,6;20,8;20,6;20,8;20,8;20,6;20,7;20,6;20;20,6;20,2;20,5;20,5;20;20,2;19,6;20,4;20;20,2;20,5;20,4;20,5;20,5;20,4;20,2;20,2;20,6;20,4;20,2;20,4;20,2;20,5;20,6;20,6;20,6;20,1;19,6;20,1;20,6;20,2;20,2;20,2;20,4;20,8;19,6;20;20,1;20,5;20;19,8;20,2;20,1;19,9;20,5;20,5;20,1;20,5;19,9;20,7;20,2;20,1;20;20,2;20,2;20;19,9;20;20,4;20;20,5;20,4;20,2;20,2;20;19,6;19,6;20;20,4;20,1;20,6;20,4;20;20;20;20,1;20,1;20;20;20,1;20;20,2;20,4;20,5;20,5;21,1;20,8;20,2;20,6;20,4;20,1;20,6;20,6;20,5;20,6;20,7;20,7;20,7;20,6;20,5;20,6;20,4;20,2;20,2;20,1;20,1;20,4;20,4;20,2;20,4;20,5;20,5;20,5;20,7;20,4;20,1;20,1;20,4;20,5;20,7;20,5;20,6;20,4;20,1;20,4;20,7;20,8;20,6;20,4;20,5;20,8;20,9;20,5;20,4;20,5;20,4;20,1;20,4;20,6;20,8;20,5;20,6;20,5;20,4;20;20,5;20,4;20,5;20,2;20,1;20;19,9;20;20,5;20,2;20,1;20,1;20,1;20,1;20,1;20,1;20,2;20,4;21,4;24;26,5;27,2;26,8;27,5;27,2;27,5;29,2;29,9;30,6;30,9;31,1;30,8;30,7;31,1;31,3;31,2;31,6;31,4;31,7;31,8;32;31,5;32;32,5;32;32,5;31,7;31,6;32,1;32,1;32,1;32,1;31,8;32,1;32;31,7;31,7;32;31,8;31,7;31,7;31,5;31,6;31,5;31,7;31,5;31,6;31,6;31,3;31,4;31,3;31,2;31,5;31,5;31,4;31,5;31,5;31,4;31,7;31,5;31,6;31,8;31,8;31,8;31,5;31,5;31,7;31,7;32;31,7;32;31,8;31,8;32,7;32,1;32,2;32,6;32,4;32,5;32,9;32,4;32,8;33,2;33,5;33,4;33,3;33,5;33,8;33,8;34,3;34;34,2;34,5;34,4;34,4;34,7;35,1;35,2;35,2;35,6;35,8;35,9;35,8;36,1;36,3;36,3;36,6;36,5;36,6;36,6;37;37,1;37,4;37,1;37,4;37,4;37,7;37,6;37,7;37,8;37,6;38;37,8;38;38;38;38,4;38,3;38,4;38,3;38,3;38,4;38,3;38,2;38,2;38,4;38,3;37,9;38;38;37,7;38;37,6;37,6;37,5;37,4;37,1;37;37,1;36,9;36,8;36,9;36,6;36,4;36,3;36,4;36,3;36;36,1;35,7;35,9;35,8;35,3;35;34,7;35,2;34,3;34,5;34,6;34,2;34;34,4;33,7;34,3;33,7;33,6;33,4;33,5;33,2;33,2;33,2;33,5;33;33;32,8;32,4;32,8;32,9;32,8;32,5;32,6;32,6;32,7;32;32,4;32,6;32,2;32,2;32,1;32,5;32,5;32,1;32,1;32,1;32,4;32,5;32,2;32,4;32,5;32,2;32,2;32,5;32,2;32,4;32,4;32,1;32,6;32,7;32,7;32,7;32,5;32,9;32,8;32,7;32,7;32,9;32,9;32,6;32,7;33,1;32,6;32,8;32,7;32,5;32,7;32,4;32,6;32,4;31,8;32,2;32,1;32,1;32,8;31,5;32;32,1;31,5;31,5;31,5;31,5;31,6;31,2;30,9;31,1;31,1;31;30,5;30,6;29,5;28,6;28,1;27,4;26,7;26,8;26,5;25,5;22,8;21,4;20,5;20,2;20,2;20;19,8;20;19,5;19,6;19,6;19,9;20;20,5;20,5;20,4;20,6;20;20,4;20,1;19,6;20,2;20,6;20,4;20;20,1;20,4;20,1;20;19,9;20;20;20,1;20,5;20,5;20,1;20;20,1;20,2;19,9;19,9;20;19,9;20,4;20,1;19,9;20;20;20,1;20;19,9;20;20,1;20;20;20;19,9;19,9;19,6;20,1;20;19,9;20,2;20,2;19,8;19,6;20;19,9;19,5;19,9;20,1;19,6;19,6;20;20,2;20,5;20,2;19,6;19,8;20;19,8;19,4;20;20;20,1;20,2;20,1;19,6;19,9;19,9;19,5;19,3;19,8;20,1;19,9;20,4;19,8;20;19,9;19,9;20,2;20,1;19,8;19,3;19,9;19,8;19,6;19,3;19,3;19,9;19,3;19,3;20,1;20,2;20,1;19,8;19,4;19,9;19,4;19,5;20,1;20;20,5;20;19,2;19,5;19,9;19,6;19,9;20,1;20,1;20,1;20,1;20,1;19,6;19,4;19,8;19,8;19,8;19,6;19,8;20;19,8;19,4;19,8;19,9;19,8;19,8;19,5;19,2;19,8;19,5;20;19,9;19,3;19,3;19,3;19,4;19,3;19,9;19;19;19,8;20,1;19,9;19,8;20;20;20;19,6;19,4;19,3;19,5;19,2;20;19,3;19;19,4;19,520,6;20,5;20,6;20,6;20,7;21,1;20,7;20,9;20,4;20,6;20,6;20,8;20,8;20,7;20,7;20,6;20,5;20,8;20,9;20,8;20,2;20,5;20,6;20,2;20,4;20,4;20,7;20,7;20,7;20,4;20,2;20,2;20,1;20,2;20,7;20,6;19,9;20,8;20,6;20,5;20,4;20,4;20,6;20,7;20,5;20;20,2;20,6;20,5;20,5;20,5;20,6;20,7;20,5;20,4;20,5;20,6;20,6;20,9;21,1;20,1;20,2;20,5;20,5;20,8;20,2;20,1;20,5;20,6;20,5;20,4;20,2;20,7;20;20,5;20,1;20,2;19,6;20,2;19,9;20,2;20,6;20,2;19,9;19,9;20,1;19,9;20,2;20,2;19,8;19,6;20;20,6;20,6;20;19,8;20;19,9;20,1;20,6;20,6;20,4;20,1;20,5;20,5;20,2;20,5;20,2;19,9;20;20,1;20,4;20,4;20,2;20,2;20,2;20,6;20,6;20,6;20,7;20,8;20,8;20,7;20,6;20,6;20,6;20,8;20,9;20,7;20,6;20,8;20,5;20,6;20,6;20,5;20,7;20,6;20,4;20,5;20,4;20,2;20,4;20,4;20,5;20,5;20,2;20,2;20,1;20,2;20,9;20,8;20,6;20,1;20,1;20,7;20,7;20,8;20,7;20,4;20,5;20,8;20,7;20,4;20,5;20,7;20,9;20,5;20,5;20,6;20,5;20,5;20,7;20,8;20,6;20,2;20,4;20,4;20,5;20,1;19,9;20;20;19,9;20,2;20,2;20;20,2;20,6;20,4;20,1;19,9;20;20,2;20,9;24,4;26,4;26,7;26,6;27,1;27,1;27,5;29;29,9;30,3;30,9;31;30,9;30,7;31,4;31,1;31,1;31,3;31,4;32;32,1;31,7;31,7;32,2;32,5;31,8;32,2;31,7;31,8;32,2;32;32,1;32,2;32;31,7;32,1;32;31,7;31,7;32;31,6;31,6;31,6;31,8;31,8;31,7;31,4;31,4;31,6;31,4;31,5;31,3;31,2;31,4;31,5;31,4;31,3;31,4;31,4;31,4;31,2;31,5;31,7;31,6;31,7;31,7;31,5;32,1;32;32;31,7;32;32;31,7;32,5;32,2;32,5;32,7;32,5;32,5;32,9;32,4;32,8;33;33,5;33,2;33,6;33,4;33,7;33,9;34,2;33,7;34,1;34,3;34,3;34,5;34,7;35,2;35,1;35,1;35,2;35,6;35,8;35,8;35,8;35,9;36,3;36,5;36,4;36,7;36,6;36,9;37;37,4;37,1;37,2;37,5;37,5;37,2;37,4;37,6;37,8;37,6;37,6;37,7;37,8;37,9;38,2;38,4;38,3;37,9;38,1;38,2;38,2;38,2;37,9;37,7;37,8;37,8;37,8;37,7;37,6;37,6;37,7;37,5;37,2;37,1;37;36,9;36,9;36,9;36,8;36,7;36,5;36,4;36,3;36,1;36,1;35,9;36;35,5;35,7;35,4;35,4;35,2;34,5;34,9;34,4;34,6;34,7;34,4;33,7;33,8;33,7;33,9;33,6;33,5;33,4;33,6;33,3;33,1;33,2;33,3;33,1;33;32,7;32,2;32,7;32,8;32,6;32,5;32,5;32,6;32,6;32,4;32,5;32,6;32,1;32,4;32;32;32,1;32,1;32,1;32,2;32,1;32,2;32,2;32,2;32,4;32,2;32,4;32,6;32,1;32,2;32,2;32,2;32,7;32,4;32,4;32,5;32,1;32,6;32,9;32,5;32,1;32,7;33;32,6;32,7;33;32,7;32,7;32,9;32,7;32,7;32,2;32,4;32,2;32,2;32,1;32,2;32,1;32,5;31,7;31,7;32,1;31,4;31,7;31,6;31,2;31,4;31,3;30,9;31,3;30,5;31,1;30,6;30,5;29,2;28,6;28,2;27,5;26,8;27,2;26,5;25,2;23,3;21,6;20,7;20,2;20,5;20,2;20,1;20,1;20,2;20,2;20,1;20,2;20,1;19,8;19,9;20;20,6;20,4;20,2;20;20;20,2;20,5;20,2;19,8;19,8;19,8;20;19,9;20;20;19,9;20,2;20,1;20,5;20,4;19,8;20,4;20,5;20,2;20,5;20,4;20,4;20,7;20,4;19,8;20;20,1;19,8;19,6;19,8;20,1;20,1;20;20,2;20,5;19,9;19,9;20,2;20,2;20,1;20,2;20,6;20,6;20,4;20,1;19,9;19,9;19,8;19,9;20;20;20,2;20,1;19,5;19,9;20,2;20;19,9;19,8;20,4;20,5;20,4;19,9;19,9;20;19,8;20;20,4;19,9;20,2;20,1;19,8;19,8;19,6;20,1;20,2;20,5;20,5;20,4;19,8;20,6;20;19,8;20,6;20,2;19,8;19,8;19,5;19,9;20,2;19,3;20,4;20,2;20,2;19,6;19,8;20,1;20,1;19,9;20,1;20;20,1;20,1;20,5;19,9;19,3;19,6;19,6;19,9;20,1;20;19,8;19,8;20,2;20,5;20,5;20;19,5;19,6;19,4;19,9;20,4;19,4;19,9;20,4;20;19,5;19,9;19,8;19,8;20;20;19,6;19,5;20,2;19,6;19,6;19,4;19,5;19,6;19,9;19,6;19,8;19,6;19,8;20,1;20;19,9;19,6;19,8;19,3;19,8;19,3;20,1;19,3;19,3;19,6;19,820,7;20,9;21,1;20,8;20,7;20,8;20,4;21,2;20,5;20,6;20,6;20,6;20,6;20,5;20,5;20,5;20,5;20,6;20,7;20,6;20,2;20,2;20,4;20,4;20,4;20,6;20,7;20,6;20,5;20,1;20,6;20,1;20;20;20,5;20,6;20,1;20,5;20,1;20,2;20,2;20,1;20;20,2;20,5;20,2;20,1;20,5;20,4;20,4;20,5;20,4;20,4;20,5;20,6;20,5;20,2;20,5;20;20;19,9;20,6;20;19,8;20,2;20,1;19,8;20,1;20,7;20;20,2;20,2;19,9;19,2;20,2;20,4;19,9;19,9;20;19,9;20,2;20,1;20,1;19,8;19,9;20,1;20;20;20;19,6;20,1;20,1;20;20,6;20;20,1;20;19,9;19,9;19,8;19,9;20;20,2;20,2;20,4;20,2;20;20;20,4;20,4;19,6;19,6;19,9;20,1;20,2;20,5;20,5;20,2;20,2;20,2;20,1;20,5;20,2;20,4;20,2;20,5;20,6;20,4;20,4;20,2;20;20,2;20,7;20,7;20,2;19,9;20,1;20,2;20,2;20,1;20,4;20,6;20,2;20,2;20,1;20,5;20,2;20,4;20,7;20,6;20,2;20,5;20,5;20,4;20,5;20,6;20,6;20,5;20,5;20,2;20,6;20,9;20,7;20,7;20,9;20,9;20,2;20,1;20,6;20,6;20,7;20,7;20,8;20,8;20,5;20,1;20;20,6;20,2;19,9;20,1;20,1;20,1;20,2;20,2;20,2;20,1;19,9;20,4;20,2;20,2;20;20,4;20,9;24,5;26,3;26,7;26,7;26,5;26,5;27,4;28,8;30,1;30,3;30,7;30,5;30,9;30,8;31,4;31;31,4;31;31,6;32,1;32;31,7;31,8;31,7;32,2;32,2;31,7;31,6;31,7;32;31,7;32;32;31,8;31,5;32,2;32;31,6;31,7;31,6;31,5;31,5;31,5;31,6;31,7;31,6;31,4;31,4;31,3;31,4;31,6;31,3;31,3;31,4;31,4;31,5;31,4;31,2;31,4;31,4;31,2;31,4;31,7;31,6;31,4;31,6;31,4;31,8;32;31,7;32;31,7;31,8;31,6;32,2;32,2;32,6;32,5;32,4;32,6;32,6;32,6;32,8;32,7;33,1;33,1;33,6;33,4;33,5;33,6;34;33,6;34,1;33,9;34;34,5;34,6;35,1;35,2;34,9;35;35,4;35,6;35,6;35,7;35,8;36,1;36,3;36,4;36,6;36,4;36,8;36,7;37,1;36,9;37;37;37,4;36,8;37,1;37,7;37,7;37,5;37,6;37,5;37,6;37,9;37,8;37,9;38;37,6;37,7;37,8;37,9;38;37,4;37,4;37,4;37,7;37,5;37,5;37,5;37,4;37,2;37,1;37,1;36,9;36,9;37;36,8;36,5;36,5;36,3;36,2;36,5;36,3;35,9;35,7;35,8;35,7;35,3;35,7;35,3;35,2;35,3;34,5;34,5;34,4;34,4;34,4;34,1;33,8;33,5;33,3;33,4;33,3;33,5;33,1;33,6;33,1;32,9;33;33,3;32,8;32,8;32,7;32,5;32,5;32,4;32,6;32,1;32,4;32,4;32,1;32,1;32;32;31,8;32;31,8;31,7;32;32;32,2;32,4;32,2;32,1;32,1;32,4;32,2;32,1;32;32,1;31,8;32,2;32,4;32;32,5;32,2;32,4;32,2;32,5;32,4;32,4;32,4;32,1;32,7;32,6;32,5;32,5;32,7;32,4;32,8;32,7;32,4;32,8;32;32,4;32,4;32,2;31,7;32,1;32,1;32,2;31,8;31,6;32;31,1;31,4;31,5;31;31,4;31,3;30,9;31,2;30,6;30,9;30,8;30,1;29,1;28,4;28,1;27,6;27,2;27,2;26,3;25,2;23,5;21,5;20,7;20,1;20,4;19,9;19,9;19,8;20,1;20,1;20,2;20,2;20,1;20;20,1;20,2;20,4;20,2;20;19,9;19,6;19,9;20;20;20;19,6;19,9;19,9;19,8;19,9;20,1;20,1;19,8;20;19,9;19,8;19,5;19,8;20,1;20,1;19,9;19,8;20,2;20,2;20;19,9;19,6;19,8;20,2;20,4;19,9;19,9;19,9;19,9;20,2;19,8;19,8;19,9;19,8;19,9;20;19,9;20;20,2;19,9;19,6;19,9;19,6;19,8;19,9;20;20,1;19,6;19,8;19,9;19,9;19,5;19,8;20,1;20,4;20,2;20,1;20,4;20,1;20,2;20,1;20,2;20;20,1;20,2;20,1;19,8;19,8;19,6;20;19,4;20,4;19,9;20,2;19,5;20,2;19,3;19,9;19,8;20;19,4;19,4;20;20,4;19,4;20,1;19,8;20;19,5;20,1;19,4;20,2;19,8;20;20;19,9;20,2;19,9;19,9;20,2;20;20;20,2;20;20;19,9;19,6;19,6;20;20;20;20;19,5;19,6;19,6;19,4;19,6;19,4;19,5;19,6;19,9;20;19,8;20;19,9;19,8;19,2;19,3;20,2;19,6;20,1;19,4;20,1;19,9;19,5;19,6;19,5;19,4;19,8;19,9;19,5;19,5;19,4;19,6;19,6;19,8;19,6;19,9;19;19,8;19,5;19,3;19,3;19,620,7;21,1;20,6;20,8;20,5;20,7;20,5;20,7;20,2;20,6;20,5;20,5;20,6;20,6;20,6;20,5;20,5;20,5;20,8;21,1;20,4;20,5;20,5;20,4;20,2;20,6;20,1;20,7;20,7;20,4;20,4;20,4;20,4;20,4;20,1;20,4;20;19,9;20,1;20,4;20,4;20,4;20,4;20,1;19,9;20;19,9;19,9;20,2;20,4;20,1;20,1;20,2;20;19,9;19,9;19,8;19,8;19,8;19,9;19,8;19,8;20,1;20;20,4;20,2;19,8;19,9;19,8;19;20,2;19,5;19,6;19,4;20,2;20,1;19,9;19,5;19,9;19,4;20,6;19,8;20,2;20,4;20;19,5;19,5;20,1;19,9;20,1;20,1;19,9;20;20;19,9;20;19,8;19,5;19,9;20;20,2;20,1;20,1;20,1;20,5;20,4;20,2;20,1;20,2;20,1;19,9;20;20;19,6;19,9;20;20,1;20,1;20,1;19,9;20;20,4;20,6;20,6;20,2;20,4;20,4;20,4;20,6;20,6;20,2;20,4;20,7;20,5;20,5;20,4;20,2;20,1;20;20;19,9;20,1;20,4;20,4;20;20,2;20,5;20,4;20,4;20,5;20,6;20,5;20,2;20,4;20,2;20,2;20,4;20,4;20,2;20,4;20,7;20,5;20,4;20,1;20,4;20,6;20,6;20,6;20,4;20,2;20,5;20,7;20,7;20,2;20,2;20,4;20;20,1;20;20;19,9;20,2;20;19,8;20;20,1;19,9;19,5;19,8;20,5;20,6;19,9;20;20,9;24,4;26,5;26,7;26,6;26,8;26,8;27,5;28,9;29,7;30,4;30,7;30,7;30,9;30,9;31,1;31,1;31,3;31,2;31,5;32,1;31,4;31,6;31,6;31,4;32,1;32,2;31,5;31,4;31,7;31,7;31,8;32;31,5;32,1;31,5;31,7;32;31,5;31,5;31,7;31,8;31,7;31,4;31,4;31,8;31,7;31,4;31,4;31,4;31,3;31,3;31,1;31,2;31,4;31,4;31,4;31,6;31,4;31,3;31,3;31;31,4;31,4;31,7;31,4;31,4;31,2;32;31,8;31,5;32,1;31,8;31,7;31,8;32,4;32,2;32,1;32,5;32,5;32,2;32,4;32,7;32,7;32,8;32,9;33,1;33,5;33,1;33,4;33,2;33,7;33,6;34,1;33,9;34,1;34,2;34,2;34,6;35;34,9;35,2;35,5;35,4;35,5;35,8;35,9;36;36,1;36,2;36,3;36,4;36,5;36,6;36,9;36,7;36,6;36,9;37,2;37,2;37;37,2;37,4;37,6;37,7;37,6;37,5;37,7;37,4;37,4;37,9;37,6;37,5;37,6;37,5;37,8;37,4;37,5;37,2;37,7;37,5;37,1;37,4;37;37,1;37,1;37;36,6;36,6;36,8;36,7;36,4;36,4;36,3;36,1;36,1;36,1;36;35,7;35,7;35,5;35,6;35,2;35,4;34,9;34,9;34,6;34,4;34,5;34,2;34,1;34,3;33,8;33,7;33,4;33,4;33,4;33,2;33,1;33,4;32,9;32,9;32,9;33,1;32,8;32,6;32,5;33;32,7;32,1;32,4;32,2;32,2;32,4;31,8;31,8;31,7;31,7;31,8;31,8;31,6;31,7;32;32;32,2;32,2;32,2;32,1;32,1;32,4;31,8;31,8;32,4;32,4;32,2;32,2;32,2;32,1;32,2;32,4;32,6;32,5;32,6;32,5;32,4;32,5;32,5;32,8;32,6;32,4;32,7;32,7;32,6;33;32,5;32,4;32,8;32,4;32,5;32,4;32,5;32;32;31,7;32,4;31,6;31,4;31,6;31,2;31,8;31,4;30,9;31,2;31,2;30,7;30,7;31;31;30,7;30,1;29;28,1;28;27,3;27,2;27,1;26,2;25,1;23,4;21,8;20,6;19,9;20;19,6;20,1;20;20;19,9;19,9;20,1;20,1;20;20,1;19,9;20;20;19,9;20,2;20,1;20,1;20;19,8;20;19,9;20;19,8;19,6;20;20;19,9;20;19,9;20;19,9;19,8;20,4;20,2;19,6;19,8;19,9;20,4;20,7;20,1;19,2;19,5;20,1;20;20,1;20,1;19,9;20,1;20,4;20,2;20,1;19,8;19,9;20,1;20,6;20,5;19,8;19,6;19,8;19,6;20;20,1;19,9;20;20,1;20,1;20;19,9;20;19,9;20;20;19,9;20,5;20;19,5;19,5;19,8;20,1;20,2;19,9;20,2;20;20,2;20,2;20,5;20,1;19,9;19,5;20;19,5;20;19,9;19,3;20,1;19,6;20;19,9;19,9;19,9;19,4;19,8;19,5;19,8;20,1;20,1;19,6;20,4;19,4;19,8;19,2;19,8;19,8;19,6;19,4;19,9;20,2;20,1;20,1;20,1;20,1;20,1;20;20,1;20;19,5;19,5;20;20,1;19,6;19,5;19,8;19,9;19,6;19,6;19,4;19,8;19,8;19,5;19,6;19,5;19,5;20,2;19,6;19,8;19,8;19,4;19,8;20;19,9;19,9;19,3;20,1;19,9;20,1;19,9;19,5;19,3;19,2;19,6;19,8;19,8;19,4;19,5;19,6;19,2;19,6;19,8;19,3;19,4;19,5;19,3;19,5;18,920,8;20,6;20,7;20,5;20,6;20,6;20,6;20,6;20,7;20,5;20,5;20,7;20,7;20,6;20,7;20,6;20,5;20,4;20,4;20,6;20;20,4;20,5;20,1;20,5;20,2;19,9;20,5;20,7;20,4;20,1;20;20,1;19,9;20,5;20;19,9;20,5;20,1;20,4;20,1;20,1;20;19,9;19,8;19,8;19,6;19,6;19,9;20;20;20,1;20,1;20,1;20;20;20;19,9;19,4;19,9;19,8;20,1;20,5;20,2;19,9;20;19,5;20,5;20,5;19,8;19,3;19,8;19,5;19,8;19,8;20,1;20;19,9;19,8;20;20,7;19,8;20,4;19,3;19,4;20,5;19,5;19,5;19,5;19,8;19,8;19,8;19,8;19,9;19,8;20;19,5;19,8;19,4;19,8;19,9;19,8;20;20;19,9;20,4;20,2;19,8;19,9;19,9;19,9;20;20,4;20,1;20,1;20,1;20,2;20,4;20,5;20,4;20,4;20,4;20;19,5;19,8;20,1;20,5;20,8;20,8;20,7;20,6;20,6;20,6;20,6;20,4;20,4;20,2;20,1;20,1;20;20,5;20,8;20,2;20;20,1;20,1;20;20,1;20,2;20,5;20,5;20,7;20,4;20,2;20;20,1;20,4;20,2;20,2;20,5;20,5;20,2;20,5;20,6;20,4;20,4;20,4;20,6;20,5;20,2;20,6;20,8;20,7;20;19,9;20,1;20,4;20,4;20;19,9;20,2;20,1;19,8;19,8;20,2;20,1;19,9;20,1;19,8;20,2;20;20;20,1;21,2;24,5;26,5;26,5;26,4;26,7;27,3;27,6;28,9;29,5;30,1;30,6;31;30,7;31;31,2;31,5;31,1;31,3;31,4;32;31,5;31,4;32;31,6;32;31,8;31,5;31,3;31,5;31,6;31,8;31,7;31,6;32,1;31,4;31,7;31,7;31,5;31,8;32,2;31,5;31,3;31,4;31,3;31,5;31,4;31,4;31,3;31,2;31,3;31,3;31,1;31;31,2;31,3;31,4;31,5;31,6;31,4;31,2;31,4;31,5;31,5;31,6;31,5;31,4;31;31,7;31,7;31,4;32;31,6;31,8;31,7;32,1;32;32;32,2;32,2;32,1;32,1;32,5;32,8;32,7;33;33,2;33,2;33,1;33,4;33,4;33,6;33,7;33,8;34;34,1;34;34,1;34,3;34,6;35;35,2;35,4;35,3;35,5;35,7;35,5;35,7;36;36,1;36;36,4;36,5;36,6;36,5;36,8;36,4;37;36,9;37,4;37;37;37,4;37,4;37,5;37,4;37;37,5;37,5;37,4;37,9;37,2;37,7;37,8;37,1;37,6;37,4;37,4;37,4;37,2;37;37,1;37,1;36,9;37,4;37,1;36,9;36,5;36,4;36,6;36,5;36,4;36,4;36,3;36;35,9;35,9;35,8;35,8;35,6;35,2;35,8;34,7;35,2;34,9;34,4;34,5;34,3;34,9;33,9;33,9;34,2;33,8;33,8;33,5;33,5;33,5;33;32,9;33,1;33,1;32,8;33;33,1;32,6;32,8;32,4;33;32,7;32,5;32,2;32,4;32,2;32,4;32,1;32,2;32,1;31,8;31,8;32,1;31,7;31,7;31,8;32;31,8;32;32;31,8;32;32;31,8;31,8;32,2;32,2;32,2;32,1;32,1;32,4;32,4;32,4;32,8;32,6;32,5;32,6;32,7;32,5;32,5;32,7;32,9;32,2;32,9;32,7;32,9;32,6;32,4;32,4;32,6;32,6;32,6;32,1;32,1;32;32,1;32,1;32;31,6;31,5;31,7;31,4;31,5;31,5;31,2;31,1;31;30,4;30,7;31;30,9;30,3;30,1;29,1;28,2;27,6;27,3;27,3;27,3;26,5;25,2;22,8;21,4;20,4;19,8;20,1;20,1;20,2;19,9;19,6;19,6;20;20;20;20;20;20;20;20,1;20,1;19,9;19,9;20,1;20,2;19,8;20;20,4;20;20;19,9;19,6;19,9;19,9;19,5;19,8;19,9;19,9;19,8;19,6;20;19,9;19,5;19,9;20,1;20;19,9;20;19,8;19,4;19,9;20,4;20,2;20,2;20,2;19,8;20,1;20,4;20,2;20,2;20,4;20;19,9;20,1;20,1;19,8;19,8;20;20;20;19,9;20;20,1;20;19,8;19,8;19,6;19,6;20;20,1;19,9;20;19,9;19,6;20;19,8;19,8;19,8;19,9;20,1;20;19,4;19;19,9;19,8;20,1;19,6;19,5;20;19,4;20,2;20,1;20,2;19,9;19,6;19,5;19,8;19,9;20,1;19,2;19,6;19,8;20,4;19,9;19,6;19,8;19,6;20,1;19,5;19,4;19,6;19,4;20,1;19,9;20;19,9;19,5;19,6;19,8;19,6;19,6;20,1;20;19,8;19,9;19,8;19,6;19,5;19,6;20,1;20;19,8;19,8;19,8;19,9;20;19,6;19,2;19,5;19,6;19,5;19,5;20;19,8;19,8;19,3;19,3;19,6;19,5;19,6;19,4;19,8;19,9;19,6;19,2;19;19,3;19,3;19,4;19,8;19,5;19,8;19,4;19,5;19,3;19,4;19,5;19,2;19,5;19,4;18,820,7;20,6;21,1;20,4;20,6;20,7;20,5;20,7;20,5;20,7;20,7;20,7;20,7;20,6;20,9;21,1;20,7;20,5;20,5;20,5;20;20,2;20,6;20,4;20,2;20,4;20,1;20,7;20,8;20,2;20;20,2;20,2;20,1;19,8;20;20,2;20,6;19,5;20;19,9;19,6;19,9;20,2;20;20;20,1;20,1;20,1;20,1;20;19,9;20,2;20,1;19,8;20,1;19,6;19,5;20,2;19,9;19,8;20,2;20;20;20,2;19,8;19,4;19,8;20,1;20,1;19,2;19,4;20,1;19,4;19,8;19,9;19,9;19,5;19,5;19,3;19,9;19,8;20,1;19,6;20,1;19,5;20;19,9;19,6;20;19,9;19,4;19,6;19,6;19,5;19,9;19,9;19,8;19,5;19,8;19,8;19,5;19,4;19,5;19,9;20;19,9;19,6;20;20,4;20,2;19,9;19,9;19,8;19,9;20;20,2;20;20,2;20,6;20,5;20,6;20,4;20;20,2;20,2;20,1;20,4;20,2;20,2;20,2;20,1;20,1;20,1;20,2;20,5;20,5;20,4;20,2;20,1;20,1;20,2;20,6;20,8;20,2;20,1;20,5;20,6;20,5;20,2;20,5;20,5;20,2;20,1;20;20,2;20,5;20,4;20,4;20,6;20,6;20,4;20,5;20,4;20,5;20,6;20,4;20,5;20,4;20;20;20,4;20,5;20,4;20,1;19,9;20,1;20,1;20,1;20;20,4;20,1;19,8;20,1;20,4;20,4;20,1;19,9;20;19,9;19,8;19,9;20,6;21,4;24,3;26,4;26,5;26,5;26,7;27,3;27,7;29;29,4;30,2;30,5;30,8;30,4;31,1;31,1;31,3;31,1;31,4;31,7;32;31,8;31,6;31,7;31,7;31,7;31,7;31,6;31,2;31,6;31,7;31,6;31,7;31,7;32,1;31,4;31,8;31,5;31,7;31,8;31,7;31,5;31,4;31,6;31,5;31,4;31,3;31,2;31,2;31,1;31,2;31,2;31,2;31,1;30,9;31,1;31,3;31,4;31,5;31,6;31,3;31,5;31,4;31,6;31,6;31,6;31,3;31;31,6;31,6;31,5;31,6;31,7;32;31,6;31,6;32;32,1;32,1;31,8;32,5;32,4;32,2;32,7;32,6;33,1;32,8;33;33,2;33,2;33,4;33,6;33,5;33,7;33,8;33,8;33,9;34,3;34,5;34,7;35;35,1;35;35,1;35,4;35,4;35,3;35,6;35,8;35,9;36,2;36,3;36,3;36,3;36,2;36,4;36,7;36,8;36,7;37,1;36,6;37;37;36,8;36,9;36,9;36,9;37,1;37,2;37,2;37,4;37,1;37,5;37,6;36,9;37;37,2;37;37,1;37,5;36,4;37;37;37;36,8;36,8;36,6;36,4;36,3;36,3;36,3;36,2;36;35,9;35,7;35,9;35,7;35,6;35,7;35,3;34,9;35,6;34,9;34,7;34,5;34,5;34,1;34,2;34,1;33,9;33,8;33,8;33,6;33,5;33,2;33,3;33;33,1;32,8;32,9;32,9;33;33;32,9;32,4;33;32,4;32,9;32,8;32,5;32,2;32,1;32,2;32,2;32,2;32,1;32,1;32,1;31,8;31,8;31,7;31,8;31,7;31,7;31,5;31,6;32;31,8;31,8;31,8;31,7;31,7;32,1;32,1;32,1;32,2;32,2;32,4;32,4;32,6;32,7;32,1;32,2;32,5;32,7;32,6;32,2;32,6;32,6;32,1;32,7;32,5;32,8;32,7;32,7;32,4;32,7;32,8;32,4;31,8;31,8;31,7;32,4;32;32,2;31,7;31,5;31,6;31,5;31,6;31,3;31,5;30,8;31,2;30,9;30,8;30,8;30,7;30,1;30;29,3;28,1;27,5;27,2;27,1;26,8;26,5;25,4;23;21,4;20,4;19,9;19,9;20,1;20,1;19,6;19,6;19,8;19,9;20,1;20,5;19,8;19,4;19,9;20,4;20,5;19,9;19,8;20;20;20,1;19,9;20;20,1;20;19,8;19,9;19,9;20,1;20,2;20;19,9;20,1;20;19,9;20,1;20;20,1;20,5;20,4;20,1;19,9;20;20,2;19,6;19,8;20,2;20;19,6;20;20,5;20,1;19,9;19,9;19,8;19,5;19,8;20,2;20,4;20,1;19,9;19,8;19,9;19,6;20,1;20,2;19,8;19,6;19,9;19,9;20,2;20;19,6;20,1;20,2;20;20;20,5;20,5;19,8;19,9;20;20,5;20,1;20,1;20,2;20,2;19,8;19,9;20;19,9;19,9;20;19,5;20,4;20;19,8;19,9;20;19,6;19,9;19,4;19,9;19,8;19,5;19,9;20;19,5;19,8;19,4;19,8;19,6;19,4;19,4;19,4;19,9;19,9;19,8;19,6;19,6;19,9;20,1;19,9;19,9;19,9;19,8;19,8;19,6;19,3;19,4;19,9;19,9;19,5;19,4;20,2;20,1;19,4;19,8;20,1;20,2;19,9;19,8;20;19,6;20;19,9;19,5;19,6;20;19,8;19,8;19,8;19,4;19,8;19,5;19,6;19,5;20,1;20,1;19,8;19,4;19,3;19,3;19,6;19,8;19,4;19,3;19,4;19,5;19,2;19,8;19,3;19,6;19;19,4;18,9;19,520,6;20,6;20,8;20,5;20,6;20,7;20,4;20,7;19,9;20,5;20,7;20,5;20,5;20,4;20,6;20,6;20,6;20,4;20,4;20,5;20,1;20,2;20,4;20,5;20,1;20,1;20,4;20,4;19,9;19,9;20;20,1;19,9;19,9;19,9;19,6;19,8;19,9;20,2;19,8;20,1;19,5;19,8;19,5;19,5;19,9;20,2;19,9;19,8;19,6;20;20,1;19,8;19,9;19,8;19,5;19,6;19,8;19,5;20;19,8;19,8;19,8;19,6;19,9;19,6;19,8;19,4;19,3;19,3;19,8;19,3;18,8;19,3;19,9;19,6;19,9;19,6;19,6;19,6;19,6;19,4;20;19,8;19,8;19,4;19,9;19,5;19,4;19,6;19,9;19,8;19,6;19,5;19,5;19,6;19,4;19,3;19;19,6;19,9;19,9;19,5;19,3;19,6;20;20,2;19,5;19,3;20;20,1;19,9;19,9;19,8;19,6;19,6;19,9;19,6;20,1;20,1;19,8;19,9;19,9;20;20;20,2;20,2;20,2;20,1;20,4;20,4;20,4;20,1;19,9;19,9;19,9;20,1;19,8;19,8;20,2;20,2;19,8;19,9;20,4;20,1;19,8;20,1;20,4;20,1;20;20,2;20,2;20;19,9;20;20,5;20,5;20,4;20,2;19,6;19,9;20;20;20,2;20,4;20,1;20,1;20,5;20,2;20,1;20,1;20,2;20,2;20,2;20,1;19,8;20,1;20,2;20,1;20;20,1;20,1;19,8;20,2;20;19,9;20;19,8;20,1;20,1;20;19,5;20,4;21,1;24,4;26,3;26,5;26,4;26,7;26,5;27,5;29;29,5;30,4;30,6;30,7;30,4;30,9;31,1;31,1;31,1;31,3;31,5;32,1;31,6;32;31,7;31,7;31,5;32,1;31,6;31,7;31,7;31,8;31,7;31,8;31,6;32;31,6;31,7;31,5;31,8;31,6;31,5;31,6;31,6;31,7;31,6;31,3;31,2;31,1;31,2;31,3;31,3;31,3;31,1;31,1;31,1;31,1;31,2;31,3;31,3;31,3;31,2;31,2;31,1;31,5;31,6;31,7;31,4;31;31,5;31,3;31,5;31,4;31,7;32;31,4;31,5;32,1;31,8;31,7;31,8;32,6;32,6;32,5;32,1;32,8;32,9;32,6;32,6;32,8;33,2;33,3;33,7;33,4;33,9;33,7;33,6;33,5;34,2;34,5;34,6;34,7;35;35;34,7;35,1;35,1;35,3;35,5;35,4;35,6;36;35,9;35,8;35,9;36,1;36,2;36,9;36,9;36,4;36,7;36,7;36,9;37;36,8;36,9;36,9;37,1;36,9;36,9;37,4;36,9;37,4;36,9;37,4;36,8;37;36,9;36,9;36,9;37,1;36,4;36,7;36,5;37;36,6;36,7;36,5;36,4;36,2;36;36,3;36,3;36;35,7;35,6;35,7;35,6;35,6;35,6;35,1;34,6;35,2;35;34,6;34,6;34,7;34,1;34,2;33,8;33,8;33,9;34,1;33,3;33,4;32,8;33,3;32,8;33;32,9;32,9;32,7;33;32,8;32,9;32,5;32,8;32,4;32,6;32,2;32,2;32,1;31,7;32,2;31,8;32,1;31,8;32,1;32;31,7;31,8;31,7;32;31,5;31,5;31,5;31,6;32,2;32,2;31,8;31,8;31,8;31,6;32;31,8;32;32;32,4;32;32,1;32,4;32,6;32,5;32,1;32,5;32,6;32,6;32,4;32,5;32,6;32,4;32,5;32,2;32,4;32,6;32,5;32,4;32,4;32,4;32,1;31,5;32;31,6;31,8;31,6;32;31,8;31,4;31,6;31,4;31,7;31,5;31,1;30,8;31,3;31;30,9;31,2;30,7;30,1;29,9;29,3;28,6;27,5;26,5;26,5;26,6;26,5;25,3;22,9;21,2;20,2;19,8;20,2;20,1;19,8;19,5;19,8;19,8;20;20,1;20,1;20;20;20,1;20;19,8;20;20;19,8;19,5;19,4;20;20;19,6;19,5;19,9;20;19,9;20,4;20,4;20,1;19,8;19,6;19,9;20;20;20,1;20;19,9;20;20;19,8;20,1;20,1;19,8;20;20,1;19,9;19,8;19,8;19,5;19,5;19,8;19,9;20;19,8;20;20,1;19,8;19,9;20,4;20,1;19,9;19,5;19,4;20,1;20;19,5;19,5;19,8;20;19,9;19,5;20;20,2;19,6;19,4;19,6;19,6;19,6;20;20,4;19,8;19,5;19,4;19,8;19,3;19,3;19,4;19,8;19;19,9;19,3;19,8;19;19,8;19,9;19,8;19,5;19,9;19,9;19,5;19;19,2;19;19,2;19,6;20;18,8;19,5;19,8;19,3;20,1;19,5;19,4;19,8;19,5;19,5;19,5;19,8;19,6;19,5;19,6;19,9;19,6;19,5;19,8;19,6;19,4;19,3;19,2;19;19,4;19,8;19,6;19,9;19,6;19,4;19,6;19,9;19,6;18,8;19,6;19,4;19,4;19,6;19;20,2;19,6;19,3;19,4;20;19,4;19,6;19,4;19,2;19;19,4;19,3;19,4;19,3;19,4;19,3;19,2;20;19,3;19,2;18,9;19,4;19,2;20;19,4;19,5;19;18,9;18,7;1920,6;20,5;20,5;20,6;20,6;20,2;20,6;20,5;20,5;20,1;20,8;20,5;20,4;20,4;20,5;20,4;20,4;20,2;20,4;20,4;20;20,5;20,6;20,4;20,4;20,1;20,1;19,9;19,9;20;19,8;19,9;19,2;20,1;19,8;19,9;19,5;19,6;19,6;19,9;19,5;19,6;19,8;20,1;20,4;20,1;19,8;19,2;19,4;19,6;19,6;20,1;20,2;20;19,6;19,6;19,9;20,2;20;19,6;19,3;19,5;19,4;19,5;20;20;19;19,6;19,5;19,2;19,5;19,9;19,8;19,6;20,1;20;18,9;19,6;19,2;19,5;19,8;19,9;19,9;19,8;19,9;19,5;19,8;19,4;19,6;19,6;19,6;19,3;19,9;19,8;19,5;19,6;20;19,8;19,5;19,6;19,8;19,6;19,6;19,6;19,5;19,2;19,3;19,6;19,6;19,4;19,5;19,8;19,9;19,5;19,3;19,8;19,9;19,5;19,9;19,8;19,6;20,4;20,5;20;20;20,1;20,2;20,1;20,2;20,1;19,9;20,1;20,4;20,2;20,2;20,4;20,5;20,2;19,8;19,9;20,2;19,9;19,6;20;20;20,2;20,5;20,5;20,2;20,1;20,4;20,5;20,5;20,4;20,2;20,6;20,9;20,5;20;20;20,5;20,5;19,9;20,1;20,6;20,5;20,1;20,5;20,4;20,1;20;20,4;20,5;20;19,9;20,2;20,2;20,5;20,2;20,1;19,8;20;20;20,4;20,2;20;19,9;20;20,1;20,2;20,2;19,9;20,1;21,2;24,6;26,2;26,5;26,4;26,5;26,5;27,5;28,8;29,7;30,7;30,4;30,5;30,4;30,9;31;30,7;30,8;31,2;31,5;31,7;31,6;32,1;32,1;31,7;31,7;32,6;31,7;31,7;31,6;31,8;32;32,1;31,5;32,1;31,8;31,6;31,7;32;31,7;31,4;31,6;31,8;31,7;31,6;31,3;31,3;31,2;31,1;31,3;31,4;31,4;31,2;31,2;31,3;31,1;31,4;31,2;31,5;31;31,3;31,2;31,2;31,2;31,6;31,5;31,3;30,9;31,5;31,5;31,4;31,6;31,5;31,6;31,1;32;31,8;31,8;31,8;32,4;32,2;32,6;32,2;32,4;32,5;32,9;32,7;32,5;32,9;33,1;33,4;33,5;33,5;33,7;33,6;33,8;33,7;34,2;34,3;34,3;34,3;34,6;34,7;34,9;35;35,2;35,4;35,5;35,5;35,4;35,4;35,6;35,6;35,8;36;36,1;36,8;36,4;36,5;36,6;36,9;36,8;37;36,9;37;37,1;37;36,9;36,9;36,9;36,8;37,1;37,1;37,2;36,8;37,1;36,9;36,9;36,9;36,5;36,8;36,7;36,5;36,6;36,5;36,7;36,5;36,5;36,2;36;36,1;36,2;36;35,7;35,5;35,5;35,5;35,7;35,5;35,1;34,7;35;35;34,5;34,5;34,5;34,6;34;34,2;33,9;33,9;34,3;33,5;33,4;33,2;33,4;33,1;33,3;32,9;32,7;32,8;32,7;32,8;33;32,6;32,6;32,5;32,1;32;32,5;32,1;32;32;31,8;31,8;31,8;32,2;32,2;32,1;32;31,7;32;31,7;31,6;31,7;31,7;32,1;32,1;31,8;32,2;32,2;32;32,1;31,8;32;31,8;32,2;32;32,4;32,1;32,7;32,5;32,6;32,7;32,6;32,2;32,4;32,8;33;32,5;32,5;33;32,6;32,2;32,5;32,4;32,2;31,8;32,1;31,6;32;32,1;32,1;31,7;32,2;31,6;31,8;31,1;31,4;31,7;31,5;31,2;31,2;31,2;30,8;30,7;31,1;30,6;30,3;29,5;28,8;28,8;27,9;27,2;27,1;27,1;26,6;25,2;23;21,6;20,6;20,2;20,2;20;20;19,9;19,9;19,8;20;20;19,9;19,8;19,9;19,9;20;19,9;19,9;20,5;20,6;20,2;20;19,6;19,9;20;20;20;19,9;20,4;20,1;19,8;19,9;19,6;19,8;19,8;19,9;20;20,1;20;19,8;19,6;20;20,1;20,2;20,1;19,9;19,9;20,1;20,1;19,8;19,5;20,1;19,9;19,4;19,9;19,6;19,4;19,5;20;20,2;19,9;20,1;20,2;20;20,1;20,4;20,1;20,2;20,2;19,6;19,5;19,6;20;20,1;20,1;19,9;19,9;19,6;20;19,6;19,6;19,6;20;20,1;19,6;19,5;19,8;19,6;19,6;19,8;19,4;19,8;19,8;19,5;19,4;20,1;20,1;20,1;19,9;20,1;19,9;19,9;19,4;19,6;20;20,1;19,9;20,5;19,6;20,1;19,8;19,4;19,4;20,6;19,6;19,8;19,9;19,5;19,3;19,8;20;20,2;20;19,8;19,5;19,6;19,8;19,5;19,9;20,4;20,1;19,5;19,3;19,6;20;19,9;19,6;19,6;19,8;19,8;19,4;19,5;19,3;19,6;19,5;19,5;19,4;19,8;19,8;19,8;19,4;19,5;19,5;19,3;19,5;19,6;19,3;19,3;19,5;19,4;19,3;19,3;19,5;19,6;19,2;19,6;19,4;19,3;19,3;19,2;19,4;19,5;19,6;19,3;19,3;18,9;18,9;18,820,6;20,5;20,6;20,4;20,4;19,9;20,8;20,2;20,6;20,4;20,9;20,7;20,6;20,5;20,4;20,1;20,4;20,4;20,2;20,5;20,1;20,4;20,5;20,1;19,9;19,8;20;20;20,1;20,1;20;19,8;19,5;20;19,8;19,6;19,9;19,6;19,5;20;19,8;19,5;19,9;19,9;19,8;19,5;19,6;19,6;19,9;19,8;19,6;19,8;19,5;19,2;19,4;19,8;19,8;19,4;19,4;19,9;19,5;19,9;19,5;19,6;19,8;19,8;19,2;19,5;19,8;19;19,9;19,2;19,6;19,4;19,6;19,5;19,5;19,5;19,4;19,5;19,4;19,6;19,9;19,4;20;19,4;19,5;19,6;19,2;19,4;18,8;18,9;19,5;20;20;19,9;19,6;19,3;19,2;19,6;19,6;19,6;19,6;19,4;19,8;19,9;19,9;19,5;19,4;19,8;19,8;19,9;19,8;19,3;19,4;19,6;19,8;19,6;20;20;19,8;20,2;20,4;20,2;20,1;19,6;19,8;20,4;20,4;20,6;20,6;20,6;20,6;20,7;20,6;20,5;20,2;20,4;20,4;20,4;20,6;20;19,9;20,2;20,2;20,2;20,5;20,4;20,5;20,5;20,4;20,2;20;20,1;20,4;20,6;20,5;20,1;19,9;19,9;20,1;20,5;20,6;20,2;20,6;20,6;20;20,4;20,5;20;20;20,1;20,4;20,1;19,9;20,1;20,4;20,2;20,1;20,1;19,9;20,2;20;20,1;20,2;20,1;20,2;20,4;20,2;20,2;20;19,9;20,2;20,8;24,6;26,1;26,6;26,6;26,7;26,7;27,4;28,6;29,5;30,6;30,5;30,4;30,5;31;31,1;30,8;31;31,3;31,6;31,8;31,7;31,7;32,1;31,7;31,8;32,2;32;32;31,7;31,7;32;32;31,7;32;32;31,3;31,6;31,7;31,8;31,3;31,5;31,7;31,7;31,5;31,5;31,5;31,3;31,2;31,2;31,4;31,3;31,1;31,3;31,4;31;31,4;31,3;31,5;30,9;31,5;31,2;31,1;31,3;31,4;31,5;31,3;31,2;31,5;31,7;31,6;31,6;31,7;31,4;31,4;32;31,8;31,7;32,1;32,4;31,7;32,5;32,1;32,5;32,5;32,9;32,7;32,5;33,1;33,1;33,6;33,6;33,4;33,5;33,5;33,9;33,9;34,2;34,1;34,2;34,2;34,5;34,7;35;35;35,3;35,4;35,4;35,4;35,3;35,6;35,8;35,6;35,9;36;35,9;36,2;36,2;36,4;36,5;36,7;36,6;36,7;36,6;37;36,8;36,8;36,7;36,9;36,5;36,7;36,6;37;37,2;36,9;36,9;36,8;36,9;36,6;36,6;36,8;36,6;36,5;36,6;36,5;36,4;36,4;36,4;36,1;35,9;36;35,9;35,9;35,7;35,5;35,5;35,3;35,6;35,3;35;34,7;35;34,6;34,5;34,4;34,3;34,3;34;34,2;34,2;33,7;33,9;33,5;33,5;33,2;33;33;33,1;33,1;32,9;33;32,5;32,8;33;32,6;32,5;32,6;32,1;32,1;32,7;31,8;32;32,2;32,1;31,8;31,8;31,7;32,2;32,2;31,7;31,8;32;32;32;31,8;31,7;31,8;31,8;31,8;32,2;32,4;32,1;32,1;31,8;32,2;31,6;31,8;32;32;32,2;32,7;32,1;32,5;32,7;32,4;32,5;32,4;32,9;33,2;32,6;32,4;32,9;32,7;32,8;32,5;32,5;32,5;32;32,4;32,1;32,1;32,4;32,7;31,7;32,4;31,3;31,8;31,3;31,4;31,4;31,4;31,3;31,1;30,8;30,9;30,6;30,7;30,6;30,5;29,9;29,1;28,8;27,7;27,2;27,2;27,2;26,7;25,5;22,8;21,5;20,6;20,2;20,1;20;20;20,1;19,9;19,5;19,8;19,8;19,8;19,9;20;19,8;20,1;20,4;20,4;20,2;20,2;20;20;20,2;20,1;20;19,8;20,1;20,1;20;20;19,9;20,1;20;19,8;20;20;20,1;20,5;20,2;20,2;20,1;20;20;20;19,6;19,8;19,8;19,8;19,9;20;20;19,9;20;20,1;20,2;20,1;19,6;19,8;20,4;20,6;19,8;19,6;20;20;19,9;20,1;19,9;19,4;19,9;20,1;20;20,4;20,4;19,9;19,9;19,8;19,6;19,4;20;20,4;19,5;20,1;20,1;19,9;19,9;19,5;19,4;19,8;19,4;19,4;19,9;20;19,3;19,9;19,4;20,4;20,1;19,5;19,6;20,4;19,6;19,8;19,5;20,4;19,9;19,8;19,2;19,4;20,4;19,6;19,6;18,8;20,2;20;19,5;20;19,8;19,4;19,3;20,1;20,1;19,8;19,9;19,5;19,6;20,1;19,9;19,4;19,3;19,4;19,5;19,2;19,3;19,8;19,6;19,6;19,9;19,8;19,9;19,8;20,1;19,9;19,8;19,4;20;19,6;19,6;19,8;19,9;19,8;19,8;19,3;19,8;19,3;19,6;19,9;20;19,5;19,6;19;19;19,4;19,5;19,5;19,4;19,6;19,6;19,2;19,2;19,2;18,9;18,9;19,5;19,2;19,3;19,4;18,7;19,420,5;20,5;20,9;20,5;20,5;20,2;20,8;20,2;20,4;20,4;20,9;20,4;20;20,2;20,2;20,4;20,5;20,4;20,1;20,2;20;20,1;20,4;20,4;19,9;19,4;20;19,8;20,1;20,1;19,8;19,6;20;20;19,8;19,6;19,6;20,1;19,9;19,2;19,9;19,5;19,8;19,9;19,5;19,5;19,9;19,5;19,5;19,8;19,5;19,6;19,9;20;20,1;20,2;19,9;20,2;20,2;19,8;19,9;19,8;19,8;19,8;20,1;19,5;19,4;19,6;19,3;19,3;19,4;19,5;19,8;19;20,2;19,5;20;19,3;19,5;19,6;18,8;19,5;19;19,6;19,6;19,9;19,6;19;19,2;19,6;19,6;19,6;20,1;19,6;19,4;19,2;19,6;19,4;19,6;19,6;19,3;19,8;19,4;19,3;19,6;19,8;19,5;19,6;19,6;19,5;19,4;19,8;19,8;19,4;19,8;19,9;19,9;20,2;20,2;20,1;20;20,4;20,4;19,9;20;19,8;19,6;20,1;20,4;20,8;20,6;20,4;20,6;20,4;20,1;20,6;20,8;20,5;20,5;20,4;20,1;20,1;20;19,9;20,1;20,2;20,1;20,6;20,9;20,6;20,4;20,5;20,4;20,2;20;20;20,4;20,4;19,8;19,9;20,6;20,7;20,6;20,2;20,2;20,4;20,2;20,1;20,4;20;20,2;20,1;20,1;20,1;20;20,2;20,4;20,4;20,1;20,4;20,2;20,1;20;20,2;20,1;20;20,4;20,5;19,9;20,2;20,4;20;20,5;20,9;24,5;26,2;26,8;26,6;26,6;27,3;27,3;28,7;29,4;30,2;30,8;30,8;30,7;31;31,6;31,2;31,4;31,3;31,6;32,4;31,5;31,7;32;31,7;32;32,1;32;32;31,7;31,8;32;31,7;31,7;31,8;31,8;31,4;31,4;31,6;31,5;31,5;31,6;31,6;31,6;31,3;31,5;31,4;31,3;31,4;31,3;31,4;31,4;31,1;31,4;31,3;31;31,3;31,4;31,4;31,3;31,1;31,2;31,2;31,4;31,1;31,6;31,5;31,5;31,7;31,6;31,7;31,7;31,7;31,4;31,4;32;32,1;31,6;32;32,2;31,7;32;32,1;32,7;32,5;32,6;32,8;32,9;32,9;33,3;33,4;33,5;33,3;33,5;33,1;33,7;34;34,1;33,9;34;34,3;34,6;34,7;34,7;34,7;35;35,1;35,2;35,3;35,4;35,6;35,7;35,8;35,6;35,9;35,7;36,3;36,1;36,1;35,9;36,4;36,8;36,5;36,3;36,7;36,3;36,6;36,6;36,9;36,3;36,5;36,5;36,7;36,7;36,7;36,6;36,5;36,6;36,7;36,8;36,6;36,6;36,4;36,4;36,5;36,2;36,2;36,1;35,9;35,8;35,9;35,8;35,7;35,7;35,6;35,5;35,2;35,4;34,9;34,6;34,6;34,7;34,6;34,3;34,1;34,2;33,9;34;33,6;34,2;33,7;33,7;33,4;33,6;33,3;33;32,7;33;33,1;33,2;32,8;32,7;32,6;32,9;32,6;32,7;32,5;32,5;32,1;32,4;32,2;31,7;31,8;32,1;32,1;31,6;31,6;32,1;32,2;32;31,8;32,1;32;31,8;31,6;31,6;32;32,1;32,1;32,1;32,4;32;32;31,7;32;31,7;31,7;32;31,7;32,5;32,5;32,4;32,2;32,6;32,6;32,5;32,5;32,7;32,9;32,5;32,4;32,6;32,6;32,9;32,8;32,4;32,4;32,1;32,6;32,7;32,4;32,1;32,5;32;32,2;31,7;32;31,7;31,2;31,4;31,5;31,1;31,4;30,8;31,2;30,5;30,6;30,3;30,3;29,9;29,9;28,6;27,8;27,2;26,8;26,8;26,7;25,4;22,7;21,4;20,7;20,4;20,4;20;20,1;20,2;20,4;20;20;19,9;20;19,9;20;20,1;20,6;20,1;19,9;19,9;20,1;20,5;20;19,8;20;20,5;20,6;20,1;20,1;20,4;20,5;20,1;19,8;19,8;20,2;20,1;19,8;20;20,2;20,2;19,9;19,6;19,8;19,8;19,9;20,1;20,1;20,1;20,4;20,5;20;20;20,1;20;20;20,1;20,1;19,8;20,1;20,2;20,2;20,2;19,6;19,5;19,9;20,1;20,4;20,2;19,8;19,8;20,4;20,2;19,9;19,8;19,6;19,9;19,6;20;20,2;19,9;20,1;19,9;20;20,2;20,2;19,5;19,9;20;20;20,1;19,5;20;20,2;20,5;20,1;19,5;19,8;19,8;19;19,6;20,5;19,5;20,4;20,5;20,2;19,3;19,3;20,4;20;19;20,6;19,5;20,1;20,4;19,3;19,6;19,6;19,8;20;19,5;19,5;20;19,6;19,8;19,8;19,9;19,8;19,6;19,5;19,4;19,4;19,5;19,5;19,4;20,1;20,1;20,1;19,4;19,6;19,4;19,4;20;19,9;20,1;19,6;20,1;20,4;19,6;19,9;20;20,1;20;19,5;20;19,4;19,6;19,9;19,8;19,4;19,4;19;19,5;19,8;19,8;19,5;19,4;19,4;19,3;18,9;18,7;19,8;18,8;19,3;19,2;19,2;19,5;19,4;19;19,320,5;20,5;20,5;20,6;20,9;20,6;20,6;20,2;20,2;20,2;20,7;20,1;20,4;20,7;20,5;20,6;20,6;20,4;20,4;20,2;19,9;20;20,1;19,9;20,1;19,6;19,9;19,9;20,1;19,9;19,9;19,9;19,9;19,8;19,5;19,6;19,4;20,5;19,8;19,3;19,8;19,2;19,3;19,5;19,8;19,6;19,5;19,8;19,6;19,4;19,6;19,8;19,6;19,6;20;20,2;19,9;19,5;19,5;19,6;19,3;19,6;19,3;19,3;19,5;20;18,8;19,3;20;19,9;20;19,3;18,8;19,2;19,4;19,9;19,6;19,4;19,3;19,8;19,4;19,9;19,8;19,3;19,6;19,2;19,2;19,2;20,4;19,8;20;19,9;19,6;19,5;19,2;19,9;19,6;19,3;19,2;19,2;19;19,3;19,6;19,5;19,6;19,8;19,9;19,5;19,4;19,5;19,4;19,5;20;19,8;19,8;19,8;19,9;19,9;19,6;19,8;20;20,1;20;19,6;19,8;19,9;20,2;20,4;20,2;20,2;20,1;20,4;20,5;20,2;20,5;20,8;20,6;20,2;20,2;20,2;20,2;20,1;20,4;20,5;20,6;20,2;20,2;20,2;20,4;20,4;20,1;20;20;20,2;20,5;20,5;20,5;20,5;20,2;19,9;20,1;20,7;20,6;20,1;20,4;20,5;20,4;20,4;20,4;20;20,2;20,6;20,2;20,4;20,5;20,5;20,2;20,2;20,1;20,2;20,4;20,1;20,2;20,1;20,1;20,2;20,1;20,5;20,1;20,1;20,4;20,1;20,5;21,1;24,4;26,5;26,7;26,7;26,7;27,2;27,5;29;29,7;30,2;31;31;30,5;31;31,6;31,1;31,1;31,4;31,7;32,1;31,3;32;31,7;31,4;32,4;32,4;32;31,8;32;32;31,8;31,8;31,7;31,8;31,6;31,7;31,6;31,7;31,5;31,8;31,7;31,8;31,7;31,4;31,3;31,3;31,3;31,5;31,4;31,4;31,2;31,2;31,5;31,2;31,1;31,3;31,3;31,2;31,4;31,1;31,4;31,4;31,7;31,5;31,2;31,3;31,4;31,6;31,6;31,6;31,7;31,7;31,2;31,4;31,6;32,1;31,7;32,4;32,2;31,7;31,7;32,2;32,5;32;32,6;32,7;32,9;32,8;33,2;33,3;33,3;33,2;33,7;33,3;33,4;33,8;33,9;33,9;34;34,2;34,4;34,5;34,5;34,7;35;34,7;35,1;35,4;35,5;35,2;35,5;35,7;35,4;35,7;35,7;36,2;35,9;35,9;35,9;36,1;36,6;36,5;36,3;36,5;36,4;36,4;36,5;36,9;36,5;36,3;36,5;36,6;36,4;36,8;36,3;36,4;36,6;36,6;36,8;36,4;36,4;36,4;36,1;36,3;36,2;36,1;35,7;35,6;35,7;35,7;35,6;35,6;35,7;35,6;35,5;35,2;35,2;34,7;34,7;34,5;34,6;34,3;34,1;33,8;34,3;33,9;33,8;33,3;33,8;33,7;33,5;33,3;33,7;33,1;33,1;32,6;33;32,7;33,1;32,6;32,7;32,7;32,7;32,4;32,6;32,5;32,2;32;31,7;32,1;32;32,1;31,6;32,2;31,8;31,6;32;32,1;31,7;31,8;31,8;32,1;31,8;31,8;31,8;32,1;32,1;32;32;32;31,8;32,1;31,7;31,6;31,7;31,7;31,8;32,1;32,6;32,7;32,5;32;32,2;32,5;32,2;32,7;32,7;32,8;32,4;32,4;32,8;32,6;32,6;32,7;32,2;32,4;32,2;32,4;32,5;32,4;31,8;32;32,2;32,2;31,7;31,8;31,6;31,4;31,5;31,2;30,9;31,4;30,8;30,9;30,7;30,5;30,1;30,2;29,9;29,5;28,4;28,4;27,4;26,7;26,5;26,5;25,1;22,6;21,5;20,8;19,9;20,5;20,4;20,5;19,6;19,8;19,9;20;20,2;20,2;19,5;19,8;19,9;20;19,8;20,4;20,2;19,9;19,5;19,8;19,6;19,8;19,6;19,8;20,1;20;20;20,1;20;20;19,6;19,9;20,2;20;20;20,5;20,2;20,4;20,1;19,8;20,1;19,9;19,8;19,8;19,5;19,8;19,9;20;20;20,1;20,1;19,8;19,9;20;19,6;19,9;20,1;19,8;19,8;19,8;19,9;20,1;19,9;19,9;19,5;19,5;19,6;19,6;19,6;20,6;20,2;19,8;19,8;19,6;20;19,8;19,8;19,6;19,6;19,9;20,4;20,2;19,8;19,9;20;19,6;19,3;19,4;20;20;19,4;19,9;19,4;19,8;20;20,1;19,9;19,5;20;19,3;19,9;19,8;19,3;19,4;19,5;20,6;20,1;20;20,1;18,8;20,4;20;19,6;19,5;20,2;19,5;19,3;19,6;19,6;19,6;19,6;20,1;19,8;19,6;19,6;19,6;19,9;19,9;19,9;20,1;19,9;19,5;19,8;20;20;19,6;19,5;20,2;20;19,8;19,9;19,5;20,1;19,6;19,5;19,5;20,5;19,9;19,8;19,3;20,1;19,8;19,5;19,6;19,5;19,8;19,9;19,6;19,5;19,6;19,6;19,6;19,2;19,5;19,4;19;19;19,8;19,5;19,9;18,9;19,5;19,2;18,7;19,5;19,520,6;20,4;20,2;20,5;20,9;20,9;20,7;20,1;20,4;20,5;20,8;20,7;20,7;20,5;20,2;20,5;20,6;20,5;20,4;20,4;20,4;20;20;20;20,4;20;20;20,4;20,4;20;20;19,9;20;20,2;19,4;19,9;19,6;20;19,6;19,5;19,3;19,4;19,5;19,6;19,6;19,5;19,5;19,6;19,5;19,6;19,9;20;19,9;19,6;19,8;19,5;19,5;19,5;19,4;19,6;19,6;19,6;19,5;20,1;19,8;19,3;19,2;19,6;19,2;19,5;19,3;19;19,3;19,5;20;19,9;19,5;19,3;19,5;19,5;19,5;19,6;18,9;19,8;20,1;19,4;19,6;19,5;19,2;19,6;19,5;19,2;19,3;19,6;19,6;19,5;19,8;19,5;19,6;19,9;20,1;19;19,3;19,6;19,6;19,5;19,3;19,2;18,9;19,2;20;20,2;20,1;19,9;19,8;19,8;20;20;19,8;19,8;19,8;20;20;20,4;20,4;20,5;20,2;20,1;20,4;20,5;20,2;20,1;20,6;20,4;20,1;20,1;20,4;20,4;20,6;20,7;20,4;20;20,1;20,6;20,6;20,2;20,4;20,6;20,5;20,5;20,8;20,8;20,6;20,4;20,1;20,1;20,2;20,4;20,2;20,1;20,5;20,5;20,4;20,4;20,4;20,2;20,2;20,5;20,2;20,1;20,1;20,4;20,2;20,2;20,4;20,2;20,2;20,1;20,1;20;20;19,9;20,1;20;20,2;20,2;20,1;20,2;20,6;20,2;20,4;20,4;20,4;21,2;24,6;26,5;26,5;26,5;26,6;26,8;27,6;29;29,9;30,5;30,8;30,8;30,6;30,7;31,4;31,1;31;31,3;31,5;31,8;31,5;32,1;31,5;31,5;32,2;31,8;32,1;31,5;32,1;32;31,4;31,8;31,7;31,8;31,6;31,8;31,6;32;31,6;31,6;31,5;31,7;31,7;31,4;31,3;31,3;31,3;31,2;31,3;31,3;31;31;31,4;31,3;31,3;31,4;31,2;31,2;31,1;31,3;31,4;31,4;31,4;31,7;31,2;31,1;31,5;31,5;31,2;31,3;31,4;31,4;31,4;31,5;31,5;31,8;31,7;32,1;31,8;32,4;31,8;32,2;32,4;32,2;32,2;32,4;32,5;32,6;33,2;33,1;33;33,2;33,3;33,4;33,3;33,3;33,7;33,8;34;34;34,2;34,3;34,4;34,9;35;34,6;34,6;35,2;35,1;35,2;35,4;35,6;35,3;35,7;35,9;35,7;35,6;35,7;36,1;36,1;36;36;36;36,4;36,4;36,4;35,9;36,9;36,5;36;36,5;36,3;36,5;36,7;36,2;36,2;36,5;36,1;36,3;36;36,1;36,2;35,9;36,1;36;35,7;35,7;35,6;35,7;35,6;35,5;35,6;35,5;35,2;35,2;35;34,9;34,7;34,6;34,2;34,5;34,1;34,4;33,7;34,2;33,7;33,6;33,5;33,5;33,7;33,5;33,1;33,6;32,7;33,1;32,7;32,8;33;32,6;32,7;32,4;32,6;32,7;32;32,5;32,1;31,8;32,1;31,7;31,7;32;32,2;31,5;31,8;31,8;31,5;31,6;31,7;31,5;31,5;31,7;31,8;31,7;31,7;31,6;31,7;31,8;31,8;31,7;31,6;31,8;32,1;32;31,8;32;31,8;31,7;32,2;32,2;32,6;32,4;32,1;32,2;32,2;32;32,6;32,6;32,8;32,5;32,2;32,8;32,8;32,7;32,2;32,2;32,4;32;32,2;32,2;31,8;32;32;32;32,2;31,6;31,5;31,4;31,5;31,5;30,9;31,1;30,7;30,6;30,9;30,8;30,6;30,3;30,3;30,2;29,4;28,4;28,2;27,1;27,1;26,5;26,4;24,7;22,5;21,2;20,8;20,1;20;20,1;19,8;19,5;19,8;19,8;19,6;20;20,1;19,9;19,9;19,9;20;20,1;20,5;20,5;20,2;19,9;20,1;20,1;19,3;19,4;19,9;20,1;20;19,8;20,1;20,7;20,2;19,8;20,1;20,1;20;20,2;20,2;20;20,1;20,1;20,5;20,2;20,2;20,4;20;19,6;19,6;19,9;20;20,2;20,4;20;19,9;19,8;19,9;19,9;20,1;20;20,1;20,1;19,9;20,1;20,2;19,9;19,6;19,9;20;19,6;19,6;20,4;20,5;20,4;19,9;20;19,9;19,6;19,5;19,8;20;20;20,1;20;19,9;19,6;19,8;19,9;20,1;20;19,4;20;20;20,4;20,2;19,8;20,2;19,9;19,6;19,2;20,2;19,6;19,6;19,6;20;19,8;19,5;19,3;20,2;19,6;19,9;19,6;19,3;20;19,9;19,6;20,4;20;19,8;20;19,5;19,8;20;20,2;20,1;20;20,1;20,1;20,2;20,1;19,9;19,9;19,9;20;19,9;19,8;20,2;19,9;19,5;19,6;20,1;20,4;19,5;19,4;19,4;20,1;19,8;19;19,4;20,7;19,8;19,4;19,4;20;19,6;19,8;19,8;19,5;19,5;19,9;19,5;19,2;19,3;19,8;19,6;19,2;19,6;19,5;19,4;19,4;19,4;19,8;19,6;18,8;19,8;19,3;18,9;19,3;19,920,6;20,8;20,5;20,5;20,6;20,7;20,7;20,1;20,6;20,4;21,1;20,5;20,6;20,1;20,1;20,4;20,4;20,2;20,4;20,1;20;20;19,8;19,9;20;20,1;19,5;20,1;20,1;19,5;20,1;19,6;19,5;19,8;19,2;19,2;19,3;19,9;19,6;19,6;19,9;19,5;19,3;19,5;19,5;19,3;19,4;19,5;19,6;19,3;19,2;19,5;19,5;19,2;19,4;19,4;19,2;19,3;19,4;19,4;19;19,4;19,6;19,9;19,5;19,5;18,9;19;19,3;19,2;19,3;19,5;19,8;18,4;19,4;19,6;19,3;18,9;19;19;19,3;19;18,9;18,9;19,4;18,7;19,5;19,3;19,3;19,2;19,6;19,3;19,5;19,8;19,4;19,5;19,5;19,4;19,4;19,8;19,8;19,4;19,3;19,4;19,4;19,4;19,5;18,9;19;19,5;19,5;19,3;19,6;19,5;19,5;20;20;19,9;20;19,5;19,2;19,4;19,6;20,1;20,1;20;20;19,9;20,1;20;19,9;19,8;19,9;20;20,1;20,1;20,2;20,1;20,1;20,5;20,2;19,9;19,9;20,2;20,5;20,1;20;20,1;20;20,2;20,1;20,1;19,9;20,4;20,4;20,1;20,5;20,2;20;19,9;20,2;20,5;20,4;20,2;20,5;20,4;20;20,5;20,5;20,2;20,4;20;20,1;20,2;20,4;20,5;20,4;20,4;20,1;20,1;19,9;20;20,1;20,1;20,6;20,1;20,2;20;20,6;20,1;20,1;20,6;20,6;21,2;24,3;26,5;26,3;26,5;26,7;26,7;27,7;28,8;30;30,5;30,7;30,9;30,8;30,9;31,3;31,2;31,1;31,6;31,4;32,4;31,6;32;31,7;31,8;32;31,7;32;31,6;31,6;32;31,5;31,8;32;32;31,5;31,6;31,3;31,7;31,5;31,5;31,5;31,6;31,6;31,5;31,4;31,4;31,3;31,2;31,4;31,3;31,1;31,1;31,2;31,2;31,3;31,3;31,2;31,4;31,4;31,4;31,5;31,4;31,1;31,4;31,5;31,4;31,4;31,6;31,4;31,7;31,5;31,3;31,8;31,4;31,7;31,8;31,8;31,6;31,7;32,8;32;32,1;32,5;32,4;32,6;32,6;32,7;32,7;33,2;32,9;33,3;33,1;33,2;33,7;33,6;33,5;33,7;33,7;33,8;33,9;34,1;34,2;34,4;34,9;34,7;34,4;34,5;35,1;34,9;35,3;35,2;35,7;35,6;35,7;36,3;35,7;35,9;35,9;36,2;36,1;35,8;36,1;35,8;36,4;36,1;36,5;36,1;36,7;36,2;36,3;36,6;36,3;36,2;36,4;36,3;36,2;36,4;36,3;36,3;36,2;36,3;36,2;36,2;36,1;35,9;35,6;35,8;35,8;35,9;35,7;35,3;35,4;35,4;35,1;35,1;35,1;34,9;35;34,9;34,5;34,7;34,4;34,5;33,7;34;33,7;33,5;33,7;33,6;33,7;33,4;33,3;33,6;32,9;33;32,9;33;33,3;32,5;33;32,5;32,1;32,9;32,4;32,7;31,7;32,2;32,1;31,6;31,8;32;32,1;31,8;31,4;31,6;31,7;31,7;31,8;31,7;31,6;32,1;31,7;31,6;31,6;31,6;32,1;32;31,8;31,6;31,6;31,5;31,7;31,8;32;32;32;31,8;32,4;32,1;32,1;32;32,1;32,1;32,5;32,2;32,1;32,5;32,5;32,6;32,4;32,7;32,9;32,6;32,5;32,5;32,4;32,1;32,2;32,2;32,5;32,2;32,1;32;32,2;31,7;31,6;31,3;31,4;31,4;31,2;31,3;30,7;30,7;30,7;30,7;30,6;30,4;30,2;30,2;29,2;28,2;27,8;26,7;27,1;26,7;26,5;25;22,7;21,2;20,8;20,2;20,1;20,1;20;20,1;19,8;19,9;20;20,1;19,9;19,5;19,4;19,8;20,4;20,6;20,2;20;20;20;20;20;19,8;20;19,9;19,5;19,6;19,8;19,8;19,5;19,6;19,8;19,8;20;19,6;19,8;20,2;19,8;20;20,2;19,9;19,9;20,1;19,9;19,6;20,2;20,1;19,8;20,1;20,1;19,9;19,6;19,8;19,9;19,9;19,9;19,6;19,5;20,1;20,4;20;19,4;19,4;19,8;20,1;19,9;19,6;19,8;20;19,8;20;19,8;19,5;20;19,9;20,2;19,8;20;20;19,8;19,5;19,8;20,4;20,5;20,4;19,9;19,5;19,8;19,6;20,1;19,8;19,8;20,4;19;20,1;19,6;19;19,2;20,2;19,6;20,1;19,2;19,9;19,9;19,8;19,5;20,2;19,3;19,9;19,4;19,5;19,5;19,8;19,5;19,9;19,4;19,8;19,4;19,4;19,6;19,9;19,9;20;20;19,9;19,8;20,1;20,1;19,9;20;20;19,6;19,6;19,8;19,6;19,5;19,8;19,6;20;19,9;19,9;19,4;19,9;19,5;19,9;18,9;19,4;20,5;19,4;19;19,8;19,4;19,5;19,9;19,8;19,5;19,5;19,5;19,3;19,2;19,4;19,6;19,5;19,5;19,8;19,4;19,3;19,2;19;19,6;19,4;19;19,9;19,3;19,3;19,3;19,520,6;20,8;20,7;20,5;20,8;20,6;20,8;20,4;20,1;20,7;20,8;20,4;20,8;20,5;20,5;20,6;20,5;20,2;20,5;20,2;20,1;20,7;20,2;20,2;20;20,1;19,9;20;20,5;19,5;20,5;20,1;20;19,9;19,4;19,6;19,6;20,2;20;19,4;20,1;19,6;19,8;19,8;19,6;19,8;19,6;19,6;20;19,5;19,4;20;20;19,5;19,5;19,9;19,6;19,6;19,8;19,8;19,5;19,5;19,4;19,4;19,9;19,3;18,8;19,6;20,1;19,4;19,4;19,4;18,9;19,6;19,5;20,1;19,5;19,8;18,9;19,4;19,9;19,9;19,9;19,9;19,6;19,6;19,9;19,9;19,5;19,5;19,5;19,4;19,4;19,5;19,2;19,8;19,6;19,2;19,5;20;20;19,6;19,3;19,5;19,6;20;19,9;19,6;19,6;19,5;19,6;19,9;20,4;20,4;20,2;20;19,9;20;20,2;20,4;20,6;20,5;19,9;20,1;20,6;20,1;19,9;20;20,4;20,4;20,4;20,2;19,8;19,9;20,6;20,7;20,5;20,7;20,8;20,5;20,4;20,4;20,6;20,6;20,7;20,6;20,5;20,4;20,2;20,5;20,4;20,5;20,7;21,1;20,9;20,9;20,8;20,5;20,2;20,4;20,7;20,6;20,4;20,1;20,4;20,2;20,2;20,5;20,8;20,2;20,6;20,6;20,2;20,5;20,5;20,6;20,5;20,5;20;20,1;20;20,2;20,4;20,1;20,7;20,4;20,6;20;20,5;19,8;20,2;20,4;20,6;21,1;23,7;26,2;26,7;26,6;26,8;27,1;27,6;28,6;30,1;30,3;30,6;30,6;30,9;31;31,1;31,1;31,1;31,7;31,4;32,4;31,6;32,1;32,1;31,8;31,7;31,8;32;31,7;31,7;32;31,7;31,7;31,8;31,7;31,7;31,7;31,5;31,3;31,6;31,5;31,5;31,7;31,7;31,6;31,4;31,3;31,3;31,3;31,2;31,1;31,3;31,3;31,1;31,1;31;31,1;31,1;31,3;31,4;31,2;31,2;31,2;31,4;31,4;31,4;31,3;31;31,5;31,3;31,6;31,5;31;31,7;31,2;31,5;32;31,7;31,5;31,7;32,2;31,7;32,1;32,2;32,4;32,8;32,6;32,6;32,2;32,7;32,7;33,2;32,9;33,1;33,2;33,5;33,6;33,7;33,6;33,8;33,9;34,2;34,1;34,3;34,4;34,3;34,3;34,5;34,9;34,9;35,2;35,2;35,5;35,4;35,5;36;35,4;36;35,9;36,1;35,6;35,7;35,9;36;36,1;36;36,6;35,9;36,1;36,2;36,4;36,2;36,1;36;36,3;36,1;36;36,3;36,3;36,4;36;36;35,8;35,7;35,8;35,6;35,5;35,6;35,6;35,7;35,8;35,5;35,2;35,2;34,9;35;35,1;35;34,6;34,5;34,1;34,3;34,3;34,1;33,6;34;33,6;33,4;33,6;33,3;33,4;33,2;33,2;33,2;32,9;32,8;32,8;33;32,8;32,5;32,7;32,5;32,5;32,9;32,2;32,6;32;32,1;31,5;31,5;31,6;32,2;31,8;31,8;31,7;31,3;31,6;32;31,7;31,8;31,8;32;31,6;31,4;31,4;31,8;32,1;31,8;31,5;31,7;32;31,5;31,8;31,7;32;31,8;32;31,8;32,4;32,5;31,8;32,1;32,4;32,1;32,1;32;32,1;32,5;32,2;32,4;32,5;32,7;32,5;32,6;32,5;32,5;32,6;32,4;32,2;32;32,7;32,4;32,1;31,7;32,1;31,6;32;31,5;31,6;31,3;31,3;31,3;30,9;30,8;30,4;30,8;30,3;30,6;29,9;30,3;29,4;28,1;27,8;27,3;27,5;26,7;26,5;25,2;23;21,8;20,9;20,4;20,1;20,2;20,4;20,5;20,4;20,1;20,1;20,1;20,2;20;20,1;20,1;20,4;20,2;19,9;19,9;19,9;20,1;20,4;20,5;20,1;19,9;20,2;20,1;20,2;20,2;20,4;20,6;20,7;20,4;20,5;20,4;20,4;20,1;20;20,6;20,4;20;20,5;20,5;20,4;20,4;19,9;20,1;20,6;20,2;20;20;20;19,9;20,1;19,8;19,6;20,1;20;20;20,2;20,1;20,2;20,4;20,4;19,9;19,6;19,9;20;20;20;20,5;20,8;20,1;19,5;20,4;20,6;20,1;19,9;20,5;20,7;20,2;20,6;20,6;20,2;20,2;20,7;20;20,4;20,1;20,2;19,9;19,4;20,2;19,6;19,9;20,2;20,2;20,6;20,7;20,5;19,8;19,9;19,8;20,1;20;19,5;20,2;20,4;20;20,1;19,4;19;20,1;20,7;20;19,8;19,9;20,1;19,9;20,4;20,4;20,1;20,1;19,8;20,1;20,5;20,5;20,5;20,6;20,5;20,1;20;20,2;20,1;20,2;19,8;19,8;20,1;20,2;19,6;19,6;19,8;19,4;20;19,9;20,4;20,2;19,8;19,8;19,4;19,3;19,8;19,9;20;19,9;19,8;19,4;19,4;19,5;19,3;19,4;19,6;19,8;19,5;19,4;20;19,6;18,8;19,3;19,4;19,5;19,9;19,2;19,6;19,3;19;19,6;19,320,5;20,4;20,7;20,2;20,4;20,7;20,6;20,1;19,8;20,8;20,5;20,2;20,5;20,2;19,8;20,1;20,2;20,2;20,5;20,1;19,6;20,2;20;20,1;20,4;20,2;19,8;20,1;20,1;19,4;19,6;19,8;19,9;19,6;19,6;19,4;19,3;19,6;19,9;19,6;19,9;19,3;19,6;19,6;19,5;19,2;19,2;19,2;19;19;19;19,4;19,5;19;18,9;19,2;19,2;19;19;19,3;19,3;19;18,7;19,5;19,6;19;19,5;19,5;19,6;19,3;19,2;18,8;19,2;19,5;18,7;18,7;18,9;18,9;18,4;19;19,6;19,3;19,2;18,1;19,4;18,7;19,4;19;19,3;18,8;19;19,2;19;19,2;18,8;19;19;19,2;18,8;19,2;19,3;19,6;19,4;19,2;19,4;19;19,4;19,4;18,9;19,4;19,2;19,6;19,5;19;18,9;19,4;20;19,9;19,8;19,8;19,6;19,8;19,9;20;20;19,8;20;20,4;20,1;19,6;19,9;20,2;19,9;19,9;20,1;20,4;20,6;20,2;20,1;20,2;20,4;20,1;19,9;20,1;19,9;19,5;20;20,1;20,1;20,1;20,2;20,1;20,1;20,5;20,6;20,5;20;20,1;20,1;20,1;20,2;20,2;20,1;20,2;20,6;20,2;20;20,2;20,6;20,2;20,4;20,5;20,4;20,6;20,4;20,4;20,2;20,4;19,8;19,6;19,8;20,1;20,1;20;20,5;20,1;20,1;20,6;20,4;19,9;20;20,1;20,2;20,9;23,7;26,3;26,6;26,6;26,8;27,3;27,4;28,2;29,9;30,3;30,6;30,7;30,6;31;31,2;31,1;31,3;31,7;31,3;31,8;31,5;32,4;31,7;32;32;31,8;32;32;32;32;32;31,7;31,6;31,5;31,7;31,8;31,8;31,3;31,6;31,6;31,4;31,5;31,6;31,4;31,4;31,5;31,4;31,4;31,2;31,1;31,2;31,3;31,3;31,2;31,1;31,3;31,3;31,4;31,2;31,2;31,2;31,3;31,4;31,4;31,4;31,2;31,2;31,4;31,2;31,4;31,4;31,2;31,5;31,4;31,5;31,8;31,5;31,6;31,8;31,8;31,6;32,1;32,5;32,4;32,7;32,2;32,1;32,2;32,4;32,7;33,2;32,6;33,1;32,8;33,4;33,5;33,7;33,5;33,8;34,1;34,1;34;34,2;34,2;34,3;34,5;34,6;34,6;35;35,2;35;35;34,9;35,4;35,7;35,1;35,7;35,6;35,9;35,4;35,4;35,7;36;35,8;36,2;35,9;35,9;36;36;35,9;36;36;36,1;36,1;35,8;35,9;36,1;36,1;36,2;36,1;36;36;35,7;35,8;35,9;35,5;35,5;35,5;35,5;35,7;35,6;35,2;35;34,7;34,6;34,6;34,7;34,5;34,5;34,1;34,1;33,9;34,2;33,7;33,9;33,7;33,7;33,5;33,5;33,3;33,1;33,1;33;32,9;32,8;32,7;32,9;32,7;32,2;32,2;32,6;32,6;32,7;31,8;32,4;31,8;32;31,3;32;31,7;31,8;32;32,1;32,2;31,6;31,5;31,8;31,7;31,7;31,6;31,7;31,6;31,4;31,6;32;32;31,7;31,4;31,7;32;32;32,1;32;31,8;32,1;32,2;31,7;32,1;32,6;32,1;32,1;32,2;31,8;32;31,6;31,7;32,2;32,5;32,1;32,2;32,6;32,4;32,2;32,6;32,4;32,5;32;32,5;32,1;32,1;32,2;32;31,7;31,6;31,5;32,1;31,5;31,6;31;31,4;31,1;30,8;31,2;30,2;30,7;30,4;30,7;30;30,1;29,2;28;27,9;27,4;26,7;26,5;26,2;25,2;23;21,5;20,6;19,9;19,8;20,1;20,2;20,4;20;19,5;19,8;20,2;20,1;19,9;19,9;19,8;20;19,9;19,9;19,9;19,5;19,9;19,9;19,9;20;19,9;20,1;20;19,8;19,9;19,9;19,8;19,9;20,2;20,1;19,8;19,5;19,8;20,2;20;20;20,1;19,9;20,4;20,1;20;19,9;19,9;20;19,6;19,8;19,8;19,8;20;19,9;19,8;19,9;19,9;19,9;19,5;19,6;19,9;19,8;20;20;19,8;19,6;19,5;19,6;19,6;19,4;19,9;20,5;19,8;19,5;19,8;19,6;20,1;20,1;20,1;20,2;19,9;20,1;19,3;19,5;19,9;19,9;19,8;19,8;19,9;19,6;19,6;19,9;19,5;19,3;19,4;20,1;19,5;19,6;19,3;20,1;19,6;19,4;19,8;20,5;19,6;19,9;19,6;19,8;19,9;19,4;19,6;19,9;19,8;20,1;19,6;19,4;19,8;19,8;19,3;19,6;20;20;19,8;19,9;20;20,2;20,2;19,8;19,6;19,8;19,8;19,6;19,9;19,5;19,8;20,1;19,6;19,9;20,1;19,4;19,4;19,6;19,4;19,3;19,6;20;20;19,8;19,8;19,2;19,2;19,6;19,5;19,9;19,2;19,5;19,4;19,3;19,6;19,5;19,3;19,4;19,6;19,6;19,2;19,6;20;18,9;19,2;19,8;19,4;20,1;19,5;19,3;19,4;19,6;19,3;19,520,5;20,2;20,6;20,4;20;20,7;20,4;20,2;20,4;20,6;20,6;20,4;20,4;20,4;20,4;20,1;19,9;20,2;20,6;20,2;20;20,2;20,1;20,4;20,2;19,9;19,6;20,1;20;19,6;19,8;19,8;20;19,8;20;19,4;19,2;19,6;19,4;19,8;19,6;19,4;19,5;19,5;19,6;19,4;19,3;19,2;19,4;19,6;19,2;19,3;19,6;19,3;19,3;19,8;19,9;19,4;19,2;19,3;19,5;19,6;19,4;19,6;20;19,3;19,3;19,3;19;19,2;19,3;19,4;19;19,2;18,9;20;19,5;19;18,9;19,3;19,9;19,9;18,9;19,9;19,4;19,6;19,9;19,4;19,5;19,4;19,3;18,9;19,2;19,5;19,4;19,3;19,2;19,4;18,8;19,5;19,6;19,5;19,4;19,5;19,6;19,3;19,3;19,4;19,8;20;19,8;19,9;19,9;19,6;19,6;20,1;20,1;19,8;19,9;19,9;19,9;20;19,8;19,8;20,4;20,2;20;20;20;20,4;20,4;20;19,9;20,2;20,6;20,5;20,4;20,5;20,2;20,2;20,1;20;20;20,1;20,1;20,1;20,2;20,2;20,6;20,9;20,7;20,5;20,2;20,5;20,8;20,9;20,5;20,5;20,6;20,6;20,8;20,6;20,5;20,2;20,7;20,5;20,4;20,4;20,5;20,7;20,4;20,2;20,5;20,5;20,1;20,2;20,6;20,6;20,4;20,4;20,1;20,2;20,6;20,2;20,9;20,5;20,2;20,4;20,6;20,2;20;20,7;20,5;21,4;24,3;26,6;26,6;26,6;26,8;27,3;27,5;28,7;29,5;30,3;30,6;30,9;30,6;31,2;31,5;31,5;31,4;31,8;31,4;31,8;32;32,2;31,3;32,4;32,2;32,2;31,8;32;32;32,1;32;32;31,6;31,8;31,8;31,6;31,8;31,5;31,6;31,8;31,5;31,7;31,6;31,4;31,6;31,7;31,3;31,3;31,5;31,5;31,3;31,3;31,5;31,2;31;31,3;31,3;31,4;31,4;31,3;31,4;31,5;31,2;31,2;31,4;31,5;31,2;31,4;31,4;31,4;31,4;31,5;31,5;31,6;31,7;31,6;31,8;32;32;31,8;32;31,8;32,5;32;32,7;32,5;32,4;32,5;32,4;33;33,2;32,4;33;32,8;33,2;33,4;33,5;33,6;33,7;34;34,1;33,9;33,9;34,2;34,3;34,4;34,1;34,5;34,9;35,1;34,7;34,5;34,6;35;35,1;35,1;35,5;35,6;35,7;35,7;35,5;35,8;35,6;35,8;36;35,8;35,9;36,1;35,5;35,7;35,6;36;36,1;36,3;35,8;35,6;36,1;35,8;35,9;36;35,7;35,6;35,5;35,5;35,7;35,7;35,5;35,4;35,3;35,4;35,2;35,1;35;34,6;34,6;34,5;34,7;34,5;34,1;33,9;34,1;33,9;34,2;33,6;34;33,9;33,8;33,5;33,6;33,2;33,1;33,1;33;32,9;32,7;32,7;32,9;32,9;32,7;32,1;32,1;32,7;32,6;32;32,5;31,7;32;31,8;32,1;31,8;31,8;32,1;31,7;31,8;31,7;31,5;31,7;31,6;31,5;31,4;31,6;31,6;31,6;31,7;31,8;32,1;32;31,8;31,7;31,7;32;32;31,7;31,7;32;32;31,8;31,7;32,2;32,5;31,8;32,2;31,8;32,2;31,8;31,7;32,4;32,6;32,4;32,5;32,8;32,6;32,4;32,8;32,5;32,5;32,2;32,6;32,1;32;32,2;32,1;31,7;32;31,7;31,8;31,4;31,4;30,9;31,7;31,2;30,7;31,7;30,6;30,8;30,6;31;30,3;30;28,9;28;27,9;27,6;27,1;27,1;26,5;25;22,9;21,5;20,8;20,5;20,1;19,8;19,9;20;19,9;19,8;19,9;20,2;20,1;20;20,2;20,1;20,4;20,4;20,6;20;19,8;20,2;20,1;20,2;20,4;20,2;20,4;20,2;20,2;20,2;20,7;20,4;19,9;20,6;20,6;20,2;20,1;20;20,2;20,1;20,1;20,5;20,5;20;20;20,4;20,4;20,4;20,5;20,5;20,2;20,1;20,4;20;19,8;20;20,1;19,9;20;20,4;20,2;20,2;20,1;20,1;20;19,6;19,9;20,5;20,2;19,6;19,6;20,2;20,6;20,1;19,4;20,1;19,9;20;19,9;20,1;20,4;20,4;20,1;20,5;20,5;19,8;20;20,2;19,8;20,5;19,8;19,6;20,1;20,4;20;19,3;19,9;20,2;19,4;19,2;20,1;20,1;19,8;19,8;20,5;19,8;19,9;20,2;20;19,5;19,6;20;20;20;20,2;19,9;19,9;20;19,9;19,5;19,9;19,9;20,1;20,2;19,9;20,1;20,2;19,8;19,6;19,9;20;20;20,2;20;19,6;19,5;20,1;19,5;19,8;20,1;19,6;20,1;19,6;19,8;19,5;20,6;20;20,2;19,5;20,1;19,6;19,6;19,6;19,5;19,4;19,6;19,9;19,8;19,5;19,9;19,8;19,4;19,4;19,6;19,6;19,4;20;19,9;19,4;19,4;19,8;19,6;19,9;19,6;19,4;19,2;19,9;19,2;19,620,5;20,5;20,5;20,8;20;20,9;20,5;20,7;20,9;20,7;20,7;20,2;20,2;20,4;20,7;20,4;20,1;20,2;20,4;20,2;20,1;20,2;20;20,2;20,2;19,9;20;19,9;19,9;19,6;19,5;20;19,5;19,8;20,1;19,5;19;19,8;19,5;19,2;19,3;19,4;19,5;19,6;19,6;19,4;19,3;19,3;19,4;19,4;19;18,9;19,4;19,5;19,3;19,4;19,4;19,2;19,3;19,4;19,2;19,2;19,3;19;19,3;18,9;18,7;19,2;18,9;19,4;19,8;19,2;19,4;19,4;18,7;19,9;18,9;19,4;18,9;19,2;18,9;19,5;20;18,6;19,3;18,6;19,5;18,6;18,7;19,8;19;18,8;18,9;19,4;19,2;19,3;19,2;19;19;19,6;19,4;19,2;19;18,8;19,2;20;19,5;19,3;19;19,3;19,4;19,4;19,3;19,2;19,3;19,6;19,8;19,3;19,5;19,8;19,5;19,6;20,1;20,1;19,9;19,6;19,8;20,2;20,6;20,2;19,8;20,1;20,4;20,2;20,1;20,5;20,7;20,6;20,5;20,2;20;19,6;19,6;20,2;20,2;20,4;20,6;20,2;20,1;20;20,2;20,2;20;20,2;20,4;20,5;20,2;20,1;20,1;20,2;20,7;20,4;20,4;20,1;20,4;20,5;20,4;20,4;20,4;20,5;19,9;19,8;20,1;20,4;20;20,1;20,2;20,2;20,2;20,4;20,1;20,5;20,2;20;20,7;20,4;20,1;20;20,4;20,5;19,9;20,5;20,2;21,1;24,4;26,2;26,5;26,4;26,5;27,2;27,3;28,8;29,4;30,2;30,4;30,8;30,8;31,1;31,4;31,6;31,1;31,3;31,3;32,1;32,1;31,8;31,3;32,1;32;31,8;31,7;31,6;31,5;31,8;31,7;31,7;31,5;31,7;31,6;31,4;31,5;31,3;31,5;31,6;31,5;31,6;31,5;31,5;31,6;31,5;31,1;31,1;31,4;31,4;31,3;31,2;31,3;31,1;30,8;31;31,2;31,3;31,2;31;31,3;31,3;31;30,9;31,4;31,1;30,9;31,2;31,3;31,3;31,3;31,5;31,3;31,4;31,2;31,5;31,6;31,6;31,8;31,7;31,7;31,5;31,7;31,8;32,2;32,4;32,4;32,4;32,1;32,9;32,6;32,2;32,7;33;33,1;33,2;33,5;33,2;33,3;33,3;33,8;33,8;33,7;33,8;33,9;34,2;34,1;34,3;34,4;34,7;34,6;34,5;34,3;34,6;34,7;34,9;35,2;35,1;35,3;35,4;35,6;35,7;35,4;35,7;35,7;35,8;35,8;35,8;35,4;35,5;35,5;35,8;35,7;36;35,5;35;35,8;35,6;35,4;35,8;35,4;35,4;35,4;35,4;35,4;35,3;35,2;35,1;34,9;35,1;34,9;34,9;34,9;34,3;34,4;34,4;34,5;34,2;33,9;33,9;33,9;33,7;33,5;33,5;33,6;33,4;33,1;33,2;33,2;32,9;33,1;32,7;32,7;32,7;32,8;32,2;32,6;32,4;32,1;32,2;31,8;32,6;32,5;31,7;32,2;31,7;31,7;31,8;32,1;31,6;31,6;31,6;31,7;31,2;31,4;31,7;32;31,5;31,2;31,2;31,2;31,4;31,4;31,4;31,5;31,8;31,8;31,7;31,6;31,6;31,7;31,6;31,3;31,4;31,6;32;31,6;32;31,7;32,2;32;32,4;31,8;32,2;31,8;31,6;32,1;32,2;32,5;32,5;32,7;32,5;32,5;32,5;32;32,5;32,2;32,5;31,5;31,7;31,5;31,7;31,6;31,7;31,5;31,4;31,2;31,1;31;31,4;31,3;31,1;31,1;30,6;30,5;30,7;30,7;30;30;29,2;27,8;27,5;27,4;27,1;27,2;26,3;25;22,8;21,5;20,7;20,5;19,8;19,6;19,9;19,9;20,1;19,9;19,6;20,1;19,9;20;20,2;19,9;20;20,1;20,1;19,9;20;20;20,1;20,1;20;20,1;20,2;20;19,9;20,5;20,4;19,9;19,8;19,8;19,8;20,1;20,1;20,2;20,4;20,1;20,1;20,5;20,5;19,9;20;20,2;20;20;20,1;20,1;19,9;19,9;20;20,1;20;20,1;19,8;19,8;20,2;20;20;20,2;20,1;20,1;20,2;20;19,8;19,9;20;20;20;20,1;20;20;19,6;19,9;19,9;19,9;20,1;20,4;20,2;19,6;19,9;20,2;20,2;20,4;20,6;20,5;20,5;20,1;19,5;20,4;20,2;19,6;19,5;19,8;20;19,5;19,8;19,6;20,1;19,4;19,8;19,8;20,6;19,8;19,9;19,6;20,4;19,4;19,9;19,9;19,9;19,9;20,2;20,2;19,6;19,8;19,5;19,6;19,6;19,9;20,1;20,1;19,9;20;19,9;19,6;19,5;19,3;19,6;20;20,1;19,9;19,5;19,8;19,9;20;20;20,1;19,8;20,5;19,5;19,9;19,8;20;20,2;20;19,4;19,5;19,9;19,9;19,9;19,6;18,9;19,8;20;19,9;19,5;19,8;19,9;19,6;19,5;19,8;19,6;19,4;20,1;19,8;19,8;19,8;20,1;19,8;19,9;19,5;19,4;19,3;19,3;19,5;19,520,5;20,6;20,4;20,5;19,8;20,7;20,4;20,7;20,8;21,1;20,5;19,9;20,2;20;20,1;20,2;20;19,8;19,9;19,9;19,9;19,9;19,8;19,8;19,9;19,8;20,1;19,4;19,5;19,4;19,4;19,9;19,4;19,6;20;19,8;19,2;19,6;18,9;18,9;19,5;18,9;19;19,3;19,2;19,3;19,2;18,8;19;18,7;18,4;18,4;18,9;19;19;19;18,7;18,8;19;19,2;19,2;18,9;19;19;19;18,9;18,9;18,9;19,3;18,9;18,4;19,4;18,9;18,4;19,8;19,3;18,7;19;18,9;18,6;18,9;18,7;19,2;18,1;19,4;19,5;19;18,8;18,6;19;18,7;18,7;18,7;19;18,9;19,3;19;18,7;18,9;19;19,3;19,3;19;18,9;18,7;19,2;19,4;19;19,5;19,6;19,3;18,9;18,9;19;19,2;19,3;18,9;19;19,3;19,4;19,6;19,6;19,2;19,5;19,8;19,6;19,8;19,5;19,5;19,5;20;20;19,9;19,8;19,8;19,8;20;20,1;20;20;19,8;19,6;19,6;19,9;20;20;20,5;20,1;19,8;20;20,1;20,2;20,1;20;19,9;20;20,1;20,1;20,4;20,1;20,1;20,1;20,2;19,9;20,1;20,5;20,2;20,2;20,2;20,2;20,1;20,2;20,4;20,4;20,2;20,4;20,5;20;20;20,1;20;20,5;19,8;20,1;20,2;20,2;20,4;20,1;20,2;20,6;19,8;20,4;20,1;20,8;24,3;26,2;26,3;26,4;26,6;27,1;27,3;28,6;29,5;30,3;30,7;30,7;31;30,8;31,1;31,6;31,1;31;31,3;31,8;31,6;32;31,7;31,6;31,6;31,7;31,5;31,7;31,3;31,6;31,8;32;31,5;31,7;31,7;31,7;31,6;31,5;31,3;31,4;31,4;31,5;31,4;31,4;31,5;31,5;31,3;31,1;31,3;31,5;31;30,8;31;31,1;31;31;31,1;31;30,9;30,8;31,4;31,1;30,9;31,3;31,3;31,1;30,7;31,1;31,1;31,2;31,3;31,2;31,3;31,1;31,2;31,7;31,4;31,5;32,1;31,8;31,6;31,5;31,8;32;32,2;32,1;31,8;32,1;31,7;32,7;32,7;32,7;32,9;32,9;33,1;32,7;33;33;33,3;33,4;33,5;33,6;33,7;33,9;34;34,3;34,2;34;34,1;34,3;34,6;34,5;34,5;34,6;35;34,9;35,1;35;35;34,9;35,3;35,5;35,4;35,5;35,5;35,6;35,9;35,5;35,6;35,5;35,6;35,4;35,7;35,3;35,4;35,1;35,5;35,5;35,1;35,6;35,3;35,3;35,2;35,3;35,5;35,2;35;35,2;35;35,1;34,7;34,5;34,6;34,2;34,2;34,1;34,2;34,1;34,1;33,8;34,1;33,6;33,6;33,4;33,7;33,2;33,2;33,1;32,9;33,1;33;32,7;32,8;32,7;32,8;32;32,5;32,1;32,2;32,5;32,4;31,8;32,4;31,5;32;31,5;31,4;31,8;32;31,4;31,5;32;31,7;31,4;31,4;31,5;31,7;31,6;31,5;31,2;31,2;31,2;31,3;31,1;31,3;31,7;31,5;31,4;31,5;31,6;31,8;31,8;31,5;31,4;31,8;31,8;31,4;32;31,7;32,1;32;32;32,1;31,7;32,1;32,1;32,1;32,2;32,2;32,4;32,4;32,4;32,5;32,5;32,1;32,4;32,1;32;31,7;31,8;31,2;31,5;31,7;31,6;31,5;31,4;31,3;31,3;31,1;31,2;31,1;31,1;30,6;30,5;30,6;30,9;30,4;29,7;29,5;29,3;27,7;27,4;26,8;27,1;27,1;26;24,8;22,5;21,6;20,6;20,2;19,6;19,8;20,1;19,9;20,1;19,5;19,6;20;20;19,8;19,8;19,6;19,8;19,6;19,9;20,1;19,8;19,8;20,1;19,8;19,8;20;20;20;19,9;19,8;19,9;19,8;19,5;19,4;19,4;19,5;19,6;19,6;19,8;19,8;19,6;19,9;19,9;19,9;19,9;19,8;19,6;19,9;20;19,8;19,9;19,8;19,6;19,5;19,9;19,5;19,9;20,2;19,8;19,8;19,8;20;20,2;19,9;19,6;19,8;19,8;19,6;19,8;19,9;19,6;19,4;19,8;19,8;19,6;19,6;19,6;20;19,8;19,9;20,2;19,5;19,3;19,3;19,6;19,8;19,6;19,2;19,8;19,6;19,9;19,8;19,6;19,6;19,5;19,8;20,2;19,8;19,5;19,4;19,8;19,4;19,9;20;19,6;19,2;19,9;19,8;20;19,4;19,5;19,6;19,4;19,9;20;19,4;19,8;19,8;19,4;19,5;19,2;19,5;19,3;19,3;19,9;19,6;19,5;19,6;19,4;19,4;19,9;19,9;19,4;19,5;20;20;19,9;20,1;19,9;19,9;19,5;20;19,9;20;19,5;19,4;20;19,8;19,3;19,2;19,8;19,9;20;19,5;19,4;19,3;19,6;19,9;19,4;19,6;19,9;19,8;19,6;19,6;19,5;18,9;19,6;19,6;19,8;19,5;19,5;19,6;19,8;19,5;19,8;19,4;19;19,3;19,920,6;20,5;20,7;20,2;20,1;20,5;20;20,7;20,7;21,1;20,4;20;20,2;19,9;20,1;20,1;19,9;19,9;20,1;19,9;19,9;20,2;20;19,6;19,6;19,9;19,8;19,6;19,5;19,5;19,6;19,6;19,3;19,4;19,8;19,5;19,5;19,3;19,2;19,5;18,9;19;19,6;19,4;19;19;19;19,3;19,3;19;19;19,2;18,9;18,9;19,2;19;18,9;18,9;19,2;19,6;19,3;19;18,8;19,3;19,3;18,9;19;18,9;18,9;19;18,2;19,2;18;19;19,8;19,3;19;19,3;18,6;19,4;19,2;18,9;19,4;18,8;18,9;18,9;19;18,2;18,9;19;18,2;18,7;19,2;19,3;19,3;19,4;18,9;18,7;18,9;19,2;19,4;19,4;19,3;19,4;19,2;19,4;19,2;19;19,2;19;19;19,6;19,4;19;19,3;19,9;19,5;19,6;19,5;19,5;19,5;19,5;19,9;19,9;19,8;19,5;19,8;20,2;20,5;20,1;19,8;20;20,1;20,1;20;19,9;19,9;20;20,4;20,1;20;20,2;20,4;20,4;20,2;20,1;20,2;20,2;20,1;20,2;20,2;20,2;20,2;20,1;20,1;20,2;20,4;20;20,2;20,4;20,1;20,5;20,2;19,9;19,9;20,5;20,2;20,2;20,4;20,1;20;20,5;20,6;20,1;20;20;20,6;20,2;20,2;20,5;20,2;20,1;19,9;20,2;20,7;20,5;20,5;20,1;20,2;20,7;20,2;20,6;20,5;21,4;23,9;26,3;26,5;26,5;26,8;26,6;27,4;28,8;29,5;30,3;30,7;30,4;30,9;30,7;31,3;31,6;31,1;31,2;31,5;31,6;31,7;32;31,7;31,7;32,1;31,8;31,7;31,8;31,5;32,1;32;31,8;31,5;32;31,8;31,8;31,7;31,8;31,6;31,5;31,5;31,7;31,6;31,4;31,5;31,6;31,5;31,3;31,5;31,5;31;30,7;31;31,3;31,4;31;31,1;31,2;31,1;31;31,4;31,3;31,2;31,5;31,4;31,1;31;31,1;31,1;31,2;31,3;31;31,4;31,2;31,6;31,5;31,3;31,5;32,1;31,8;31,7;31,7;31,8;32;32;32,1;31,8;32,1;32,5;32,7;33;32,7;32,8;32,8;33;32,9;33,2;33,2;33,4;33,5;33,5;33,5;33,8;34;34;34,2;33,9;33,8;34;34,3;34,6;34,5;34,4;34,5;34,4;35;35,1;35;35;34,7;35;35,5;35,3;35,5;35,3;35,4;35,6;35,6;35,5;35,8;35,5;35,4;35,8;35,1;35,6;35;35,5;35,5;35,4;35,5;35,2;35,3;35,2;35,4;35,2;35,2;35;35,1;35;35;34,7;34,5;34,4;34,3;34,5;34,3;34;34,1;34;33,6;34,1;33,7;34,1;33,4;33,6;33,1;33,2;32,9;33,2;33,1;33,3;32,7;32,8;32,4;32,6;32;32,5;32,5;32,6;32,5;32,2;32;32,1;31,5;31,8;31,7;31,7;31,4;32;31,3;31,8;32;31,8;31,4;31,5;31,3;31,7;31,6;31,5;31,2;31,4;31,3;31,5;31,3;31,1;31,5;31,5;31,3;31,4;31,6;31,7;31,7;31,6;31,7;31,8;31,7;31,6;31,8;32;31,7;31,8;31,8;32;31,7;32,1;32;32;32,4;32,5;32;32,4;32,2;32,7;32,5;32,5;32,1;32,5;31,7;32,2;32,1;31,3;31,7;31,5;31,8;31,5;31,6;31,4;31,5;31,2;31,1;31;30,7;30,6;30,6;30,8;30,9;30,1;29,5;29,3;29,3;28;27,6;26,8;26,7;26,8;26,2;25;22,6;21,8;20,7;20,2;20,2;20,4;20,4;20,1;20,4;19,9;20;20,1;20,1;19,8;20;19,5;19,9;20;20;20;20;20,1;20,4;20;20;20,4;20,5;20,2;19,9;20;20,1;19,9;20;19,8;19,5;19,8;20;20;20;19,9;20,1;20,4;20;19,9;20,2;20,1;20,2;20,4;20,5;20,5;20,4;19,9;20,2;20,4;20,1;19,9;20;20;20,1;20,2;20,1;20,1;19,9;20;20,2;20;19,8;20;20;20,4;20,2;20,1;20,5;20;20;19,9;20;20,1;19,8;20,1;20,1;20;20,2;20,1;20;19,8;20,1;20;19,9;19,5;19,9;19,9;20,5;20;19,6;20,2;19,5;20,5;19;19,8;19,5;19,9;20,1;20;19,8;20,1;19,3;19,8;20;20;20,2;20;19,4;19,8;19,5;19,3;19,9;20,4;20,2;20;19,8;20,1;20,4;19,8;19,3;19,3;19,5;19,8;19,4;19;19,8;20,1;20;20,2;19,9;19,5;19,9;20,1;20;19,6;19,4;19,5;20,1;19,5;19,4;19,8;19,2;19,8;19,4;19,9;19,6;19,5;19,9;19,3;19,8;19,5;19,6;19,4;19,4;19,6;19,8;19,6;19,6;19,4;19,3;19,2;19,5;19,8;19,4;19,6;18,9;19,4;19,6;19,2;19,9;19,3;18,9;19,5;20,120,6;20,6;20,7;20,7;20,7;20,6;20,1;20,6;20,6;20,8;20,2;20;20,1;20,2;20,2;20,1;20,1;20,2;20,4;20;20;20,5;20,4;19,8;19,4;19,9;19,9;19,6;20,1;19,5;19,9;19,8;18,9;19,5;19,4;19,3;19,3;19,6;19,3;19,5;19,2;18,7;19,4;19;19,2;19,3;19,3;18,9;18,2;18,4;18,8;18,9;18,9;18,9;19,2;19,4;19,4;19,4;19;19,3;19,3;19;18,9;19,3;18,8;18,4;18,8;18,8;19;19,3;19,2;19,3;18,9;18,4;18,8;19,2;19,5;18,9;19,3;18,4;19,3;18,9;19;19,3;19,8;18,7;19,4;18,6;18,9;18,7;19,2;18,8;19;19,4;19,3;18,8;19;19;19,2;18,9;19,3;19,4;18,6;18,4;18,6;18,9;19,3;19,3;19,2;19,3;19,2;19,2;19,4;19,4;19,4;19,3;19,3;19,3;19,8;19,8;19,9;19,9;19,5;19,5;19,6;19,9;19,8;19,8;20,1;20,4;20;20,2;20,6;20,5;20,2;20;20,1;20,1;20,2;20,2;20,2;19,9;19,8;19,9;20,1;20,1;20,7;20,7;20,5;20,6;20,2;20,2;20,1;20,1;20,5;20,4;20,5;20,2;20,1;20;20;20,2;20,1;20,4;20,4;20,5;20,2;20,4;20,5;20;20;20,2;20,6;20,4;20;20;20,2;20,2;20,4;20,6;20,2;20,1;20,2;20,7;20,7;20,5;20,4;20,6;20,2;20,7;20,5;20,9;20,6;21,2;23,7;26,4;26,6;26,8;26,8;27,3;27,3;28,6;29,7;30,3;30,6;30,8;30,8;30,7;31,4;31,3;31,3;31,6;31,6;31,8;31,8;32,1;31,8;32,2;32,4;32;31,7;31,6;31,7;32,2;32,2;31,8;31,7;32,1;31,7;31,8;32;31,7;31,7;31,5;31,4;31,8;31,7;31,6;31,5;31,5;31,5;31,4;31,3;31,3;31,1;30,9;31,1;31,3;31,3;30,9;31,3;31,4;31,5;31,1;31,2;31,3;31,4;31,4;31,5;31,3;31,1;31,1;31,1;31,4;31,5;31,4;31,3;31,2;31,6;31,4;31,4;31,5;31,8;32,1;31,5;31,7;31,7;32;32;32,2;32,4;32,5;32,6;32,7;32,7;32,8;32,8;33;33,2;33;33,4;33,3;33,3;33,4;33,5;33,5;33,8;33,9;33,9;34,1;34,1;34,2;34,2;34,5;34,5;34,4;34,1;34,4;34,4;35,2;35,2;34,9;35,1;35,1;35,1;35,4;35,2;35,5;35,5;35,2;35,4;35,6;35,7;35,7;35,3;35,5;35,6;35,3;35,3;35,1;35,3;35,5;35,5;35,6;35,1;35,3;35;35,5;35,1;35;35,1;35;35;34,9;34,6;34,5;34,5;34,4;34,5;34,4;34,1;34;33,8;33,9;34,1;33,9;34,3;33,5;33,4;33;33,2;33,1;33,3;32,9;33,1;32,5;32,9;32,4;32,5;32,8;32,6;32,6;32,6;32,2;32;32,4;32,4;32;31,8;31,8;31,8;31,7;32,1;31,3;31,5;32;31,8;31,4;31,5;31,5;31,6;32;31,6;31,2;31,4;31,4;31,6;31,7;31,6;31,6;31,7;31,5;31,5;31,7;31,7;31,7;31,8;31,7;31,6;31,6;31,8;31,7;32,4;31,8;32,2;31,8;32,1;32;31,7;31,8;32;32,7;32,5;32,4;32,4;32,5;32,7;32,6;32,4;32,6;32,6;32;32;32,1;31,7;32;31,7;31,6;31,5;31,5;31,6;31,4;31,2;31,3;31,1;30,7;31;30,8;30,8;30,8;30,4;29,7;29,4;29,2;28,1;27,7;27,1;26,7;26,8;26,4;25;22,6;21,6;20,7;20,1;20,4;20,5;20,4;20,2;20,2;20;20,2;20,2;20,2;19,9;19,6;20;20,2;20,1;20,2;20,4;20,4;20,1;20,1;20,1;20;20;20,1;19,6;19,8;20,1;20,4;20,2;19,9;19,6;19,6;20;20,2;20,2;20,2;20,1;20,2;20;20;19,8;19,6;20,1;20,1;20,1;20,5;20;19,9;20;20;20,1;20,1;20;19,9;19,9;20;20,2;20,2;20,2;20,2;20;20,2;20,2;20,4;20,1;19,9;20,1;20,2;20,1;20,2;20;19,4;19,8;20,1;20,1;20;19,8;19,6;19,8;20;20,5;20,2;20;19,9;19,9;20;19,9;20,1;19,6;20;19,5;19,9;20,1;20,1;19,8;19,8;19,4;19,9;19,9;20,9;19,8;20,2;20,2;19,9;19,9;20;20,5;19,4;19,6;19,6;20,2;20,1;19,8;19,6;20,4;20,1;19,6;20;20,1;20,5;20,5;19,8;19,5;20,1;20,2;19,9;19,9;20,2;20,4;19,8;19,5;19,8;19,5;20;20,4;19,6;19,3;19,8;20;19,4;19,4;19,2;19,8;19,5;19,8;18,8;20,2;19,3;19,6;19,8;19,5;19,9;19,6;19,6;19,8;19,3;19,4;19,4;19,3;19,4;19,4;19,5;19,6;19,8;19,4;19,6;19,8;19,3;19,5;19,9;19;19,3;19,4;19,3;19,5;20,120,7;20,8;20,7;20,7;20,7;20,8;20,6;20,4;20,2;20,8;20,1;20,4;20,1;20,4;20,5;20,2;20,1;20,2;20,1;20,1;20,2;20,4;20,2;20;19,6;19,9;20,2;19,8;20;19,9;20,1;19,8;18,9;19,5;19,4;19,8;18,9;19,8;19,2;19,5;19,4;18,7;19,3;19,4;19,3;19,2;19;18,9;18,9;19;19,3;19,3;19,2;19,2;19,3;19,6;19,4;18,9;19,3;19,5;19;18,9;19;19,5;19,4;19,6;18,7;18,7;18,9;19,2;18,7;19,2;18,6;18,8;19,6;19,4;18,9;18,8;19,2;19;19,4;19,5;19,2;19;19,5;18,7;19,2;19,4;19;19,5;18,4;18,8;19,3;18,8;18,7;19,2;19,3;19,3;19,2;19,3;19;19,2;19,4;19,6;19,4;19,5;19,6;19,2;19,4;19,4;19,3;19,5;19,5;19,8;19,6;19,8;19,6;19,4;19,6;19,8;19,9;19,8;19,5;19,6;20;20,2;20,1;20,6;20,4;20,2;20,1;20,4;20,4;20,2;20,4;20,2;20,4;20,4;20,5;20,2;20;20,2;20,2;20;20,2;20,4;20,6;20,8;20,8;20,6;20,1;20,4;20,4;20,1;20,4;20,5;20,4;20,4;20,1;20,4;20,4;20,5;20,2;20,1;20,5;20,6;20,2;20,7;20,5;20,1;20,4;20,4;20,6;20,7;20,1;20,4;20,6;20,7;20,2;20,7;20,2;20,6;20,2;20,9;20,4;20,5;20,4;20,7;20;20,7;20,2;20,8;20,6;21,1;23,6;26,4;26,8;26,7;26,8;27,4;27,3;28,6;29,7;30,5;30,5;30,9;31,1;31;31,2;31,5;31,3;31,3;31,6;31,8;32,2;32;32,1;31,8;32,1;31,8;31,8;31,8;32;31,6;32;32,2;31,7;32;31,8;31,8;32,2;31,7;31,7;31,5;31,5;31,7;31,6;31,4;31,2;31,4;31,4;31,2;31,2;31,3;31,2;31;31;31,1;31,1;30,8;31,1;31,2;31,4;31,2;31;31,3;31,6;31;31,2;31,1;30,9;31,1;31,2;31,3;31,5;31,3;31,2;31,2;31,5;31,5;31,5;31,4;31,6;31,7;31,4;31,6;31,8;31,4;31,8;32;32,4;32,4;32,7;32,2;32,1;32,4;32,8;32,9;33;32,9;33,1;33,2;33,1;33,1;33,4;33,5;33,8;33,6;33,8;34,1;34;33,8;33,8;34,1;34;34,1;34;34,4;34,3;34,6;35;34,6;34,9;35;35,1;35,4;35,2;35,2;35,3;35,1;35,2;35,8;35,7;35,4;35,2;35,3;35,4;35,1;35,2;35,2;35,3;35,1;35,1;35,4;35;35;34,5;34,7;34,7;34,5;34,9;34,5;34,6;34,9;34,6;34,4;34,4;34,2;34,2;34,1;33,8;33,7;33,7;33,7;33,7;33,6;33,7;33,4;33,3;33,3;33;33,1;33;32,8;32,9;32,2;32,6;32,7;32,5;32,7;32,5;32,2;32,4;32,4;31,8;32,2;32,2;31,7;31,8;31,5;31,5;31,7;31,7;31,4;31,3;32;31,6;31,3;31,3;31,5;31,5;32;31,8;31,4;31,3;31,4;31,5;31,7;31,8;31,7;31,7;31,6;31,6;31,6;31,7;32;32;31,6;31,8;31,6;31,7;32;32,5;32,4;32,4;32;32,5;32,1;32,1;32,5;32,1;32,5;32;32,6;32,2;32,6;32,7;32,5;32,1;32,5;32,2;32;31,8;32,1;31,7;32,4;32,1;31,7;31,6;31,7;31,7;31,6;31,3;31,2;31,1;31;31;30,6;30,9;30,6;30,4;30,4;29,7;28,9;27,9;27,7;26,8;27,1;26,8;26,6;25;22,7;21,6;20,8;20,1;20,4;20,5;20,4;20,2;20,4;20,1;20,4;20,5;20,4;20;19,9;20,2;20,2;20,4;20,2;20,4;20,6;20,4;20,1;20,6;20,5;20,2;19,9;20,1;20,5;20,1;20,6;20,5;20,1;19,9;19,8;20;20,4;20,1;20,2;20,7;20,7;20,2;20,5;20,7;20,5;20;20;20,4;20,6;20,5;20,1;20,2;20,1;19,8;19,8;19,9;20,4;20,1;20;20,2;20,2;20,6;20,5;19,9;20,2;20,4;20,5;20,2;20,2;19,9;19,9;20,4;20,2;20,5;20,2;19,9;20;19,9;20,1;20,2;20,2;19,8;20,4;20,2;20,2;19,9;20,1;19,6;20;19,9;20,4;20,4;20,1;20;19,3;20;20,5;20,4;20;20,1;19,6;20,4;19,9;19,6;20,4;20;20,5;19,9;20,4;19,6;20,2;19,5;19,9;19,8;20,5;20,5;20,4;20,2;20;20;20,2;20,4;20,1;20,1;20,1;20;19,8;19,8;20,1;20,1;20,2;20,2;20,2;20,1;20;20;19,9;20;20;20;19,8;19,9;19,9;19,8;19,9;20,5;19,9;20,1;19;20,4;19,4;19,8;20;20;19,6;19,6;19,9;20,1;19,6;19,5;19,6;19,6;19,6;19,8;19,9;19,9;20,1;19,5;19,8;20,1;19,9;19,8;19,9;19,5;19,5;19,9;19,9;19,3;20,120,7;20,8;21,2;20,4;20,4;20,8;20,6;20,6;20,6;20,9;20,6;20,6;20,1;20,1;20,6;20,1;20,2;20,4;20,2;20,1;20;20,1;20,1;20,1;19,8;19,9;20;19,9;19,8;19,6;20,4;19,3;18,9;18,9;19,4;19,4;18,8;19,4;19,5;19,4;19,2;19,2;19,3;19;18,9;19;19,4;19;19;19;18,8;18,7;18,9;18,6;18,9;19,3;19;19,3;19,2;19;18,7;18,9;19;19;18,8;18,8;18,9;18,9;18,8;18,9;19,4;18,9;18,8;19,3;18,8;18,8;19,5;19,3;18,9;19,3;19,2;19,3;18,8;19;18,4;18,6;18,9;18,9;18,8;18,7;18,4;18,6;19;19,4;18,9;18,8;18,8;18,9;18,8;18,9;18,7;18,9;19;19;19,2;19,2;19;18,9;18,8;19;19,2;19,2;19,5;19,4;19,4;19,4;19,3;19,2;20;19,6;19,3;19,4;19,5;19,9;19,8;19,9;19,8;20;20,1;19,6;19,3;19,9;20,2;19,9;20;19,9;19,9;19,9;20;20,2;20,4;20,4;20,2;20;20,1;20,2;19,9;20,2;20,2;20,4;20,5;20,4;20,5;20,2;20;20,4;20,4;20,6;20,1;20,1;20,6;20,6;20,4;20;20,1;20,5;20,1;20,4;20,2;20,2;20,5;20,5;20,2;20,5;19,9;20,1;20,5;20,5;20,2;20,8;20,4;20,2;20;20,6;20,5;20,5;20;20,5;20;20,1;20,6;20,5;20,7;21,5;23,1;26,1;26,4;26,6;26,6;27,1;26,8;28,6;29,7;30,7;30,2;30,6;31;30,9;31,3;31,5;31;31;31,8;31,7;32,2;31,7;31,7;32;32,1;31,7;32,2;32;32;31,6;32;32,1;31,5;31,7;31,7;31,7;32,1;31,8;31,7;31,4;31,4;31,5;31,4;31,3;31,1;31,2;31,2;31,1;31,2;31,2;31;31;31,1;31,4;31,1;30,9;31,3;31,2;31;30,9;31;31,4;31,3;30,9;31,1;31,2;31,2;31,1;31,2;30,9;31,3;31;31,4;31,2;31,7;31,4;31,4;31,3;31,8;31,5;31,5;31,3;31,8;31,5;32,1;32;32,2;31,8;32,2;32,6;32,5;32,1;32,7;32,6;32,6;32,7;33,1;33,1;33,2;32,9;33,1;33,4;33,6;33,6;33,8;33,6;33,6;33,8;34;34;33,8;34,1;34,1;34,4;34,2;34,1;34,4;34,4;34,6;34,6;35,1;34,7;34,9;35;34,9;35;34,9;35,2;35,4;35,2;34,7;34,9;35,1;35;35,1;34,6;35,2;34,6;34,9;35,2;35,2;34,9;34,7;34,7;34,9;34,5;34,5;34,3;34,3;34,4;34,3;34,2;34,2;33,9;33,9;33,7;33,9;33,7;33,4;33,6;33,8;33,6;33,2;32,9;33;33,2;33,4;33,1;32,5;32,7;33;32,5;32,6;32,6;32,4;32,6;32,2;32,2;32,4;32,1;32;31,6;31,8;31,7;31,8;31,8;31,3;31,3;31,5;31,5;31,4;31,6;31,4;31,2;31,1;31,2;31,2;31,2;31,6;31,5;31,3;31,3;31,3;31,3;31,5;31,6;31,6;31,5;31,5;31,6;32;31,8;31,6;31,6;31,7;32;31,8;32;31,8;31,7;32;32,1;32,2;32,1;32;32,2;32,4;32,4;32;32;32,1;32,7;32,5;32,1;32,1;32,5;32,1;31,7;31,7;31,8;31,7;31,8;31,7;31,8;31,6;31,6;31,5;31,2;31,5;31;31,2;31,1;30,8;30,4;30,9;30,6;30,2;30,2;29,7;28,9;27,8;27,4;26,6;27,3;27,1;27,1;24,8;22,6;21,2;20,9;20,2;20,2;20,2;20,2;20;20;19,8;20,2;20,6;20,4;19,8;20;19,9;19,9;20,1;20,4;20,4;20,5;20;20;20,2;20,4;20,2;20;19,9;19,6;19,9;20,4;20,1;19,9;19,8;19,9;20;19,9;20;20,1;20;20,2;20,2;20,2;20;20,2;20,4;20,1;19,9;20;20,2;20;20;20,1;20;20,1;20,1;20,5;20,1;19,8;20,1;20,1;20,1;20;20;19,8;19,4;19,8;20,1;19,8;19,6;20;20;20,2;19,8;20;19,9;19,9;20,1;20,4;20,4;20,2;19,5;20;19,6;20;20,1;19,9;20;20;19,6;19,6;19,9;20,1;19,6;19,9;20,1;20,6;20,1;19,8;19,9;20;19,6;20;19,3;20,2;19,8;19,9;19,4;20,1;20,6;19,4;19,6;19,9;19,6;19,8;19,8;19,8;19,6;20,4;20,2;19,9;20,1;20,5;20,4;20;20,1;20,1;20;19,8;19,4;19,6;19,8;20;20,1;19,8;19,9;19,9;20,1;20,1;19,9;19,9;19,6;19,9;19,6;19,9;20,5;20;19,6;19,3;20,2;19,9;19,5;20;20;19,9;19,9;19,6;20;19,9;19,8;19,8;19,6;19,8;20;20,1;20,1;19,9;19,9;19,5;20,2;19,5;19,5;19,6;19,8;19,8;19,8;19,6;19,3;19,920,7;20,6;20,9;20,1;20,1;20,5;19,9;20,5;20,6;20,6;20,8;19,9;20,2;20,1;20,6;20,1;20,1;20,1;20,2;20,1;19,8;19,8;19,9;20;19,5;19,6;19,8;19,8;19,6;19,4;19,6;19,4;18,8;18,7;19,3;18,9;18,7;19,6;19,2;19,2;19;18,8;19,3;19,3;19;18,8;19;18,8;18,9;18,9;18,7;18,8;19,2;19;19;19,2;18,9;18,9;18,6;18,4;18,7;19;19,2;18,8;18,9;18,8;18,2;19,2;19,2;19,2;18,7;19,3;18,7;18,4;18,7;18,9;18,8;18,6;19;18,7;18,8;19;18,9;18,4;18,9;18,7;19,2;18,7;18,7;18,9;17,8;18,2;19;19,2;18,9;18,8;18,7;18,2;18,7;18,8;18,9;19;18,4;19;19,3;19,2;18,7;18,8;19,2;19;19;19;18,7;18,8;18,9;19;19;19,2;19,6;19,5;19,6;19,5;19,6;19,8;20;19,4;19,6;20;19,6;19,6;20;20,4;20,2;20,2;20,2;20,2;19,8;20;20,1;20,6;20,5;20;19,9;19,9;20;20,2;20,5;20,5;20,1;19,9;20,1;20,6;20,4;20,5;20,1;19,9;20;20,4;20,6;20,4;20,7;20,6;20,1;20;20,4;20,4;20,1;20,2;20,2;20,5;20,5;20,5;20,4;20,1;20,1;20,2;20,5;20,7;20,2;20,2;20,5;20,1;20,2;20,6;20,4;20;19,9;20,4;20;19,6;20,7;20,1;20,7;21,1;23,5;25,6;26,3;26,6;26,7;27,2;27,2;28,5;30,1;30,4;30,1;30,7;30,4;30,7;31,3;31,1;31;31,2;31,8;31,7;32;31,7;31,4;31,8;32,1;31,4;32,1;31,7;31,8;31,6;31,8;31,7;31,4;31,8;32;31,8;31,6;31,7;31,6;31,7;31,6;31,5;31,4;31,4;31,2;31,1;31,2;31,1;31;31;30,9;31,1;31,2;31,2;31;30,9;31,3;31,2;31;30,9;30,9;31,4;31,3;31;31;31,1;31,3;30,9;31;30,9;31,1;30,7;31,4;31,3;31,6;31,4;31,3;31,2;32;31,6;31,4;31,6;31,6;31,6;31,8;31,8;31,8;31,8;32,1;32,6;32,5;32;32,5;32,6;32,7;32,9;32,8;32,8;32,7;33;33;33,1;33,4;33,4;33,3;33,4;33,4;33,5;33,8;33,9;33,8;34;33,7;33,9;34;34,2;34,5;34,3;34,3;34,3;34,7;34,9;34,4;34,5;34,7;34,6;34,5;34,7;35;35;34,9;35;34,5;34,7;34,7;34,3;34,6;34,3;34,7;35;34,6;34,5;34,6;34,5;34,5;34,5;34;34;34;34,2;34,2;34,1;34,1;34;33,9;33,8;33,8;33,5;33,4;33,5;33,6;33,3;33;33;33;33,2;32,9;32,9;32,5;32,8;33,3;32,6;32,7;32,2;32,2;32,2;32,4;32,4;32,4;31,7;31,8;31,4;31,7;31,5;31,7;31,7;31,3;31,3;31,3;31,3;31,6;31,6;31,3;31,2;31,1;31,3;31,2;31;31,3;31,2;31,3;31,2;31,1;31,1;31,3;31,5;31,4;31,3;31,4;31,7;31,8;31,7;31,6;31,6;31,5;31,8;31,4;31,6;31,6;31,5;31,8;32,1;32;32;31,6;31,7;32,6;32,6;32,1;32,1;32,2;32,6;32,5;31,8;32,1;32,4;31,8;32;32,1;31,6;31,7;31,7;31,6;31,7;31,5;31,6;31,4;31;31,3;31,2;31,2;31,2;30,7;30,6;30,8;30,5;30,3;29,9;29,7;28,9;27,7;27,3;27,2;27,2;27,2;26,7;24,8;23;21,1;20,8;20,1;20,1;20,2;20,2;19,9;20,2;20,2;20,4;20,5;20,5;19,9;20,1;20;20,1;20;20,2;20,4;20,2;20;20;20,1;20;20,1;20,2;19,6;19,9;20,2;20,1;19,8;19,6;19,8;20,4;20,5;20,2;20,5;20,4;19,9;20;20,4;20,1;20,1;20,2;20;20;20,2;20,7;20,4;20,2;20,2;20,1;19,8;19,9;19,9;19,9;19,9;20,2;20,2;20;20,1;20,2;20,1;20;19,8;20;20,1;19,5;19,9;20,1;19,9;20;20,2;19,6;19,6;19,9;20,4;19,9;20,1;20,1;19,4;20,2;20,5;20,5;19,8;19,8;19,4;20,1;19,4;20,5;20;20,2;19,8;19,9;19,4;20,7;20;19,8;19,5;20,2;19,9;20,5;20;19,9;19,6;20,2;19,3;19,9;19,9;19,9;19,9;19,9;19,5;20,2;19,9;19,9;19,8;19,6;19,5;19,6;19,9;19,8;19,9;20;19,6;19,6;19,8;19,6;19,8;20,1;20;19,6;19,9;20;19,6;19,5;19,9;20;20,1;19,6;20,1;19,6;19,3;19,5;19,4;19,5;19,5;19,6;19,9;19,9;19,4;19,5;19,6;19,5;19,5;19,5;19,6;19,8;19,8;19,8;19,6;19,8;19,9;19,9;19,9;19,9;19,9;19,3;19,8;19,2;20;19,6;19,8;19,8;19,3;19,5;19,2;19,320,5;20,2;20,2;20,1;20;20,2;20;20,4;20,2;20,2;20,7;20;20,4;20;20,6;20,2;19,8;19,9;20,1;20;19,6;19,5;19,8;19,9;19,5;19,2;19,5;19,6;19,9;19,5;19,4;19,4;19;18,8;18,9;18,2;18,1;19,4;19,3;19,3;19,2;18,9;19,3;19,3;19;18,9;19,3;18,7;18,6;18,2;18,6;18,8;18,8;18,7;18,8;18,9;18,7;18,9;18,9;18,7;18,2;18,2;18,8;18,9;18,8;18,9;19;18,7;18,9;18,2;18,8;18,9;19;18,9;18,4;19,2;19,2;19;18,7;18,1;18,9;18,2;18,9;19,2;18,4;18,6;18,2;18,7;18,9;18,6;18,7;18,8;18,8;18,9;18,8;18,7;19;18,8;18,4;18,8;18,9;18,7;18,2;18,9;19;18,9;18,9;18,8;18,8;18,6;18,7;19,4;19,5;19,3;19;19,2;19,3;18,9;19,3;19,6;19,6;19,8;19,5;19,2;19,6;19,8;19,9;20;20,1;20;19,6;19,6;19,6;19,6;19,8;20,1;20,2;20,1;19,9;20,1;20,1;20,2;20,2;20,5;20,5;20,4;20,2;20;20,2;20,1;20,2;20,5;20,2;20;20,1;20,1;20,2;20,4;20,2;20,2;20,4;20,4;20,2;20,1;20,5;20,1;20,2;20,2;20,5;20,2;20,4;20;20,4;20,4;20,2;20,4;20,4;20,6;20,1;20,4;20,5;20,1;20,1;20,5;20,4;20;20;20,4;20,1;20;20,5;20,2;20,5;20,6;23,9;26;26,5;26,5;26,7;26,7;27,2;28,2;29,7;30,3;30,2;30,5;30,4;30,6;31,3;31,3;31,2;31,4;31,4;32;31,6;31,8;31,4;31,6;32;31,3;31,8;31,6;31,6;31,7;31,7;31,8;31,4;31,6;31,5;31,7;31,7;31,5;31,5;31,6;31,5;31,4;31,4;31,2;31,3;31,4;31,4;31,1;31;31;30,9;31,3;31,2;31,1;30,9;30,9;31,2;31,2;31,1;30,8;30,6;30,9;31,2;30,9;30,9;30,8;30,9;30,7;31,2;31,1;31;30,7;31,2;31,3;31,4;31,8;31,4;31,2;31,6;31,6;31,4;31,7;31,6;31,4;31,4;32,2;32,1;31,7;32,5;32,4;32,4;32,4;32,4;32,6;32,5;32,8;32,9;32,7;32,8;32,9;33,1;33,2;33,4;33,3;33,4;33,6;33,5;33,7;33,8;33,9;33,9;33,8;33,9;33,8;34;34,2;34,5;34,2;34;34,3;34,7;34,6;34,6;34,5;34,5;34,6;34,2;34,5;34,7;34,7;34,5;34,5;34,9;34,6;34,3;34,3;35;34,3;34,7;34,6;34,4;34,2;34,4;34,5;34,1;34,3;34,3;34;33,9;33,9;34,2;34,1;33,8;33,7;33,6;33,5;33,5;33,6;33,4;33,4;33,3;33;32,8;32,9;33;33,3;32,7;32,9;32,7;32,8;32,7;32,2;32,6;32,4;32,2;32;32,6;31,8;32,2;31,6;31,4;31,5;32,1;31,3;31,5;31,2;31,4;31,2;31,5;30,8;31,5;31,1;31,1;31,3;30,8;31,1;31,3;31,2;31,4;31,2;31,2;31,1;31,1;31,2;31,4;31,5;31,4;31,1;31,2;31,6;31,6;31,5;31,3;31,3;31,4;31,3;31,2;31,6;31,5;31,8;31,6;32,1;31,6;31,8;31,8;31,8;32,4;32,6;31,8;32,4;32,1;32,2;32,5;32,1;32;32,5;31,7;31,8;32;31,3;32,2;31,7;31,7;31,5;31,5;31,5;31,1;31,2;31,3;31,2;31,2;31,2;30,7;30,3;30,9;30,6;30,4;30,1;29,9;28,7;28;27,3;27,3;26,7;27,2;26,5;25;23;21,5;20,7;20,1;20,2;20,4;20,4;20,2;20,4;20;20;20,1;20,4;20,1;19,9;20;20,2;20,1;20,5;20,5;20,4;20,1;20,2;20,1;20,1;20,5;20,6;20;20,4;20,2;20,5;20,2;20;19,8;19,8;19,9;19,9;20,1;20,2;20;20,1;20;20;20,2;20,4;20,4;20,1;19,9;20,2;20;20;19,9;19,6;19,9;20,2;20,4;20,2;19,6;19,4;19,9;20,4;20;19,9;19,4;20;20,2;20,1;20;20,1;20,1;19,9;19,5;19,8;20;19,9;19,9;19,6;20;20;19,8;19,9;19,8;20,1;20;20,1;20;19,9;20,1;19,9;20,1;19,2;20;19,6;19,8;19,9;19,8;20,5;20,5;20,6;19,9;20,6;19,2;20,2;19,6;20;19,9;19,6;20,2;19,4;19,4;20,1;19,8;19,6;20,2;20,2;19,9;19,6;19,9;19,8;19,6;20,1;20,4;19,6;19,6;20,1;19,8;19,9;20,2;20;19,9;19,9;19,9;19,6;20;20,2;20,1;19,9;20,1;19,8;20,4;19,8;19,8;20,1;19;19,4;19,2;19,6;19,9;19,6;19,9;19,6;19,3;19,4;19,8;19,2;19,3;19,6;19,5;19,5;19,8;19,8;19,6;19,5;19,4;19,4;19,5;19,8;19,8;19,4;19,6;19,6;20,2;19,3;19,6;19,6;19,4;19,9;19,4;19,420,4;20,2;20,5;20,1;20,2;20,5;20,5;20,1;20,5;20,5;20,8;20,7;20,1;20;20;20,2;19,9;19,8;20,1;19,9;19,5;19,5;19,8;19,9;19,9;19,6;19,5;19,6;19,9;19,4;19;19,3;18,8;19,3;18,6;18,2;18,7;18,9;19,3;19;18,8;18,8;18,8;18,9;18,9;19,2;18,7;18,4;18,9;19;18,8;18,9;19;18,9;18,8;18,8;18,6;18;18,2;18,9;18,7;19;18,8;18,6;18,6;18,4;18,4;17,8;18,4;18,6;18,2;18,2;18,7;18,8;18,9;18,4;19,2;18,1;18,4;18;19;18,9;18,6;18,6;18;18,4;18,6;18,4;18,8;17,7;18,8;18,7;18,7;18,8;18,8;18,8;18,9;18,7;18,6;18,9;18,6;18,7;18,7;18,7;18,8;18,4;18,7;18,8;18,9;18,9;18,9;19,2;19;19;19;19;19,4;19,4;19,4;19,3;19,4;19,5;19,4;19,3;19,5;19,6;19,5;19,6;19,9;19,9;19,5;19,5;20,1;19,9;19,9;20,1;20,1;20;20;19,9;19,8;19,6;19,9;20;20;19,8;19,9;20;20;19,8;20,1;20,2;20;20;20,4;20,4;20,1;20;20,1;20,4;20,5;20,2;20,2;20;20,5;20,2;20,2;19,8;20;20;20,2;20;20,1;20,2;19,9;20,1;20,1;20,2;19,9;20,4;20,4;20,1;19,9;20,5;20;20,2;20,2;20,5;19,9;20,2;20,1;20,6;20,4;20,6;23,6;26,3;26,4;26,5;26,7;26,5;26,8;28,4;29,4;30,1;30,2;30,4;30,4;30,5;31,2;31,3;31;31,4;31,4;31,8;31,6;31,7;31,4;31,8;31,7;31,3;31,3;31,4;31,4;31,7;31,6;31,7;31,3;31,5;31,2;31,4;31,7;31,5;31,5;31,5;31,3;31,2;31,1;31;31,2;31,3;31,2;31;30,9;30,9;30,8;31,1;31,2;31,1;30,9;30,7;31,1;31;31;30,9;30,6;30,6;31;31,2;30,8;30,6;30,9;30,7;31,2;30,9;30,8;30,8;31,1;31,2;31,2;31,2;31,3;31,1;31,7;31,4;31,3;31,5;31,7;31,2;31,3;31,8;31,7;31,5;32;32;32,1;32;32,1;32,1;32,2;32,4;32,7;32,5;32,7;32,8;33;33;33,1;33,2;33,3;33,4;33,6;33,4;33,2;33,3;33,8;33,8;33,7;33,7;33,8;34,2;34,4;34;34;33,7;34,3;34,3;34,2;34,4;34,4;34,4;34,4;34,4;34,7;34,4;34,5;34,5;34,6;34,5;34,1;34,3;34,9;34,4;34,6;34,4;34,3;34,3;34,2;34,3;34,1;33,9;34;33,8;33,8;33,9;33,9;33,6;34;33,8;33,5;33,6;33,6;33,4;33,3;33,1;33,1;33;32,9;32,8;32,9;32,8;33;32,8;32;32,7;32,4;31,8;32,4;32,1;32;31,7;31,8;31,5;31,7;31,6;31,4;31,2;32,1;31,3;31,2;31,2;31,4;31,4;31,4;31,1;31,3;31,1;31,1;31,2;30,8;30,9;31;30,9;31,2;31;30,9;30,9;31,1;31,1;31,2;31,3;31,2;31;31;31,4;31,3;31,2;30,9;31,2;31,6;31,3;31,2;31,5;31,5;31,7;31,7;32,1;31,6;32,1;31,8;31,7;32,1;32,6;31,5;32,2;32,2;32;32,1;32;31,8;32,6;31,7;31,8;31,5;31,3;32,2;31,7;31,6;30,9;31,7;31,3;30,8;31,2;31,1;30,9;30,9;30,7;30,5;30,4;31;30,6;30,2;30,1;29,4;28,7;27,9;27,7;26,8;26,7;26,6;26,4;24,6;22,6;21,4;20,2;20,2;20,1;19,9;19,9;19,8;19,9;19,9;19,8;20;20,2;19,9;20;20,2;20,5;20;20,1;20,2;20,2;20;20,2;19,9;19,8;20,2;20,2;19,9;20,2;19,9;20;20,1;19,9;19,8;19,9;20;19,6;19,9;20,1;19,8;19,8;20,1;20,1;19,9;20;19,9;19,4;19,9;20,4;20,2;20;19,8;19,5;19,6;19,8;20;20;19,9;19,6;20;20,1;20;20,1;20,4;20,6;20,2;19,8;20;20;19,8;19,8;19,9;20,1;20;19,4;20,4;20,4;20;19,5;19,8;20,2;19,5;19,8;19,8;19,9;20,2;19,9;20,1;20,4;19,6;19,6;19,6;19,6;20,1;19,3;19,6;20,1;19,8;19,9;19,3;20,1;20,1;20,1;19,8;20,5;19,8;19,5;19,8;20;20,5;21,1;20,1;19,8;19,8;19,9;19,6;19,9;19,5;19,9;19,8;19,8;19,8;19,6;20;20,2;19,8;19,8;20,4;20,1;19,6;19,5;19,8;19,8;20,1;20;20,1;20;19,9;19,6;20,4;20,1;20;19,9;19,8;19,4;19,5;19,8;20;19,6;19,9;19,8;19,6;19,8;19,8;19,3;19,4;19,6;19,8;19,8;20,1;20,1;19,6;19,5;19,4;19,2;19,6;19,6;19,5;19,9;19,6;20;19,9;19,2;19,4;19,2;19,8;19,9;19,4;19,420,5;20,6;20,6;20,2;20,6;20,6;20,4;20,1;20,4;20,6;20,7;20,7;20,2;20,1;19,8;19,9;19,9;20;20;19,6;19,4;19,4;19,5;19,8;19,8;19,5;19,6;19,4;19,9;19;18,6;19;19;19,3;18,8;18,6;18,9;18,9;19;19,2;18,6;18,7;18,2;18,7;18,8;18,7;18,4;18,2;18,7;18,2;18;18;17,8;18,1;18,8;18,9;18,6;18,4;18,1;18,2;18,4;18,7;18,2;18,1;18,4;18,4;18,1;17,8;17,8;18,7;18,6;18,2;18,6;18;18,9;19;18,8;18,8;18,2;18,1;18,4;18,1;18,6;18,1;18,8;19;17,8;18,1;18,6;18,2;18,6;18,2;19;18,8;18,8;18,8;18,6;18,9;18,6;18,4;18,6;18,6;18,6;18,7;18,4;18,4;18,8;19;19,2;18,9;18,7;18,9;19;19,2;19;18,8;18,9;18,8;19,4;18,9;18,9;19,4;19,4;19,3;19,5;19,2;19,3;19,6;19,4;19,8;19,8;20;20;19,6;19,8;19,8;20;19,9;19,5;19,6;19,8;19,6;19,5;20;20,2;20,2;20,2;20,1;20,2;20;20;20,2;20;20;20,2;20,2;20;19,8;19,9;20,1;20,4;20,2;20,1;20;20,4;20,4;20,5;20,1;20,4;20,4;20,1;20,2;20,4;20,4;19,9;20,4;20,1;20,4;20,2;20,1;20,2;20,4;20,1;20,4;20,4;20,4;20,2;20,5;20;20,5;20,4;20,4;20,8;20,6;23,6;26,2;26,4;26,8;26,6;27,1;27,5;28,6;30;30,3;30,6;30,9;30,6;30,8;31,1;31,5;31;31,3;31,4;31,8;31,7;31,6;31,3;32,2;32;31,7;31,7;31,4;31,8;31,6;31,8;31,6;31,5;32;31,3;31,4;31,6;31,5;31,6;31,5;31,5;31,4;31;31,3;31,4;31,3;31,2;31,3;31,3;31,1;31,3;31;31,3;31;31;31;31,5;31,4;31,1;31;30,9;30,8;31,1;31,6;30,9;31,3;31,2;31;31;30,9;30,8;30,9;31,3;31,2;31,5;31,3;31,1;31,2;31,4;31,7;31,8;31,4;31,6;31,1;31,4;31,3;32;31,6;31,6;32;32,2;32,1;32,4;32,4;32,5;32,6;32,8;32,7;32,9;33;33,2;33,3;33,6;33,6;33,3;33,5;33,6;33,5;33,7;33,7;34;33,9;33,7;33,7;33,9;34,4;34,2;34,1;33,9;33,9;33,9;34,4;34,3;34,6;34,5;34,6;34,5;34,6;34,5;34,4;34,6;34,4;34,5;34,4;34,6;34,2;34,6;34,6;34,7;34,9;34,5;34,6;34,1;34,2;34,2;34,1;34,1;34;33,9;34;33,9;33,7;34;33,8;33,6;33,5;33,6;33,4;33,3;33,3;33,4;33,3;33;33,2;33;32,8;32,9;32,7;32,4;32,4;32,5;32,4;32,8;32,2;32,1;31,8;31,8;32;31,7;31,6;31,7;31,5;32,1;31,5;31,3;31,8;31,3;31,6;31,4;31,4;31,6;31,2;31,1;31;30,8;31,1;31,2;31,1;31,3;31,2;31;31,1;31,3;31,3;31,4;31,4;31,5;31,3;31,4;31,5;31,4;31,5;31,3;31,7;31,7;31,7;31,4;31,7;31,8;31,6;31,8;32;31,7;32,1;32;31,8;31,8;32,6;31,7;32;32,2;32,2;32,5;32,2;31,8;32,2;32;32;31,5;31,6;32;32;31,5;31,2;31,7;31,3;31;31,1;31,1;30,5;30,7;30,9;30,4;30,9;31;30,7;30,1;30,2;29,9;28,9;27,9;27,8;27,1;26,7;26,7;26,3;24,3;22,7;20,8;20,2;20,2;20;19,8;19,9;20,1;20,2;20,1;20;20,1;20;19,8;19,6;20,2;20,1;20,2;20,4;19,9;19,9;20;20;19,8;19,9;20,2;19,9;19,6;20;20;20,1;20,1;20;19,9;19,8;19,9;19,9;19,9;20;19,8;19,9;19,8;19,9;19,8;19,5;19,9;19,9;19,8;20,1;20,1;20,1;19,6;19,9;20,1;20;19,9;20,1;19,9;19,6;19,5;19,8;20,1;20;19,8;19,8;20;20,4;20,5;19,6;19,9;20,1;19,9;20,6;20,2;19,2;19,5;20,4;20,1;19,9;20,1;20;19,4;19,9;19,8;20,2;20;20,2;19,6;19,4;19,8;19,9;20;19,4;19,9;19,6;19,6;19,5;19,2;19,6;19,5;20,4;19,8;20,5;19,9;19,3;19,5;20,1;19,6;19,4;19,5;19,6;19,9;20,5;20;19,5;19,4;19,9;19,6;19,5;19,4;19,6;19,8;19,5;19,6;19,6;19,5;19,9;20;19,6;19,9;20,1;20;19,8;20,1;19,6;19,5;19,9;19,8;19,6;20;20,1;20;19,8;20;19,4;20,1;20,1;19,9;19,8;19,6;19,6;19,8;19,3;19,9;19,5;19,6;19,8;19,8;19,8;20,1;20,1;19,5;19,5;19,6;19,2;19,4;19,9;19,3;19,8;19,3;20,2;19,9;19,6;19,2;19,3;19,5;19,8;19,2;19,220,6;20,7;20,7;20,7;20,2;20,5;20,4;20,2;20,5;20,6;20,1;20,5;20,2;20,1;20;19,9;20,4;20,4;20,2;19,8;19,5;19,8;19,8;19,9;19,6;19,2;19,8;19,6;20,1;19,4;18,9;19,3;18,9;19,3;19,2;19;19;19;19;19;18,7;18,8;18,8;18,8;18,7;18,7;18,7;18,8;18,6;18,2;18,8;18,9;18,7;18,6;18,8;18,8;18,6;18,4;18,1;18,4;18,8;18,9;18,4;18,7;19,2;18,9;18,8;19;18,7;18,7;19,4;18,9;18,8;18,1;19;18,8;18,8;18,4;19,2;18,6;18,9;18,4;18,8;18,7;18,4;18,6;18,2;18,8;18,8;19,3;19;18,2;19,2;19,2;18,1;18,8;19,2;19,2;19,2;19,2;19;18,6;18,1;19;19,2;19,2;18,9;18,6;19;19;19,3;19;19,3;19,2;19,3;19,2;19,5;19,5;19,8;19,8;19,5;19,4;19,3;19,3;19,3;19,6;19,6;19,9;19,8;20;19,9;19,8;20;20,1;20,1;20,2;20,4;20,4;20,5;20,4;20,1;20,1;20,1;20,5;20,6;20,7;20,7;20,5;20,4;20,5;20,4;20,6;20,2;20,1;20,2;20,5;20,5;20,1;20,1;20,2;20,7;20,4;20,2;20,2;20,2;20,4;20,6;20,6;20,6;20,7;20,4;20,7;20,4;20,4;20,2;20,4;20,2;20,4;20,2;20;20,4;20,5;20,1;20,5;20,8;20,4;20,2;20,5;20,1;20,5;20,8;20,5;20,9;20,9;23,7;26,2;26,6;26,7;27,1;27,1;27,2;28,4;29,9;30,4;30,9;30,9;30,6;30,8;31,1;31,8;31,2;31,5;31,5;32,2;31,8;31,7;31,4;32,2;32,4;32;32,4;31,7;31,7;31,7;32;31,6;31,6;32,1;31,5;31,6;31,6;31,6;31,7;31,5;31,4;31,7;31,4;31,6;31,6;31,4;31,3;31,5;31,4;31;31,2;30,9;31,1;31,1;31,3;31,3;31,3;31,3;31,2;31;31,1;30,8;31;31;31;31,4;31;31;30,8;31,4;31,1;30,6;31,4;30,9;31,4;31,4;31;31,2;31,7;31,4;31,6;31,4;31,2;31,1;31,6;31,6;31,8;31,8;31,7;32;32,1;32,2;32,6;32,2;32,7;32,7;32,7;32,8;32,9;32,7;33,1;33,1;32,9;33,2;33,3;33,3;33,3;33,3;33,5;33,7;33,6;33,5;33,6;33,7;33,8;34,1;34,1;33,9;34;34;34,4;34,3;34;34,3;34,4;34,4;34,3;34,4;34,5;34,4;34,3;34,3;34,1;34,2;34,7;34;34,4;34,4;34,4;34,6;34,3;34,4;34;34,2;34,2;34;33,9;33,9;33,9;34,1;34,1;34;33,7;33,3;33,6;33,5;33,6;33,5;33,3;33,3;33,2;33,1;32,9;32,9;32,9;33,2;32,6;32,7;32,8;32,5;32,1;32,1;32,7;32,4;31,7;32,2;32,4;31,8;32;31,8;31,7;32;32,2;31,5;31,8;31,8;31,3;31,4;31,4;31,4;31,5;31,3;30,9;30,8;30,8;31,1;31,2;31,2;31,2;31,3;31,2;31,1;31,1;31,1;31,3;31,6;31,5;31,2;31,4;31,4;31,5;31,5;31,6;31,7;31,6;31,8;31,7;31,7;31,8;32;32,2;32;31,4;32,1;31,8;32,2;32,4;32,2;32,1;32;32,2;32,2;32,5;32,2;32,1;32,2;32,2;32,1;31,6;31,6;31,7;32;31,5;32,1;31,6;31,3;31,3;31,2;31,1;30,6;31;31;30,7;30,8;31;30,8;30,5;30,1;30,2;28,9;28,1;27,4;27,3;27,3;27,2;26,4;24,4;22,8;20,7;20,4;20,2;20,2;20,5;20,2;20,2;20,2;20,4;20,4;20,5;20,2;20,1;20;20,2;20;20,5;20,2;20,1;20,5;20,5;20,2;20;20;20,2;20;20;20,1;20,5;20,6;20,4;20,4;20,1;20,1;20,1;20,1;20,2;20,5;20,4;20,5;20,1;20,1;20;19,9;20,4;20,7;20,1;20;20,1;20;20,4;20,7;20,6;20,5;20;20;19,8;20;20,4;20,4;20,4;20,1;20,2;19,9;19,8;20,2;20,1;20,4;20,1;20,2;20,5;20,7;20,2;19,5;19,6;19,8;20;19,8;20,2;20,1;20,1;20,5;20,1;20,1;20,2;20,8;20;20,6;19,8;20;20;20;19,9;20,5;19,5;20,4;19,8;20,5;19,8;20,6;20,1;20,2;20,1;20,1;20,1;20,5;20,4;20,1;20,5;19,9;20;20;20;20,2;19,8;20,5;20,2;20;20;19,8;20;20,1;20,4;20,4;20,2;20;20;20,2;20,2;19,9;19,9;19,9;20,1;20,2;20,2;20,5;20,6;20;19,9;19,8;20,2;20,6;19,8;19,9;20,2;20,1;20,1;19,6;20;20,1;20,2;19,3;19,9;19,6;19,9;19,9;19,9;19,8;19,8;19,9;19,5;19,5;20;19,5;19,4;19,6;19,6;20,2;19,8;19,9;20;20;19;19,9;19;19,4;19,2;19,820,6;20,6;20,6;20,9;20,4;20,5;20,2;20,4;20,4;20,4;20;20,4;20,2;20,2;20,1;19,9;20,4;20,1;20;19,9;19,9;20;20,1;20;19,5;19,5;19,6;19,9;20,2;19,5;19,4;19,4;19,3;19,2;19,4;19,3;19;19;18,9;19;19;18,7;18,8;19,2;18,7;18,9;18,8;18,9;18,4;18,7;18,7;18,6;18,4;18,7;18,8;18,7;18,8;18,8;18,6;18,4;18,6;18,7;18,7;18,7;18,6;18,8;19;18,7;18,1;18,2;18,6;18,7;18,4;18,8;18,4;19,3;19,3;18,4;18,2;18,8;19,4;18,8;18,4;18,8;18,4;18,9;18,8;18,4;19,2;19,3;18,4;18;18,6;18,7;18,2;18,7;18,7;18,7;18,4;18,8;18,2;18,2;18,6;18,6;18,9;19,2;18,9;18,8;18,8;18,8;19,2;19,4;19,4;19,3;19;19,3;19,3;19,5;19,5;19,3;19;19,8;19,5;18,9;19,2;19,5;20;19,8;19,3;19,6;19,5;19,8;20;20,2;20;19,9;20,1;19,9;19,5;19,8;19,8;20,1;20,1;20,2;20,4;20,4;20,4;20;19,9;20,4;20,4;20,2;20,1;20,2;20;20;20,4;20,4;20,2;20;20,6;20,6;20,5;20,2;20,5;20,4;20,2;20,5;20,4;20,2;20,4;20,9;20,6;20,1;20,5;20,5;20,4;20,5;20;19,8;20,5;20,6;19,9;20,5;20,6;20,1;20,4;20,5;20,1;20,1;20,5;20,5;20,6;20,9;23,4;26,1;26,5;26,4;26,8;27,1;26,8;28;29,4;30,4;30,6;30,7;30,6;30,9;31,4;31,6;31,1;31,3;32;32,4;31,6;31,4;31,4;31,8;32;31,8;32,2;31,6;31,6;31,6;31,6;31,8;31,6;32;31,6;31,5;31,5;31,6;32,1;31,7;31,3;31,4;31,4;31,4;31,4;31,6;31,3;31,3;31,3;30,9;31,1;31,1;31,1;31;31,2;31,1;31;31,3;31,2;30,7;31,2;30,9;30,9;30,8;31;31,1;30,6;31,3;30,7;31,2;31;30,8;31,3;30,9;30,9;31,3;31;31,2;31,6;31,4;31,4;31,4;31,1;31,3;31,5;31,7;31,6;31,7;31,8;32,1;32,1;32,5;32,6;32,1;32,6;32,7;32,6;32,4;32,2;32,1;32,5;33;32,9;32,8;32,8;33,1;33,1;33,1;33,2;33,4;33,5;33,8;33,6;33,8;33,8;33,9;33,7;33,5;33,7;34;34,3;34,1;34;34,3;34,1;34,3;34,5;34,3;34,1;34,1;34,4;34,2;34,2;34,1;34;34;33,8;34,2;34,3;34;34;34,2;33,9;34,1;34,4;34;33,8;33,8;33,8;33,8;33,6;33,4;33,4;33,7;33,7;33,5;33,5;33,3;33;33;33,1;33,2;33,1;32,9;32,7;32,9;32,6;32,7;32,5;32,2;32,5;31,8;32,1;32,1;31,8;32,2;32,4;31,8;32,2;31,4;32;31,8;32,5;31,5;31,4;31,4;31,3;31;31,2;31,3;31,3;31;31;31;30,7;31,2;31,6;31,2;31,1;31,1;31,1;31,1;31,2;31,2;31,2;31,3;31,3;31,1;31,2;31,3;31,3;31,1;31,5;31,5;31,4;32;31,7;31,5;31,6;32,2;32;32,1;31,7;32,1;32,1;32;32,6;32;32,1;32,2;32,1;32,2;32,2;32,1;32;32,1;32,1;32,1;31,8;31,5;31,6;31,8;31,6;31,7;31,8;31,4;31,4;31;31,2;30,9;30,9;31;30,5;30,7;30,6;30,6;30,5;29,9;30;29;27,9;27,2;27,3;27,2;27,1;26,5;24,8;22,6;20,8;20,4;20,4;20,5;20,5;20;19,9;20;20;20,6;20,6;20,4;20,1;20;20,2;20,4;20,5;20,4;20,6;20,4;20,1;20;20;19,9;20,1;20,2;19,9;20,2;20,6;20,4;20,5;20,4;20,1;20,4;20,2;20,2;20,5;20,4;20,2;20,4;20,1;20;20,1;20;19,9;19,8;19,8;20,1;20,2;20,2;20;20,2;20,2;20,4;20,6;20,5;20;20,1;20,2;20,4;20,4;20;20;19,9;20,2;20,5;20,5;20,5;20,1;19,9;20,1;20,2;19,9;19,9;20,4;19,9;20;20;20,4;20,4;19,8;19,4;20;20,2;20,1;20,5;20;20;20,4;20,1;20,4;20,4;19,6;20,4;19,6;20,2;20;19,8;20;19,8;19,4;19,5;20,1;20,6;20,1;20,1;20,2;20,1;19,6;20,1;19,9;20,2;20,2;20,1;19,9;20,2;20,2;20,1;20;19,4;19,4;19,5;19,9;20,1;19,8;19,5;19,9;20,2;20,1;19,9;19,8;19,8;19,9;20,4;20,4;20,2;19,9;20;20,1;20;20;20,5;19,8;20;19,9;20,4;20,4;19,8;20;20,1;20,5;19,9;19,6;19,5;19,9;20,1;20;19,6;19,6;19,8;19,8;19,9;20,1;19,8;19,5;20,1;19,8;20,4;20,1;20;20;20,1;19,4;20,4;19,6;19,5;19,5;2020,6;20,5;20,5;20;20,4;20,2;20,2;20,6;20,2;20,2;20,2;20,2;20,2;20,1;20,2;19,6;19,9;19,8;20;20;19,9;19,9;19,9;19,6;19,4;19,8;19,8;19,4;19,5;19,3;19;19,2;19,4;19,2;19,3;19;18,7;19,4;18,9;18,9;19,2;18,6;18,7;19,3;18,4;18,6;18,7;18,4;18,2;18,8;18,8;18,8;19;18,6;18,6;18,9;18,8;18,9;19,2;19;18,4;18,2;19;18,8;18,4;18,7;18,7;18,7;18,4;18,1;18,8;19,4;18,6;18,2;18,2;18,1;18,8;18,7;18,6;18,2;18,9;18,9;18,9;18,1;19,3;18,9;18,8;18,4;18;18,6;18,1;18,9;18,7;18,9;19;18,7;19;18,9;18,8;18,8;18,7;18,6;18,7;18,7;19,4;19,4;19;18,4;18,7;19;18,9;19,2;18,8;18,7;19,3;18,8;18,8;19,4;19,4;19,4;19;19,4;19,6;19,5;19,6;19,9;19,5;19,9;19,8;19,9;19,6;20;20;19,5;19,8;20;19,9;19,8;19,9;20;19,9;19,8;20,1;20,4;20;20;20;20,2;20;20,2;20,4;20,2;20;20,4;20,2;20,2;20,4;20,5;20,5;20,1;20,2;20,5;20,4;20;20,4;20,4;19,8;20;20,1;19,8;19,9;20,5;20,5;19,9;20,1;20,4;20,2;20,5;19,9;20,1;20,5;20,1;19,9;20,2;20,5;20,1;20,2;20,4;20;20,4;19,9;20,4;20,2;20,7;23,3;26,1;26,4;26,2;26,4;27,6;27,6;28,1;29,3;30,3;30,5;30,6;31;30,8;31;31,1;30,8;31,3;31,8;32;31,3;31,4;31,3;31,7;31,7;31,7;32;31,4;31,8;31,3;31,6;31,8;31,6;31,6;31,8;31,7;31,5;31,3;31,8;31,7;31,4;31,5;31,2;31,2;31,1;31,4;31,3;31,1;31,1;31,1;31;30,9;30,9;30,9;30,9;31;31,1;31,2;31;30,6;30,9;30,6;30,7;30,9;30,9;30,9;30,8;30,9;30,9;30,9;30,9;30,6;31,1;30,7;31,1;31;31,1;30,8;31;31,1;31,2;31,1;31,3;31,3;31,5;31,7;31,7;31,3;31,8;31,8;31,8;32;31,7;31,8;32,5;32,5;32,6;32,5;32,5;32,6;32,6;32,5;32,7;33,1;32,8;33,1;33,3;33,3;33,1;33,3;33,6;33,4;33,4;33,5;33,5;33,3;33,9;33,3;34;33,6;33,7;34,2;33,9;34,1;33,9;34,1;34,2;34,3;34,2;34;34,2;34,2;33,9;34;33,8;34,2;34;33,9;34,2;34,1;33,9;33,7;33,6;33,5;33,8;33,7;33,8;34;33,7;33,5;33,4;33,4;33,4;33,1;33,2;33,1;33,1;32,9;32,8;32,5;32,7;32,9;33,1;32,8;32,2;32,6;32,2;32,5;32,5;32,5;32,5;31,7;31,8;31,7;31,8;31,7;32;31,8;31,5;31,5;31,7;31,2;31,8;31,4;31,4;31,1;31,2;31,1;31;31,3;30,9;30,6;31,3;31,2;30,5;30,7;31,6;31,3;30,9;30,8;31;31,1;31,3;31,1;31,2;31,1;31,1;31,2;31,1;31,1;31,1;31,1;31,4;31,3;31,4;31,5;31,5;31,6;31,3;31,5;31,7;32;32;31,8;31,8;31,7;32,2;32,2;32,1;32,2;32,1;31,8;32;32,2;31,8;31,8;32;31,8;31,6;31,7;31,5;31,4;31,6;31,4;31,4;31,3;31,1;30,7;31,2;30,8;30,8;31;30,6;30,7;30,7;30,5;30,6;30,2;30,1;28,9;27,6;27,3;27,1;26,7;26,7;26,7;25,1;22,3;20,9;20,5;20,1;20;20,1;19,9;19,6;20;20;20,5;20,4;20,4;20,2;20;19,9;20,2;20,4;20;20;19,9;20,1;20,1;20;20;19,9;20,1;19,9;20,1;20;20,1;20,4;20,1;19,6;20;20,1;20,4;20,2;20;20,1;20,4;19,9;20;19,8;19,9;19,9;20,1;20;20;20;20,2;19,6;19,5;19,9;20,2;20,1;20,1;20,2;20,1;19,6;19,8;20,1;20,1;20;20,1;20,2;20;20,1;20,1;20,1;20;19,9;20,2;20,6;20,2;20;20;20,4;20;19,8;20,2;20;19,5;19,5;19,3;19,4;20,4;20,1;20,1;19,6;19,5;20,8;20,2;19,8;19,4;19,5;20,6;19,6;19,4;19,6;20,5;19,2;20;20,1;19,5;19,8;20,2;20,2;20,5;20;19,8;19,9;19,8;19,6;19,4;19,6;20,1;20;19,6;20,1;20,1;19,8;20,2;20,4;20,2;19,8;19,5;19,9;19,6;19,8;19,6;20;20;19,9;19,8;20,4;19,9;19,6;19,6;20,4;20,1;20,5;20;19,6;20,1;19,8;20;20,1;19,8;19,9;19,5;20;19,5;19,8;19,4;19,8;20,2;19,9;19,5;19,6;19,8;19,5;19,6;20;19,5;19,6;20,4;19,5;19,9;19,6;19,6;20,1;19,9;19,4;20,1;20,2;19,4;19,6;19,620,5;20,5;20,7;20,1;20,4;20,2;20,1;20,4;20,6;20,4;20,4;20,5;20;20;20,4;19,8;19,9;19,8;19,9;19,9;19,8;19,8;19,8;19,6;19,4;19,4;19,8;19,4;19,2;19;19;18,7;18,7;19,2;19;18,8;18,4;19;18,9;18,8;18,4;18,4;18,6;19;18,7;18,7;18,4;18,1;18,2;18,1;18,4;18,7;18,6;18,1;18,6;18,6;18,4;18,4;18,2;18,6;18,4;18,6;18,6;18,2;18,2;18,1;18,6;19,2;18,9;18,2;18,6;18;18,2;18,6;17,8;18,7;18,2;18;18,6;18;18,6;18,1;18,6;18,7;18,2;18,6;18;18,4;18,4;18,6;18,2;18,4;18,8;18,9;18,6;18,6;18,9;18,7;18,1;18,7;18,4;18,7;18,7;18,1;18,6;18,9;19;18,8;18,7;18,6;18,9;19,2;18,8;18,7;18,7;18,9;19,2;19,3;19,2;19;19,3;19,3;18,9;19;19,6;19,4;19,3;19,2;19,2;19,6;19,4;19,9;20;19,8;19,5;19,6;20,1;20;20;19,8;20,1;20;20;20,4;20;20,1;20,2;20,2;20,1;20;20,2;20,2;20,1;20,4;20,1;20,1;20,2;20,4;20,4;20,1;20,1;20,4;20,2;19,9;19,9;20,2;20;20;20,4;19,9;20;20,2;20,6;20,2;20,1;20,4;19,8;20,4;19,8;20,4;20,2;20,2;19,9;20,2;20,4;20;20,4;20,4;20,1;20,4;20;20,4;20,2;20,8;23,5;26,4;26,6;26,6;26,8;27,4;27,5;28,4;29,4;30,6;30,6;30,8;31,1;30,6;31,2;31,2;30,9;31,6;31,4;32;31,6;31,6;31,4;31,5;31,7;32,2;32;31,3;32,1;31,6;31,6;31,8;31,7;31,6;31,8;32;31,4;31,5;31,7;32;31,4;31,4;31,5;31,7;31,2;31,4;31,4;31;31,2;31,2;30,9;30,9;31;31,1;31,1;31,2;31,5;31,2;30,8;30,8;30,8;30,9;31;30,8;30,8;30,8;31,2;31,2;30,9;31;31;30,8;31,1;30,9;30,8;31,1;31,4;31;31;31,2;31,1;31,5;31,5;31,5;31,3;31,6;31,8;31,6;31,8;32;32,1;32,4;32,1;32;32,5;32,5;32,2;32,5;32,6;32,9;33,2;32,8;33;33,4;33,2;33;33,4;33,2;33,5;33,8;33,5;33,7;33,5;33,7;33,8;33,7;33,5;33,6;33,9;33,9;33,8;33,9;34;33,9;34;34,4;34,4;34,3;34,1;34,2;34,1;34,3;34;33,9;34,1;34,3;33,9;34,1;34,1;34,5;33,9;33,9;33,8;33,9;34;33,9;33,9;33,7;33,4;33,4;33,2;33,2;33,2;33,1;33,4;33,5;33,1;32,9;33,1;32,9;32,8;32,8;32,7;32,7;32,6;32,6;32,9;32,7;32,8;32,1;32,4;32;31,6;32,2;31,7;31,8;32,4;31,8;31,5;31,5;31;31,4;31,8;31,2;31,6;31,3;31,4;31,4;31,2;31,4;31,1;31;31,1;31;30,9;31;31,2;31,3;31,4;31,1;31;31,1;31,2;31,1;31,2;31,3;31,2;31,2;31,4;31,5;31,5;31,7;31,6;31,7;31,6;31,6;32;32;31,7;31,8;32,1;31,7;31,6;31,8;32;31,5;32;32,2;32,1;32;32,2;31,7;32,5;32,2;32,2;32,1;32;31,7;31,6;32;31,6;31,5;31,7;31,8;31,2;31,2;31,1;31;31,5;31,2;31,1;31;30,5;30,5;30,6;30,6;30,6;30,2;29,7;28,7;27,6;27,2;26,7;26,7;26,7;26,4;24,7;22,5;21,6;20,2;20,4;20,1;20;20,1;19,8;20,2;19,9;20,1;20;20,2;20,1;20,4;19,9;20,1;20,2;19,8;19,9;20,1;20,1;20,2;20,1;19,8;19,9;20,1;20,2;20,2;20,1;20,1;20,1;20,2;19,9;20,2;20;19,9;19,9;20,1;19,9;19,8;20;20,4;20;20;19,8;19,8;19,8;20,1;19,8;19,8;19,9;19,4;19,6;20;20,1;19,8;19,4;19,5;19,5;19,4;20;19,8;19,4;19,4;20,1;20,2;19,9;19,9;20;20;19,8;20;20,2;20;20,2;20,5;20,1;19,9;19,9;20,5;19,4;20;20,2;20,2;19,6;19,9;19,6;19,9;19,8;19,3;19,6;20,4;19;20;18,9;19,9;20,1;20,2;20,1;20,2;19,4;19,5;19,2;19,9;19,9;19,3;20,2;19,5;19,9;19,5;19,3;19,5;19,8;19,6;19,5;20,2;20,1;19,4;18,9;18,7;19,4;19,8;19,8;19,4;19,2;19,8;19,8;19,5;19,6;19,4;19,9;19,9;19,9;19,3;20;19,4;19,6;19,8;19,8;19,9;20,1;19,8;19,5;19,6;19,2;20,1;20,1;19,5;19,8;19,5;19,9;19,4;20;19,6;19,8;20;19,9;19,6;19,6;19,8;19,6;19,5;19,8;19,5;19,8;20;19,3;19,9;19,5;19,4;19,6;19,8;19,4;19,6;20;19,8;19,6;19,520,4;20,4;20,6;20,7;20,2;20,4;20,2;20;20,4;20,4;20,6;20,6;20;19,9;20,5;20;20,1;20,1;20;19,8;19,6;19,8;19,8;19,6;19,4;19,3;19,4;19,6;19,3;18,9;19,3;19,2;19;19,3;19,5;19;18,9;18,8;18,8;18,8;18,8;18,2;18,7;18,8;19;18,7;18,7;18,2;18,6;18,7;18,8;18,8;18,7;18,2;18,6;18,7;18,7;18,8;18,6;18,6;18,6;18,8;18,8;18,9;18,9;18,4;18,4;18,9;19;19;18,8;18,9;19,2;19,2;18,1;18,9;18,8;18,4;18,1;18,2;19,4;18,9;18,9;19,2;19,2;18,8;18,6;18,9;18,9;18,2;19,2;18,9;19,5;18,9;18,7;18,8;18,8;18,6;18,4;18,2;18,8;18,9;18,8;18,8;18,9;18,9;18,9;18,8;18,8;18,8;18,9;19,3;18,8;18,8;18,7;19;19;19;19;19,3;19,6;19,6;19,6;19,8;19,9;19,6;19,5;19,5;19,9;19,5;19,5;19,9;19,9;19,6;20,5;20,4;19,9;19,8;20,4;20,2;20,4;20,4;20,4;20,5;20,4;20,2;20,1;20,2;20,5;20,4;20,1;20,2;20,2;20,4;20,5;20,6;20,4;20,4;20;20;20,1;20,5;20,4;20,1;20,4;20,4;20,2;20,6;20,4;20,1;20,4;20,1;20,4;20,4;20,1;20,4;20;20,5;20,2;20,4;20,2;20,7;19,9;20,5;20,5;20,2;20,6;20,4;20,2;20,2;20,5;20,1;20,6;21,4;23,5;26,1;26,6;27,1;26,8;27,3;27,3;28,5;29,7;30,3;30,7;31;30,7;30,9;31,4;31,5;31,1;31,4;31,7;32,2;31,8;31,7;31,6;31,6;31,6;32,1;32;31,6;32,1;31,6;32;32;31,7;31,8;31,7;32;31,5;31,6;31,7;31,7;31,4;31,3;31,2;31,6;31,5;31,4;31,3;31,4;31,4;31,2;31,2;31,2;31;30,8;30,9;31,2;31,3;30,9;30,6;30,7;30,6;31,1;31,1;30,6;30,6;30,8;30,8;31;30,6;30,6;30,9;30,7;31,1;31;30,8;31;30,8;31,1;31,3;31,4;30,9;31,4;31,3;31,5;31,2;31,5;31,4;31,4;32,1;32;31,8;32;32;31,7;31,8;32,2;32,4;32,1;32,2;32,7;32,9;32,7;33;33,2;33,1;33;33,2;33,1;32,9;33,5;33,2;33,4;33,6;33,6;33,4;33,6;33,3;34;33,5;33,5;33,5;33,8;33,7;33,9;33,8;34,2;34;34,2;34,1;34;34;34,1;34;34;34,4;34,3;33,9;34,3;33,9;34,1;33,6;33,8;33,8;33,9;33,9;33,6;33,5;33,7;33,7;33,6;33,5;33,2;32,9;32,8;33;33,1;33,3;33;33,1;32,9;32,7;32,8;32,7;32,8;32,9;32,6;32,5;32,6;32,2;32,2;32,4;31,6;31,8;31,8;31,6;31,6;32;31,4;31,4;31,3;31,2;31,2;31,6;31,3;31,4;31,7;31,3;31,2;31,5;31,2;30,8;31,2;31,2;30,9;30,7;31,2;31,3;30,9;31,1;31;30,9;30,9;31,1;31,1;31,2;31,1;31,2;31,1;31,3;31,4;31,4;31,3;31,4;31,6;31,6;31,6;31,5;32;31,8;31,5;32;31,6;31,8;31,8;32,2;31,3;31,6;32,1;32,4;31,8;32,5;31,6;32,8;32;32,5;32,2;32;31,5;31,6;31,8;31,6;32;31,5;31,7;31,4;31,1;31,3;31,1;31,6;31,3;31;31;30,4;30,5;30,7;30,7;30,6;30,2;29,7;29;27,9;27,6;27,2;27,1;27,2;26,2;24,7;22,1;22;20,6;20,8;20,4;20,4;20,4;19,9;20,5;20;20,4;20,1;20,4;20,2;20,5;20,1;20,5;20,6;20;20,1;20,4;20,2;20,2;20,1;20;20,4;20,1;20,1;20,5;20,4;20,2;20,2;20,4;20,4;20,2;20;20,1;20,2;20,7;20,5;20,1;20;20,2;20,5;20,4;19,9;20;20,1;20,6;20,5;20;19,8;19,9;20,4;20,7;20,4;20,4;20,2;20,6;20,6;20,5;20,4;20,6;20;20,1;20,5;20,5;20,2;20,2;20,1;20;19,8;20,1;20,1;20,2;20,2;20,2;20;19,8;20;20,5;19,6;20,1;19,5;20,2;20,5;19,8;20,1;20,5;20;19,4;20;20,1;20,1;19,3;20;20,7;20;20,6;20,4;20,2;20,2;20,1;20;20,1;20;20;20,2;20,2;20;20,4;20,1;20;20;20;19,8;20,4;20,4;20;19,6;20;20;20;20,1;20,1;19,9;19,6;20;20,1;20,1;19,9;20,1;20;20,2;19,9;20,2;19,6;20;20;20;20,1;19,6;20,1;19,9;19,3;19,3;20;20,2;20,1;19,5;20;20,1;20,1;20,1;19,6;19,8;19,9;19,8;19,6;19,8;19,9;19,8;19,8;19,9;19,9;19,9;19,8;19,4;19,9;19,9;19,3;19,8;19,5;19,3;20;19,5;19,5;19,6;19,820,5;20,7;20,8;20,7;20,2;20,6;20,2;20,5;20,2;20,6;20,8;20,8;20;20,1;20,5;19,9;20,2;20,2;20,1;20;20;20;19,9;19,6;19,5;19,5;19,6;19,9;19,4;19;19,5;19,5;19,2;19,3;19,5;19;18,9;18,8;18,7;19,3;18,9;18,2;19;18,6;18,7;18,7;18,8;18,4;18,6;18,6;18,7;18,8;18,6;18,6;19;19,3;19;18,7;18,2;18,4;18,7;18,8;19;19,4;18,9;18,2;18,4;18,8;18,8;18,6;18,8;18,8;18,2;18,9;18,7;19,2;19;18,4;18,2;18,8;19;18,6;18,9;19,2;18,8;19;19,4;19;18,6;18,9;18,6;18,1;19;19,4;18,7;18,8;18,2;18,4;18,9;18,8;18,7;19;18,8;18,4;18,8;18,7;18,8;18,9;18,8;19,2;19,2;19,3;18,8;18,7;19;18,9;19;19,4;19,5;19,6;19,5;19,4;19,3;19,3;19,6;19,6;19,3;19,3;19,9;20;19,4;19,8;19,9;19,6;20,1;20,1;19,9;19,6;20,1;19,9;19,8;19,8;19,9;20;20,1;20,4;20,2;20,6;20,2;20,4;20,2;20,5;20,6;20,2;20;20,6;20,8;20,5;20;20,1;20,2;20,6;20,5;20,2;20,4;20,5;20,1;20,7;20,1;20,2;20,4;20,4;20,2;20,2;19,9;20;20,4;20,8;20,6;20,2;20,4;20,2;19,6;20,4;20,2;20,2;20,4;20,1;20,2;20,7;20,5;20,2;20,6;21,2;23,4;25,8;26,5;26,7;26,8;27,4;27,2;28,5;29,7;30;30,7;31,1;30,8;30,8;31,3;31,4;30,8;31,3;32,2;32;31,7;31,8;31,7;31,5;31,7;31,8;32;32;32,4;31,8;31,6;31,6;31,2;31,7;31,8;32;32;31,6;31,5;31,5;31,4;31,6;31,4;31,2;31,3;31,2;31,3;31,2;31,2;31,4;31,2;30,9;30,9;31,3;31,4;31,3;31;30,8;30,8;30,7;30,4;30,7;31;31;31,1;31;30,6;30,7;30,7;30,6;31,2;31;31;31;31,5;31,1;30,8;31,1;31,1;31,4;31,3;31,2;31,2;31,4;31,4;31,5;31,2;31,6;32;32,4;32,1;31,7;32;32,1;32,1;32;32,2;32,2;32,1;32,4;32,8;32,9;33;33,1;33;32,9;32,8;32,8;33,1;33,7;33,6;33,6;33,5;33,4;33,2;33,1;33,4;34;33,4;33,6;33,6;33,5;33,5;33,7;33,6;33,7;33,8;34,2;33,6;34;33,9;34,1;33,7;34;34,1;33,6;34;33,8;34;34;33,6;33,7;33,6;33,3;33,6;33,9;33,8;33,6;33,6;33,5;33,3;33,3;33,4;33,3;33,5;33,5;33,1;32,8;32,7;32,8;32,7;32,7;32,8;32,8;32,7;32,4;32,6;32,5;32,4;32,5;32,1;31,6;32;31,5;31,5;31,7;32;31,7;32;31,4;31,4;31,3;31,3;31,2;31,4;31,7;31,3;31;31,3;31,1;30,7;31,2;31,2;31;30,9;31,1;31,3;31,1;31,2;30,8;31;31,1;31,1;31,1;31,1;31,2;31,2;31,1;31,1;31,2;31,1;31,3;31,4;31,3;31,6;31,5;31,2;31,8;31,7;31,2;31,8;31,7;32;31,8;31,6;31,5;31,8;32,6;32,1;32,1;32;32;32,5;31,7;32,2;32,1;32,5;32,1;31,3;31,5;31,4;31,7;31,6;31,4;31,3;31,5;31,2;31,3;31,1;30,8;31,1;30,8;30,7;30,5;30,9;30,7;30,5;30,2;29,7;29,1;27,9;27,7;27,2;27,2;26,7;26,4;25;22,1;21,6;21,1;20,5;20;20;20,4;20,2;20,2;19,8;20,4;20;20,2;20;20,1;20,1;20,2;20,1;20;20,2;20,1;20,1;20,1;20,1;20,2;20,4;20;20,2;20,1;20,1;20,4;20;20;20,2;20,2;20,1;19,8;19,5;20,4;20,2;20,2;20,4;20,4;19,9;19,9;20,1;20;20;19,8;20,1;20,4;19,9;20;20,1;20,2;20,1;20,4;20,4;19,9;20,1;20,8;20,4;20,4;20,4;20,5;20,2;20,5;20;20,1;20,1;20,2;19,9;20,4;20;19,6;19,8;20;20,4;20;20,5;20,1;19,6;19,9;19,9;20,2;19,8;19,6;19,6;19,4;20,5;19,9;20;20;20,2;20,4;19,9;20,7;19,6;20,1;19,6;20;19,8;20,7;19,8;19,6;19,6;20,1;19,9;20,4;20;20,5;19,9;19,8;19,5;19,8;19,9;20,2;20,1;19,9;19,5;19,5;19,9;19,9;19,8;20,1;20,6;20,5;19,9;19,9;20,2;20,1;20,2;19,9;20;20,2;20,2;20,4;20,7;19,9;19,9;20,6;19,6;20,1;19,9;19,5;19,8;19,9;20;20,2;19,8;20;20;20,2;20;19,6;19,6;20;20;19,8;19,8;19,9;19,8;19,8;20;19,9;19,9;19,8;19,9;19,9;19,6;19,6;19,8;19,9;19,9;20,1;19,8;19,9;19,6;19,820,4;20,4;20,5;20,7;20,7;20,6;20;20,4;20,1;20,6;20,5;20,8;19,8;20,2;20,1;20;19,9;19,8;19,6;20;20,1;20;19,9;19,8;19,5;19,5;19,8;19,6;19,8;19,4;19,5;19,3;19;19,2;19,2;19,2;18,8;19;18,8;18,9;18,9;18,4;19,2;18,4;18,7;18,8;18,4;18,7;18,7;18,2;18,4;18,4;18,4;18,9;19,2;19;18,8;18,7;18,4;18,6;18,8;19;19,2;19,4;18,9;18,2;18,2;19;19,3;18,7;18,8;18,7;18,7;18,9;18,6;18,6;19,3;18,9;18,2;18,8;18,7;18,8;19;18,6;18,6;18,9;18,7;18,6;18,9;18,9;19;18,8;19,2;19,3;18,7;18;18,2;18,9;18,8;18,9;19,3;19,2;19;18,6;19,2;19,3;18,9;18,9;18,6;18,9;18,9;18,8;19,2;19,2;19,4;19,8;19,3;19,2;19,5;19,5;19,4;19,5;19,4;19,3;19,3;19,4;19;19,3;19,4;19,6;19,6;19,8;20;20;20,1;19,9;19,6;19,6;20;20,1;19,9;19,6;19,8;20;20;20,5;20,5;20,6;20;20,1;20,1;20,6;20,7;20,7;20,2;20;20,2;20,4;20,1;20,1;20,1;20,4;20,4;20,6;20,1;20,5;20,2;20,6;20;20,1;20,4;20,5;20,1;20,4;20;20,1;20,5;20,7;20,1;20,4;20,2;20;19,9;20,2;20,1;20;20,7;20,4;20,2;20,7;20,2;20,4;20,1;20,6;23,4;26;26,5;26,4;26,8;27,2;27,4;27,8;29,5;29,9;30,4;31;31;30,6;31,3;31,3;31,1;31,5;32;31,6;32;31,5;32;31,5;32;31,6;32;31,8;31,7;31,5;31,6;32;31,6;31,7;31,6;31,7;32;31,5;31,3;31,5;31,4;31,7;31,7;31,5;31,2;31,3;31,5;31,1;31,2;31,2;30,9;30,8;31;31,2;31,1;31,1;30,9;30,9;30,8;30,9;30,7;30,9;31,3;31;30,9;30,9;30,8;31;30,5;31,1;31,3;31,1;30,9;30,9;31,1;31,2;30,9;31,3;31;31,4;31,2;31,1;31,3;31,3;31,6;31,7;31;31,4;32,1;32;31,8;31,7;32;32,2;32,2;32,1;32,4;32,1;32,2;32,4;32,6;32,7;33;33;32,9;32,7;32,8;32,9;33,1;33,4;33,6;33,4;33,1;33,1;33,4;33,6;33,6;33,6;33,7;33,4;33,6;33,5;33,4;33,7;34;33,8;33,8;34,2;33,6;33,6;33,9;33,8;33,3;33,7;33,9;33,4;33,6;33,6;33,7;33,8;33,6;33,4;33,4;33,4;33,5;33,7;33,5;33,2;33,4;33,5;33,5;33,3;33,1;33,2;33;33;33,2;33,1;33;32,8;32,6;32,6;32,7;32,5;32,1;32,2;32,5;32,4;32,1;32,5;32;31,8;31,8;31,5;31,8;31,6;31,8;31,6;32,4;31,4;31,3;31,2;31,5;30,9;31,2;31,2;30,9;30,8;31,2;31;30,7;30,9;31;30,9;30,9;31;30,9;31,1;31;31;31,1;31,1;30,8;30,8;31;31;31,1;31,1;31,1;31;31;31,2;31,2;31,2;31,4;31,5;31,4;31,8;32;31,6;31,7;31,6;31,6;31,5;31,6;31,8;31,5;32,6;31,7;32,1;32,2;32;32,1;32;31,6;32,1;31,8;32;31,5;31,7;31,6;31,5;32,1;32;31,2;31,6;31,3;31,1;30,8;30,9;30,9;30,7;30,8;30,3;30,7;30,6;30,5;30,2;29,9;29,1;28,2;27,4;26,8;27,1;26,6;26,3;24,5;22,3;21,2;20,8;20;20,2;20,1;20,5;20,5;20,1;19,8;20;20,2;20,2;20;20,4;20,2;20,1;20,2;20,1;20;20;20,1;20,4;20,2;20,2;20,4;20;20,2;20,1;20,1;20,5;19,9;19,6;19,9;20;20;20,1;20,1;20,6;20,2;20,2;20,1;20,2;20,2;20,6;20,4;20,4;20;20,1;20,2;20,2;20,2;20,1;20;20,4;20,1;20,1;19,9;20,1;20,2;20,1;19,9;19,9;20;20,4;19,9;20,1;20,1;20,1;19,8;19,9;20;20,4;20,2;19,8;19,9;20,4;20,5;20,5;20,2;20,5;19,9;19,6;20,2;20,1;20,1;20,1;20;20,2;20,6;20,4;19,9;20,5;19,9;20;19,6;20;20,1;19,4;20,5;19,4;19,8;19,9;20,1;19,5;20,2;19,8;19,9;19,9;20,2;20;19,6;20,2;20;20;20,2;19,9;19,9;19,8;19,8;19,9;20,1;20,2;20,2;19,9;19,4;19,3;19,5;20;20,2;20,1;20,5;19,9;19,6;20,2;20,2;20,6;20,2;20,2;20,1;20,5;19,9;19,8;19,3;20;19,6;19,9;19,6;19,8;19,9;19,9;19,9;19,6;19,8;19,6;19,8;20,1;20,1;19,8;19,8;19,8;19,6;19,8;20,1;19,8;20;20,1;20,1;19,6;19,5;19,9;19,9;20,1;19,8;20;19,8;19,6;19,5;19,320,4;20,4;20,6;20,7;20,4;20,5;20,1;20,5;20,2;20,4;20,5;20,4;20,2;20,2;20,2;20;20,1;19,8;19,6;19,9;19,9;19,9;19,9;19,8;19,5;19,5;19,6;19,5;19,6;19,4;19,4;19,3;18,8;18,9;19;19;19;19;18,8;19;18,6;18,6;19;18,8;19;18,8;18,9;18,8;18,8;18,7;18,7;19;19;18,7;18,7;18,4;18,4;18,7;18,6;18,2;18,8;18,9;18,4;18,7;19,3;18,8;18,9;19,3;18,8;18,4;18,4;18,7;18,7;18,6;18,2;18,6;18,7;18,7;18,2;18,8;18,7;18,2;19,2;18,9;18,9;18,2;18,8;19,2;18,7;18,1;18,2;18,7;19,5;19,3;18,4;18,4;18,4;18,2;18,2;19;18,7;18,7;18,8;18,4;19;19;18,8;18,8;19,4;18,9;18,8;19,2;19;19;19,3;19;19;19;19,2;19,2;19,4;19,4;19,3;19,2;19,2;19,4;19,4;19,5;19,8;19,9;19,6;19,8;19,8;19,3;19,3;19,9;19,8;19,8;20;20,1;19,9;19,9;19,9;19,9;19,9;20,1;20,4;20,2;19,9;20,1;20,1;20,4;20,4;20,4;20,4;20,1;20;20;20,1;20,1;19,9;20;20,1;20,1;20,2;20,2;20;20,2;20;20;20;20,4;20;20,4;19,8;20,1;20,1;20,1;19,8;20,2;20;20;20;19,8;20,2;19,9;20,2;20,2;19,9;20,4;20,1;20,4;19,9;20,6;23,3;26,2;26,6;26,2;27,1;26,8;27,5;28;29,4;30;30,4;30,7;31,1;30,6;31,1;31,4;30,8;31,6;31,6;31,8;32;31,7;32;31,6;32;31,4;31,7;31,6;31,5;31,5;31,8;31,8;31,7;32;31,4;31,4;31,6;31,6;31,7;31,6;31,5;31,7;31,4;31,3;31,4;31,3;31,4;31,2;31,2;30,9;30,9;31,2;31,4;31,3;31,1;31;31;30,8;30,9;30,6;30,5;30,8;31;30,6;30,7;30,7;30,9;30,6;30,7;31;30,8;30,7;30,7;30,7;31;30,7;31,1;30,9;31,1;30,9;31,4;31;31,6;31,2;31,4;31,2;31,4;31,4;31,7;31,7;31,8;31,4;31,5;31,7;32;32,2;32,2;31,8;31,8;32,2;32,5;32,4;32,5;32,7;32,6;32,5;32,8;33,1;33;33,1;33,1;33,3;33,2;33,2;33,3;33,4;33,3;33,4;33,4;33,5;33,5;33,6;33,4;33,5;33,5;33,6;33,6;33,8;33,6;33,5;33,5;33,8;33,7;33,9;33,6;33,7;33,8;33,6;33,4;33,3;33,5;33,4;33,7;33,4;33,4;33,7;33,5;33,2;33,3;33,1;33,2;33,4;33,1;32,9;32,7;32,9;32,8;32,7;32,9;32,6;32,7;32,9;32,9;32,6;32;31,8;32,2;32,5;32;32,5;32,4;31,6;31,7;31,8;31,7;31,5;31,7;31,6;31,3;31;31,4;31,4;31,5;31;30,8;30,7;31,1;31;30,9;30,9;30,8;31,1;31,2;31,1;30,5;30,8;30,8;30,9;30,9;31;31,1;31;30,9;31;31,3;31,1;31;30,8;30,9;31,1;31,4;31,5;31,4;31;31,1;31,5;31,7;32,2;32,1;31,7;31,6;31,5;31,7;31,4;32;31,8;31,7;31,8;31,7;31,8;32,1;31,7;32,1;31,7;31,3;31,8;31;31,5;31,6;32;31,6;31,7;32,1;32,1;31,4;31,2;31,2;30,7;31,1;31,3;30,8;30,7;30,6;30,4;30,3;30,3;30,5;29,9;29,9;28,9;27,9;27,3;26,8;26,6;26,4;26,3;24,4;22,3;21,1;20,6;20,1;20,5;20,2;20,7;20,4;19,9;19,8;20,1;20,2;19,9;19,8;20;20;20,4;20,2;20,2;20,2;20,1;20;20,4;20,4;20,2;20,4;20,5;20,5;20,1;20,1;20,2;19,6;19,9;20,1;20,1;20;20,1;20;20,5;20,2;20,1;20,1;20,4;20,4;20;19,6;19,8;19,6;19,8;19,9;19,9;20;20,2;20,2;20,6;20,1;20,1;20;20,2;20,2;19,9;20,5;20,4;19,8;20,5;20,2;20;20,1;20,5;19,9;20,2;19,8;20,1;20,2;20,4;19,9;19,9;19,9;20,2;20,2;20;19,2;20,6;20,4;20,2;19,9;20,2;20;19,9;19,6;19,6;20,1;19,8;19,5;19,3;19,8;20,1;19,8;19,8;20,2;19,2;19,5;20,2;19,9;19,9;20,1;19,8;19,8;20,2;19,9;19,5;19,9;19,8;19,9;19,9;19,8;19,5;19,3;19,5;19,9;19,6;19,4;19,9;20,1;19,8;20;19,9;19,5;20;20,2;20;20,4;20,1;20,1;20;20,6;20,2;19,8;19,9;20,4;19,8;20,1;20;19,3;20,1;19,2;19,8;19,5;19,6;20;19,9;19,6;19,5;19,6;19,9;19,9;20;19,9;20;19,9;19,6;19,6;19,6;20,1;19,9;20,2;20;20;19,9;19,8;19,6;19,8;20,2;19,8;19,6;19,6;19,8;19,9;19,820,2;20,2;20,5;20,4;20,4;20,1;19,8;20,4;20,5;20,5;20,6;20,2;20,4;19,9;20,4;19,8;20,2;19,9;19,6;19,6;19,9;20;20,1;19,8;19,5;19,6;19,8;19,5;19,4;19;19,4;19,2;18,8;19,2;19,3;19,3;19,3;18,9;18,7;19,2;18,7;18,6;19,2;18,9;18,8;18,4;18,9;18,7;19;18,7;18,9;19;18,8;18,4;18,7;18,8;19;18,7;18,4;18,4;18,6;18,7;18,6;18,4;18,4;18,8;18,7;18,8;18,8;18,7;18,9;18,9;18,7;18,7;17,8;19,2;18,7;19,2;18,8;18,7;18,8;19;17,8;18,8;18;19,3;18,2;18,8;18,2;18,6;18,7;18,4;18,6;19,2;19;18,8;18,6;18,1;18,6;18,7;18,7;19;18,9;18,8;18,7;18,8;19,3;19,2;19,3;18,9;19;18,8;19;18,7;18,7;19,2;19,4;18,9;19,5;19;19;19;19;19,5;19,6;19,4;19,8;19,8;19,6;19,3;19,8;19,6;19,4;19,5;19,5;20;20,1;19,6;20;20,1;20;19,9;20;20;20;20,1;20,2;20,1;20;20;19,9;20,1;20,6;20,4;20,1;20,2;20,2;19,8;19,9;20,4;20,1;20,2;20,2;20;20,1;20,4;20;19,9;20,2;20,2;20;20,5;19,8;20,4;19,8;19,9;20,2;20,1;20;20,1;20;20;19,9;19,8;20,1;19,6;19,9;20;19,8;20,4;20,4;20;19,8;20,9;23,3;25,7;26,5;26,5;27,1;26,7;27,3;28,5;29,5;30;30,4;30,5;31,1;31,1;31,1;31,3;30,8;31,6;31,4;31,8;32,1;31,8;31,7;31,7;32;31,7;31,8;31,6;31,6;31,6;31,5;31,6;31,5;31,8;31,5;31,6;31,6;31,3;31,6;31,5;31,2;31,5;31,6;31,3;31,1;31,2;31,1;31;31,2;31;31;31;31,1;31,2;31,1;30,9;31,2;30,9;30,8;30,7;30,5;30,6;30,8;30,6;30,9;30,9;30,7;30,8;30,6;30,9;30,7;30,8;30,7;31;30,8;30,6;30,9;30,7;31;30,7;31,4;31,1;31,3;30,9;31,6;30,8;31,2;31,4;31,4;31,7;32;31,7;31,5;31,6;32;31,8;32,1;32,2;32,1;32,1;32;32;32,2;32,6;32,7;32,7;32,6;32,6;32,7;33,1;32,8;32,8;32,8;32,9;33,3;33,3;33,2;33,5;33,2;33,2;33,2;33,5;33,1;33,5;33,4;33,4;33,7;33,9;33,2;33,2;33,5;33,6;33,5;33,2;33,6;33,6;33,5;33,3;33,3;33,3;33,4;33,2;33,1;33;33,3;33;33,5;33,4;33,3;33,3;32,8;32,9;32,9;33;33;32,8;32,7;32,7;32,5;32,5;32,4;32;32,2;32,4;32,4;32;32,5;32;31,7;32;31,6;32;31,7;31,6;31,6;31,3;31,5;31,5;31,2;31,1;31,2;31,2;31,1;31;30,7;30,9;31,2;31,1;30,9;30,6;30,9;30,8;31,2;31;30,8;30,9;30,9;30,8;30,8;30,9;31;30,7;30,7;30,8;30,9;31;31,1;31,1;31,3;31,2;31;31,1;31,1;30,9;31,1;31,2;31,6;31,7;31,5;31,6;31,7;31,5;31,5;31,4;32;31;31,8;31,5;31,6;31,7;32,2;32;32;31,7;31,7;31,7;31,1;31,6;31,5;32,1;31,5;31,7;32;31,7;31,4;31,3;31,3;31;31,1;31,4;30,5;30,7;30,6;30,4;30,3;30,2;30,3;29,5;29,3;28,7;27,6;27,4;26,8;26,7;26,3;26,2;24,4;22,3;20,9;20,8;20,2;20,5;20;20,6;20,4;20,1;20,1;20,1;20,2;19,8;20;19,8;20;20,6;20,4;20,1;20,1;20;20,4;20,1;20,4;20,4;20;20,4;20;19,9;20,2;20,4;19,9;19,9;20,1;20;20,2;20,1;20;20,2;19,9;19,6;19,9;20,1;20,1;19,6;19,9;19,9;19,6;19,6;19,8;19,8;19,9;20,4;20;20,1;20;19,9;19,8;19,9;20,6;20,1;19,8;19,6;19,5;20;20;19,9;19,5;19,8;20;20;20;20,1;20,2;20,2;19,5;19,6;19,8;19,6;20,1;20;19,6;20;19,5;20,2;19,5;19,5;20;19,6;19,9;19,9;19,6;19,6;19,5;19,5;20,4;21,1;19,8;20,2;19,3;19,8;19,4;20,1;19,4;20,2;19,8;19,2;19,9;19,9;19,9;19,9;20,1;19,6;20,1;20,4;19,4;19,6;19,8;19,8;19,9;19,9;20;20,1;20,1;19,8;19,8;19,6;19,8;20,1;19,8;19,3;19,9;20;19,9;19,5;20,2;20;19,8;20;20,2;19,3;20;20,1;20;20,1;19,3;20;20,1;19,5;20;19,6;19,6;19,6;19,6;19,8;19,6;19,8;19,9;19,9;19,9;19,6;19,5;19,5;19,9;19,6;20,1;19,9;19,8;20;19,8;19,9;19,5;19,9;19,4;19,9;19,4;19,8;19,6;19,820,5;20,5;20,6;20,6;20,5;20,5;20;20,7;20,2;20,6;20,2;20;20,1;20;20,2;20,1;20,1;20,1;19,6;19,8;19,8;19,9;19,9;19,8;19,5;19,8;19,9;19,5;19,4;19,2;19,5;18,9;19;19,5;19,3;19,2;18,9;18,9;18,9;18,7;18,7;18,6;19,2;19;18,4;18,4;18,6;18,2;18,7;18,6;18,2;18,4;18,8;18,8;19,2;18,8;18,2;18,7;19;19,2;18,9;18,9;18,9;18,9;18,8;18,7;18,6;18,6;18,8;18,6;18,8;19;18,6;18,6;18,4;18,6;18,4;18,4;18,7;18,8;18,4;18,6;18,9;19;18,9;19;18,1;18,7;18,9;18,2;18,2;18,6;18,7;18,9;18,8;18,7;18,2;19;18,8;18,7;19,4;18,9;19;18,6;18,4;19;18,7;18,8;19,3;18,7;19;19,2;19,4;19,4;18,9;19,3;19;18,9;18,9;18,9;18,9;19,2;19,2;19,2;19,5;19,8;19,5;19,3;19,5;19,9;19,9;19,8;19,8;19,4;19,6;19,6;19,8;19,8;20;20;19,9;19,6;19,8;20;19,9;20;20;20;20,1;20,1;19,9;20,1;20,1;20,6;20,1;20,1;20,2;19,9;19,6;20,4;20,6;20,2;20,1;19,9;20;20,1;20,2;20,2;20,2;20;19,5;20,1;19,8;19,9;19,5;19,6;20,1;20,1;19,8;20,4;20;20,1;19,6;20,1;19,9;19,5;19,9;19,9;19,9;20,4;20,2;19,9;20;20,7;23;25,5;26,3;26,2;26,8;27,1;27,1;28,4;29,4;30,1;30,4;30,7;30,5;31;31,3;31,1;31,1;31,5;31,4;32,1;32;31,8;31,6;31,7;31,6;31,8;31,7;31,7;31,8;31,6;31,5;31,7;31,7;31,6;31,4;31,4;31,5;31,1;31,4;31,5;31,3;31,3;31,3;31,2;31,1;31,4;31,2;30,8;30,8;30,7;31;30,6;30,9;31,1;31;31;31;30,9;30,8;30,5;30,7;30,5;30,8;30,7;30,8;30,3;30,7;30,5;30,5;30,8;30,6;30,7;30,6;30,6;30,7;30,8;31,1;30,8;31,1;30,8;31;30,6;31;31;31,3;30,7;31,3;31,2;31;31;31,4;31,3;31,4;31,6;31,7;31,5;31,7;32,1;31,8;32,1;32,1;32,1;32,2;32,5;32,7;32,8;32,6;32,7;33;33,1;33;32,9;32,8;32,7;32,8;33,3;32,9;33,5;33,1;33,2;33,1;33,1;33,4;33,5;33,2;33;33,2;33,9;33,6;33,6;33,2;33,4;33,7;33,5;33,6;33,2;33,2;33,4;33,6;33,3;33,3;33,3;33,4;33,6;33,6;32,8;32,6;32,8;32,8;32,9;33,3;33,2;33,1;32,6;32,5;33;32,7;32,5;32,4;32,4;32,6;32,4;32,5;32,4;32,1;31,8;32,1;31,4;31,5;31,4;31,6;31,3;31,6;31,2;31,2;30,9;31,1;31,5;31,5;31,2;31,3;30,8;31,1;30,9;31,1;30,7;30,9;31,1;30,7;31,1;30,9;30,6;30,8;30,8;31;30,9;30,9;30,6;30,6;30,7;30,9;30,7;30,6;30,7;31;30,8;30,6;30,8;31,3;31,1;30,8;31,1;31,1;31,1;31,3;31,1;31,4;31,3;31,3;31,5;31,5;31,4;31,6;31,5;31,3;31,5;31,6;31,6;31,6;32;32,1;31,7;31,8;31,8;31,5;32,2;31,5;31,8;31,4;31,5;31;31,6;31,6;31,6;31,1;31,6;31,2;31;31;31,1;30,2;30,8;30,6;30,3;30,1;30,1;30,1;29,9;29,2;28,5;27,4;26,8;27,1;26,8;26,5;25,6;23,9;22;20,8;20,6;20;20;19,6;20,2;20;19,9;20,2;19,6;20,1;19,9;20;19,8;20;20,4;20,1;19,8;20,1;19,9;20,1;20,1;19,9;20;19,6;20,2;19,8;19,9;20,1;20,1;19,9;20,2;20;20;20,2;19,8;19,8;20;19,9;19,8;19,8;19,8;20;19,4;19,8;20;20;20,4;20,2;19,6;19,8;20;20,4;20,4;20;19,9;19,5;19,5;19,9;19,9;19,9;20;19,8;19,8;19,8;20;19,6;19,3;20;19,9;20,1;20,6;19,9;19,6;19,6;19,9;19,8;19,9;19,9;19,9;19,9;20,1;19,6;19,8;20,1;20;19,6;19,8;20,5;18,8;19,8;20,1;20,2;19,3;19,8;20,1;19,2;20,1;20;20,4;19,5;19,6;19,4;19,9;19,5;20;19,5;20;19,8;19,9;19,8;19,6;20,2;20,5;20;19,8;20,1;19,9;19,9;19,9;19,9;19,9;19,9;19,8;19,9;19,9;19,9;19,5;19,6;19,8;19,8;20;19,3;19,6;19,9;20;19,9;19,9;20,4;19,4;19,8;20;20;19,6;19,2;19,9;20,1;19,6;19,9;19,5;19,8;19,9;19,6;19,3;19,3;19,9;19,9;19,6;19,6;19,6;19,6;19,8;20;19,9;19,6;20,1;19,6;20;19,6;19,9;19,4;19,9;19,4;19,5;19,4;19,6;19,6;19,320,4;20,6;20,6;20;19,8;20,5;20,1;20,2;20,5;20,2;19,9;20;19,9;20,1;20,1;19,6;19,6;19,6;19,4;19,6;19,6;19,6;19,8;19,8;19,5;19,5;19,8;19,6;19,3;19,3;19,6;18,9;18,9;19,2;19,3;19;18,9;18,8;18,9;18,1;18,6;18,2;18,9;19,4;18,2;18,6;18,1;18,2;18,6;18,2;18,1;18,7;18,9;18,8;19,2;18,9;18,6;18,8;18,8;18,7;18,6;18,2;18,4;18,2;18,6;18,4;18,2;19;18,9;18,7;18,9;18,8;18,2;18,1;18,4;19;18,7;18,6;18,6;19;18,7;18,2;18,7;18,7;18,4;18;18,8;17,8;19,2;18,6;18,4;18,6;18,9;19;18,1;19,5;18;18,7;18,8;18,7;18,4;18,4;18,6;18,6;18,9;18,9;18,8;18,8;18,7;18,6;18,6;18,8;19,2;18,8;18,9;19;19,2;18,9;19,2;19,2;19,3;19,6;19;19,2;18,8;18,8;19,3;19,5;19,5;19,6;19,4;19,6;19,6;19,6;19,5;19,6;20;19,9;20,1;19,9;19,6;19,9;19,9;19,9;19,9;19,8;20;19,6;19,8;20;20,1;20,5;20,2;20,1;19,9;20;20;20,1;19,9;20;20,6;20,2;20,2;19,8;19,9;19,8;20,1;20,4;19,5;19,9;19,3;20;19,8;19,9;19,4;19,8;19,8;20,1;19,8;20,2;19,9;19,9;19,5;20,1;19,6;19,4;19,8;20;20,2;20,1;20,1;20,4;20;20,2;22,7;25,8;26,5;25,8;27,2;26,6;27,1;28,4;29,7;30,2;30,4;30,8;30,1;30,9;31,2;31,1;31;31,3;31,5;31,7;31,3;31,8;31,5;31,5;31,5;31,7;31,6;31,7;32,1;31,8;31,5;31,6;31,5;31,5;31,6;31,6;31,5;31,2;31,2;31,4;31,2;31,3;31,3;31,2;31,2;31,3;31,5;31,4;31;30,6;30,7;30,6;31,1;31,2;30,9;30,7;30,5;30,9;30,9;30,5;30,7;30,7;30,8;30,7;30,7;30,3;30,5;30,6;30,9;30,7;31,1;30,4;30,4;30,6;30,8;30,6;31,2;31;30,6;30,8;30,9;30,4;30,7;31;31,2;31,2;31,2;31,5;31,3;31,3;31,4;31,6;31,5;31,5;31,5;31,4;31,7;32;31,8;31,6;31,7;32,5;32,5;32,4;32,4;32,5;32,4;32,5;32,6;32,4;32,5;32,6;32,6;32,6;33;33,1;32,5;33,1;33;33;33,6;32,8;33,6;33,5;33,1;33,3;33;33,8;33,3;33,4;33,3;33,7;33,4;33,7;33,5;33,5;33;32,9;33,2;33,4;33,4;33,3;33,4;33,5;33,4;33,1;32,9;32,9;32,8;33,1;33,1;32,9;32,7;32,2;32,4;32,5;32,5;32,8;32,7;32,4;32,4;32,1;32,2;32;31,8;31,8;32;31,6;31,8;31,3;31,7;31,6;31,5;31,3;31,6;31;31,5;31,4;31,2;31,4;31,1;31;31;30,7;31,1;30,7;30,8;30,8;31;31,1;30,9;30,6;30,7;30,7;30,8;30,8;30,8;30,8;30,7;30,7;31;31;30,7;30,9;31;30,7;30,7;30,7;30,9;31,2;31,2;31,2;30,9;31,1;31,4;31,3;31,2;31,3;31,6;31,4;31,3;31,3;31,4;31,1;31,3;32;32;31,8;31,5;32;31,7;31,8;31,8;31,7;31,7;32,4;31,6;31,8;31,2;31,2;31,3;31,6;31,6;31,5;31;31,2;30,9;31;31;30,8;30,3;30,6;30,5;30,2;30,4;30,3;29,9;30;29,1;28,6;27,4;27,3;26,6;26,8;26,5;25,6;24;22,3;20,7;20,6;20,2;19,8;20,1;20,1;19,8;19,8;19,9;20;20,4;20,4;20;19,9;19,8;20,4;20,1;19,9;19,8;19,8;19,9;20,1;19,9;20,1;19,8;19,6;19,6;20,1;20,1;20;19,8;19,8;19,6;20;19,9;19,9;20;20;20;19,9;19,8;19,8;20,1;19,8;19,6;19,3;19,5;20,2;20,5;20,4;19,9;19,8;19,6;19,6;19,9;20,1;19,8;20,4;20,1;20,5;19,9;20;19,6;19,4;19,6;20;20;19,5;19,8;20;20,1;19,8;19,9;19,5;19,3;19,8;20,1;20,1;19,4;19,2;19,6;20;19,8;19,9;19,9;19,9;20,1;19,9;19,6;19,8;19,8;19,3;19,9;19,4;19,6;20;20;19,6;19,8;19,5;20,4;20,2;19,6;19,3;20;19,2;19,8;20,2;20;19,8;19,9;19,6;19,8;19,8;19,6;19,6;20;19,9;19,5;19,3;19,5;19,8;19,5;19;19,4;19,8;20;19,3;19,8;20,1;19,9;19,9;19,8;20;19,6;19,6;19,8;19,4;20,1;19,5;19,6;19,8;19,9;18,9;19,4;19,8;20;19,5;19,4;19,8;19,6;19,5;19,6;19,3;19,3;19,9;20;19,6;19,5;19,6;19,5;19,5;19,8;20,1;19,6;20;19,2;19,5;19,3;19,2;19,4;20,1;19,2;19,4;19,3;19,4;19,5;20,120,1;20;20,1;20;19,9;20,2;19,6;20,5;20,2;20,4;20,2;19,9;19,6;20,4;20,2;19,4;19,8;19,6;19,6;19,4;19,6;19,8;19,6;19,5;19,5;19,8;19,9;19,6;19,5;19,5;19,5;19;19;18,9;19,2;19;18,9;18,8;18,8;18,2;18,6;18,6;18,7;19;18,6;18,7;18;18,4;18,9;18,4;18,4;18,6;18,8;18,7;18,8;18,4;18,4;18,7;18,8;18,4;18,2;18,4;18,4;19;18,8;18,6;18,6;18,7;18,7;18,2;18,6;18,8;18,7;18,7;18,6;19,5;19;18,2;18,4;18,8;19;18,6;18,9;18,8;18,7;18,4;18,8;18,1;18,2;19;18,8;19,2;19,3;19;18;18,4;18,1;18,6;18,7;18,9;19,2;18,7;18,7;18,9;19,3;18,8;18,7;18,6;18,9;18,6;18,6;18,9;19;18,7;18,9;18,9;19;18,8;19,3;19;19;19,3;19,4;19,2;19;19,4;19,3;19,5;19,6;19,6;19,4;19,4;19,6;19,8;19,8;19,5;19,9;19,6;19,8;20;19,9;19,8;19,9;19,5;20;19,6;19,9;19,8;19,8;20,1;20;20,1;20;19,9;19,9;20,4;20,1;20,2;19,9;19,9;20,1;20,2;20,4;19,8;20;20;19,9;20,1;19,4;19,9;19,6;20,2;20;20,1;19,8;20;19,9;20,2;20;20;19,9;19,9;19,6;20;19,6;19,9;20;19,9;20;20;20,1;20,4;20,2;20,7;22,8;25,8;26,3;26,3;26,8;26,7;27,3;28,7;29,9;30,1;30,5;30,8;30,9;31,2;31,3;31,6;31,1;31,1;31,5;32,1;31,4;32,1;31,7;31,8;32;31,8;31,7;31,5;31,6;31,6;31,7;31,8;31,5;32;31,8;31,6;31,7;31,7;31,4;31,4;31,2;31,4;31,4;31,6;31,7;31,6;31;30,7;31,1;31,2;31;31,1;31,3;31,2;31;30,9;30,8;31,1;30,7;30,6;30,7;30,7;31;30,5;30,7;30,8;30,7;30,7;30,8;30,7;30,8;30,7;30,8;30,8;31;30,7;30,9;30,4;30,8;30,6;30,9;30,9;31,1;31,1;31;31,2;31,3;31,5;31,8;31,5;31,5;31,4;31,7;31,6;31,4;31,7;31,8;32,1;32,1;31,7;32,2;32,6;32,6;32,7;32,7;32,8;32,6;32,2;32,7;32,6;32,6;32,7;32,8;32,6;32,9;32,9;32,9;33,1;33,1;33,1;33,3;33,1;33,6;33,2;33,4;33,6;33,4;33,7;33,7;33,2;33,2;33,7;33,4;33,3;33,2;33,6;33,5;33,5;32,9;33,1;33,3;33,5;33,3;33,4;33,4;32,9;32,9;33;33;33;32,9;32,8;32,8;32,7;32,7;32,7;32,9;32,8;32,5;32,1;32,1;32,1;32,5;32,1;32,2;31,8;32;31,6;31,8;32;31,7;32,1;31,4;31,2;31,1;31,1;31,3;31,5;31,3;31,3;30,8;31;31,1;30,3;30,9;31,1;31;30,9;31,2;30,6;30,8;30,5;30,8;30,8;30,7;30,7;30,8;30,7;30,6;30,7;30,8;30,7;30,6;30,9;31,1;30,8;31;31;31,2;31,4;31,5;31,5;31,3;31,5;31,5;31,5;31,2;31,5;31,6;31,6;31,6;31,8;31,7;31,6;31,6;31,7;32,1;32,4;31,8;31,7;31,7;32,2;31,7;32,2;32;32,2;31,8;31,6;31,5;31,5;31,8;31,7;31,4;31,6;31,2;31,2;31,2;31,1;30,5;30,7;30,6;30,7;30,6;30,3;30,6;30,7;30;29,9;29,2;28,6;27,7;27,8;26,7;27,3;26,7;25,7;24,3;22,5;20,4;20,9;20,2;20,6;20,5;20,4;19,8;20,2;19,4;20,4;20,4;20,2;19,9;19,9;19,9;20,2;20,2;20,1;20,4;20,1;19,8;20;20;20;19,8;19,9;19,9;20,1;20,2;20,2;19,9;19,6;19,4;19,8;19,8;19,9;20;20,1;19,8;19,9;20;19,8;20,1;20,1;19,3;19,2;19,9;20,1;20;20,1;19,9;19,8;19,9;20,1;20,1;19,6;20,1;20,4;19,8;19,9;20,1;20,1;19,9;19,9;19,8;19,6;19,9;20;20;19,8;19,9;20;19,6;20,5;20,1;19,6;19,9;19,6;19,4;20,1;19,9;19,6;19,2;19,9;19,6;19,8;19,4;20,5;19,9;19,3;19;19,5;19,3;20,2;19,5;19,6;19,4;19,9;19,5;19,4;19,5;20,2;19,6;20;19,3;19,8;19,8;20;20;19,2;19,4;19,9;19,8;19,8;19,5;19,9;20,1;19,6;19,5;19,5;19,9;20;19,5;19,4;19,4;19,6;20;19,6;20;19,9;19,8;19,5;19,8;20;19,9;19,6;20,1;20,1;19,8;19,4;19,6;19,6;20;18,9;19,8;19,8;19,6;19,2;19,3;20;19,6;19,5;19,8;19,5;19,5;19,6;19,8;19,8;19,6;19,6;19,4;19,4;19,4;19,8;19,4;19,8;19,4;19,5;18,9;19,4;19,8;20,2;19,5;19,4;19,6;19,4;19,6;19,920,2;20,5;20,9;20,8;20,4;20,1;20,5;20,4;20,4;20,6;20,4;20;19,9;20,5;20,4;20;19,6;20;20,1;19,5;19,4;19,9;19,9;19,5;19,5;19,8;19,8;19,8;20;19,8;19,5;18,9;19;19,3;19,3;18,9;18,9;19;18,9;18,8;18,9;19;18,4;19,3;18,9;18,6;18,8;18,7;19;18,8;18,8;18,8;18,8;18,6;19;19;18,7;18,7;18,9;18,7;18,6;18,9;19;18,8;18,7;18,6;18,7;18,8;18,9;18,6;18,9;19,3;19;19,2;19,4;18,7;19;18,8;18,7;18,8;19;18,8;18,9;18,9;19,3;18,7;19,5;18,6;18,6;18,8;18,9;19,5;18,8;18,9;18,7;19,2;18,9;18,4;18,4;18,7;18,7;18,8;19;18,9;19,4;19,3;18,8;18,6;18,8;19,3;19,4;19,3;19,3;18,9;18,9;19,6;19,5;19,3;19,5;19;19,4;19,8;19,8;19,6;19,6;19,6;19,2;19,9;19,9;19,6;19,5;20,1;19,9;19,6;19,6;19,4;19,6;19,8;19,9;20,2;20;19,6;20;19,8;19,9;19,5;19,9;20,1;20;20,4;20,4;20,2;20,1;19,9;20,1;20,5;20,1;20,2;19,9;19,9;20,5;20,2;20,6;20;20,4;20,1;20;20,4;20;19,9;19,9;20,1;20;20,4;20,4;20,1;20,1;20,2;19,9;20,1;20;20,1;20;20,1;19,9;20,6;19,9;19,6;19,8;19,9;20,1;20,2;20,4;20,9;22,8;25,8;26,4;26,5;26,8;26,8;27,2;28,5;29,2;30;30,6;30,8;31;31;31,4;31,6;31,1;31,1;31,7;32,2;32;32,1;31,5;32;32,1;31,7;32;31,7;31,5;31,7;31,8;32;31,7;31,7;31,7;31,7;31,6;31,6;31,3;31,4;31,2;31,6;31,4;31,4;31,4;31,4;31,1;31,1;31,4;31,3;31,2;31,1;31;31,1;31,2;31,1;31;31,1;30,9;30,8;30,8;30,7;30,6;30,6;30,7;30,7;30,9;31,1;30,6;30,6;30,7;30,5;30,7;30,7;31,2;30,7;30,5;30,5;31,2;30,5;30,2;31;31,2;30,8;31,3;31,4;31,1;31;31,3;31,4;31,5;31,2;31,2;31,5;31,6;31,4;31,7;31,6;31,6;31,7;32,1;32,4;32,4;32,5;32,4;32,2;32,5;32,6;32,6;32,6;32,5;33;32,7;32,7;32,7;33,1;33,1;32,9;32,8;32,8;32,9;33;33,2;33,1;33;33,2;33;33,5;33,5;33,1;33,3;33,3;33,1;32,7;33,2;33,2;33,5;33;33,4;33,3;33;32,9;32,9;33,2;33,3;33,1;33,1;32,9;32,6;32,4;32,8;33,1;33;32,7;32,5;32,2;32,5;32,7;32,2;32,2;32,4;32,4;32,7;32,5;32;32,1;31,7;31,8;31,4;31,7;32,2;31,6;31,3;31;31,3;31,2;31,5;31,4;31,4;31,1;30,9;30,7;31,1;30,9;30,9;30,9;31;30,7;30,9;30,9;30,8;30,6;30,7;30,7;30,6;30,5;30,8;30,9;30,6;30,6;30,7;30,5;30,5;30,8;30,9;31;31,3;30,9;30,9;31,2;31;31,2;31,2;31,2;31,3;31,3;31,3;31,4;31,3;31,6;31,5;31,8;31,6;31,6;31,2;31,6;32;32,1;31,7;32,2;32;32,1;31,8;32,4;31,7;32,1;31,6;31,7;31,3;31,6;32;31,5;31,6;32;31,5;31,3;31;31;30,6;30,5;30,9;30,9;30,7;30,3;30,5;30,7;30,3;29,5;29,4;28,4;27,8;27,7;27,2;27,4;26,8;25,7;24;22;20,2;20,7;20,4;20,9;20,4;20,7;20,1;20,6;19,4;20,1;19,8;20,4;19,9;19,8;19,9;20,1;20,4;20,4;20,4;20,2;20,1;20,6;20,2;20,2;19,8;19,9;20;20,2;19,9;20,1;20,2;20,1;19,9;20,1;20,2;19,9;19,9;20,4;20,1;20,1;20;20,1;20,1;20;19,9;20,1;20;20,2;20,2;19,9;20;20,1;20,2;20,1;20,4;20,2;20,1;19,9;20;19,5;19,8;19,8;19,9;19,9;19,6;19,5;20,1;20,5;20,4;20,2;20;20,5;20,5;19,9;19,2;19,8;19,9;20;19,8;20;19,6;19,2;19,8;19,8;20,1;19,9;19,9;20,2;19,8;19,5;19,9;19,6;20,1;19,6;19,8;20,1;20,6;19,3;20,5;18,9;19,5;20,2;19,8;19,6;19,6;20;20,1;19,9;19,6;20,2;19,8;19,5;20,1;20,4;19,9;19,9;20,1;19,9;19,3;19,4;19,4;19,5;20,1;19,9;19,9;20,1;19,5;19,4;20,4;20,4;20,1;19,6;19,5;19,9;20;19,9;20,1;20,2;19,9;19,8;19,8;20;20;19,3;19,8;20,1;19,6;19,3;19,5;19,9;20;19,8;19,6;19,8;19,8;19,5;19,6;19,9;19,8;19,5;19,2;18,9;19;19,6;19,4;19,9;20,1;19,5;19,2;19,5;19,5;20,2;19,8;19,6;19,5;19,2;19,3;19,620,5;20,8;20,8;20,5;20,4;20;20,5;20,4;20,2;20,9;20,1;20,2;20,1;20,1;20,2;20,1;19,5;19,9;20,1;19,9;19,3;19,8;20,1;19,9;19,4;19,5;19,9;19,8;19,8;19,5;19,6;19;18,9;19,3;19,2;18,9;19,3;19;18,7;19,4;18,9;18,9;18,7;19,5;18,9;18,8;18,8;18,7;18,8;18,7;18,7;18,8;18,6;18,7;19,3;18,9;18,6;18,8;19,2;18,7;18,2;18,6;18,8;19,2;19,4;19;18,8;18,9;19;19;18,9;19,2;18,8;18,8;19,3;19,3;18,4;19,3;18,7;19;18,8;18,9;19,8;18,7;18,7;19;18,4;19,2;19;19,4;18,6;18,6;19,3;19;18,4;18,2;18,8;18,9;19,3;18,6;18,9;18,9;19;18,8;18,8;19,3;19,3;18,9;18,9;18,9;18,4;18,7;19,2;19;18,7;19,4;19,6;19;18,8;18,8;19,2;19,3;19,9;19,8;19,8;20;20,4;20,1;19,8;19,9;19,4;19,8;20;20,1;19,8;19,4;19,6;20,1;20,1;20,4;20;19,4;19,9;20,4;19,9;19,6;19,5;19,8;20;20,1;20,1;20,2;20,5;20,1;20;20,1;20,2;20,6;20,4;20,1;20,7;20,5;20,6;20;20,6;20,4;20,1;20,5;20,1;20,2;20;20,1;20,2;20,4;20,5;20,1;20,2;20,4;20,1;20,4;19,8;20,6;20;20,1;20,2;20,2;19,8;20;20,1;20;19,9;20,2;19,9;20,6;22,8;26,1;26,6;26,5;27,1;26,6;27,4;28,1;29,4;30,3;30,7;30,8;30,9;30,8;31,4;31,5;30,9;31,3;32;32;32;32;31,5;31,7;31,7;32;32;31,6;31,4;31,7;31,8;32;32;31,7;31,7;31,8;31,8;31,6;31,6;31,5;31,5;31,6;31,5;31,3;31,2;31,5;31,2;31,2;31;31,1;31,1;30,6;30,9;31,1;30,9;31,1;31;30,8;30,7;30,9;30,8;30,7;30,8;30,9;30,8;30,6;30,8;30,7;30,8;30,9;31;30,5;30,8;30,7;30,8;30,7;31,1;30,9;31;31;30,3;30,7;30,8;30,7;31,4;31,1;31,4;31,1;31,2;31,7;31,4;31,1;31,3;31,5;31,6;31,7;31,5;31,4;31,8;32;32;32,1;32,2;32,4;32,5;32,8;32,5;32,2;32,4;32,9;32,8;32,8;32,8;32,9;33;33;33,1;32,8;33,5;33;33,1;32,8;33,2;33,1;33,3;33,3;33;33,5;33,4;33,1;33,3;32,8;33,1;32,9;33,6;33,1;33,3;33,3;33,3;33,4;33,4;33,1;32,7;32,9;32,9;33,2;33,3;32,7;32,5;32,7;33;32,9;32,8;32,5;32,4;32,1;32,2;32,6;32,2;32,2;32,2;32,2;32;31,8;31,8;31,7;31,7;32,4;31,6;31,7;31,7;31,6;31,5;31,4;31,5;31,1;31,4;31,3;31,4;31;31,3;31;31,3;31;31;30,9;31;30,7;30,5;31;30,7;30,8;30,9;30,6;30,7;31,1;30,6;30,6;30,7;30,7;30,7;30,9;31,3;31,2;31,2;31,2;31,2;30,9;30,6;30,8;31;31,2;31,1;31,4;31,5;31,4;31,4;31,4;31,4;31,5;31,4;31,8;31,5;31,6;31,5;32;31,8;32;31,8;32,4;32,2;32,1;32,1;32,1;31,7;32,1;31,8;31,8;31,3;31,7;31,5;31,6;32;32,4;31,5;31,2;30,9;31,1;31,1;30,9;31,1;30,9;30,9;30,2;30,7;30,6;30,5;30,1;29,4;28,7;27,6;27,4;27,4;27,2;26,8;26;23,9;22,5;20,6;20,7;20,4;20,4;20,2;20,7;20;20,5;19,9;19,8;20,1;20,1;19,9;20;19,8;19,9;20;20,1;20,1;20,2;20,2;20,2;19,9;19,9;19,6;19,9;20,1;20,5;20,1;20,2;20,1;20;20;20,4;20,1;19,6;20;20,5;19,9;20;20;20,5;20,4;20,4;20,4;20;20;20,6;20,4;20,2;20,1;20;19,4;19,9;20,1;20,5;20;19,8;20;20,1;20,1;19,6;20;20,1;19,9;19,5;20,2;20,5;20,1;20,1;19,9;19,5;19,8;19,6;20,1;20,1;20,2;19,6;20,2;20;19,6;19,6;19,2;20,2;20,1;19,8;19,4;20,4;19,8;19,9;19,6;20,2;19,9;19,6;19,4;20,1;19,4;20,5;19,8;19,6;19,8;19,5;20;20;20;19,8;20;19,8;20;20;20;19,9;20,4;20,1;19,8;19,8;20;20;19,8;19,4;19,5;19,6;19,9;20,2;20;20;19,8;19,8;20,5;20,1;20;20;19,4;19,6;19,9;20,2;20,2;20,1;19,9;19,9;20,1;19,9;20;19,6;19,5;20,4;20,1;19,6;19,4;19,6;19,6;19,5;19,6;19,9;19,8;19,6;19,6;19,5;19,6;19,3;19,6;19,3;19,9;20;19,5;19,9;20;19,3;19,5;19,4;19;20;19,4;19,6;19,4;19,4;18,9;19,220,5;20,4;20,1;20,5;20,4;20,4;20,9;20,5;20,6;20,5;20,5;20,4;20,4;20,5;20;20,1;19,9;20;19,9;20;19,6;19,6;19,9;19,8;19,4;19,8;19,9;19,9;19,9;19,4;19,4;19,2;18,9;19,3;18,9;19,4;19,2;19;18,8;19,3;18,9;18,7;18,9;19,5;19,3;18,9;18,9;18,6;18,9;18,7;18,8;19;18,8;18,7;19,2;18,9;18,8;18,7;18,9;19;18,8;18,4;18,8;19,2;19;18,9;18,6;18,9;19,2;18,7;18,9;19,2;19,3;18,8;18,7;19,3;19,3;18,9;18,8;19,2;18,8;19;18,9;19,2;19,2;19;18,9;18,6;19;18,9;19,6;19;18,7;18,4;18,9;19,5;19;18,7;18,4;18,8;18,4;18,9;18,7;18,6;19,3;18,8;19,3;19;19;19;18,9;19,6;19,2;19;19,3;19,3;19,4;19,2;19,3;19,8;19,3;19,9;19,5;19,6;19,9;19,4;20;20,1;19,9;20,1;19,9;19,9;19,8;20;19,9;19,6;19,6;19,8;19,6;20;20;19,8;19,9;20,2;20,2;20,1;20;20;20,1;20,2;20;20,5;20,6;20,2;20,1;20,4;20,4;20,5;20,4;20,5;20,4;20,5;20,4;19,8;20,6;20,5;20,1;20,1;20,2;20,6;20,1;20,5;20,4;20,4;20,2;19,9;20,4;20,5;20,4;20,2;19,6;20,2;20;20,4;20,2;19,9;19,6;20,2;20,4;19,8;20;20,2;20,2;20,6;22,6;25,8;26,4;26,5;26,7;26,8;27,4;28,2;29,9;30,8;30,5;30,8;31;31,2;31,4;31,6;30,8;31,3;32,1;32,6;31,7;32;31,6;31,6;31,7;32;32,1;31,7;31,7;31,7;31,6;31,8;32,1;31,6;31,5;31,6;32;31,6;31,8;32;31,6;31,8;31,8;31,5;31,5;31,7;31,5;31,1;31,1;31,1;31,2;31,3;31,2;31,2;30,9;31;30,8;30,8;30,9;30,7;30,6;31;30,4;30,9;30,8;30,6;31;30,3;30,7;31,1;30,9;30,4;30,5;30,4;30,8;30,6;30,6;30,9;30,7;30,8;30,9;30,7;30,9;31;30,8;30,7;31,1;31;31,2;31,4;31,6;31,1;31,2;31,4;32,1;32;31,6;31,7;32;32,1;31,7;31,6;32,1;32,2;32,1;32,6;32,5;32,5;32,5;32,5;32,2;32,5;32,7;33;32,7;33;33,1;32,7;32,8;33;33,1;32,6;33,1;33,2;32,8;33,1;33,5;33,2;33,3;32,9;33,6;33,1;33,1;32,8;33,5;33;33;33,3;33,2;32,9;33;33,1;32,9;33,1;32,9;32,9;33,2;33,3;33,2;33;32,9;32,9;32,7;32,7;32,8;32,6;32,5;32,4;32,4;32,4;31,6;32;32,1;32,2;31,5;31,8;32;31,8;32,1;31,8;31,4;31,3;31,5;31,4;31,2;31,1;31,3;31,1;31;31,1;31;30,8;31,6;30,6;31,2;30,9;30,7;31;30,5;30,8;30,7;30,9;30,8;30,6;30,7;30,7;30,8;31;30,8;30,7;30,8;30,8;31,1;30,8;30,6;31,1;31,5;31,3;31,2;30,8;30,7;31,2;31,5;31,4;31,4;31,6;31,6;31,7;31,5;31,4;31,1;31,5;31,5;31,7;31,6;32,1;31,5;32;31,5;32,2;31,8;31,8;32;32;32,1;31,8;31,5;31,7;31,8;31,7;31,6;31,5;31,7;32,2;31,2;31,3;30,9;31,3;31;31,1;31,1;30,7;31;30,4;30,4;30,7;30,3;30,3;29,4;28,9;27,4;27,2;27,4;27,2;26,8;26,6;24;22,5;20,9;20,7;20,5;20,4;20;20,2;20;20,5;20,1;20;20,5;20,1;19,8;20,2;19,9;20,5;20,4;20,4;20,1;20,6;20,2;20;19,9;20;20,1;20,2;20,2;20,1;20,4;20,5;20,2;20;20,2;19,8;19,9;19,9;20;20,4;19,8;19,9;20;20,4;20,2;20,4;20;19,8;20,1;20,4;20,4;20,4;20,2;20,4;20;20,6;20,6;19,8;19,5;20,2;19,8;20,2;20;20,2;20;19,9;20,2;20,1;20,6;20,2;20,4;20;20;20,5;20;20,1;19,9;20,2;19,6;19,5;19,9;20,7;20,1;19,6;19,8;19,9;20;19,9;20;20,4;19,8;20;20,1;20,6;20,1;20;20,5;20,4;20,2;20,1;19,8;20;19,9;20,1;19,8;20,1;20;20,4;20,2;20;20,1;20,1;20,5;20,2;19,6;20;19,9;19,9;20,2;20,5;20,1;19,9;20;19,8;19,6;19,6;19,9;20,1;20,1;20,2;20,6;19,6;19,9;20,1;19,5;19,9;20,1;20;20;20,1;19,9;19,9;20,1;19,5;19,6;20;19,8;19,8;20,4;19,6;19,5;19,8;19,4;19,5;19,6;19,6;19,8;19,9;19,3;19;19,3;19,4;19,9;19,2;20;19,8;19,4;19,3;19,3;19,5;19,5;19,8;19,4;19,4;19,4;19,5;19,4;19,4;18,9;19,820,4;20,6;20,9;20,9;20;20,4;20,5;20,5;19,8;20,5;20,7;20,5;20,6;20,2;20,5;20,4;19,9;20,2;20,2;20;20;20,1;20;19,9;19,8;19,8;19,6;19,8;19,9;19,5;19,9;19,4;19,4;19,5;19,2;19,2;19,2;19;19,3;19,2;18,9;18,8;19;19,5;19,6;18,6;19,2;18,9;18,9;18,8;19,2;18,9;18,9;18,8;19;19,2;18,8;18,9;19,2;19,2;19,4;19,2;18,7;18,7;18,7;18,7;18,6;18,8;19,3;19,3;19,4;19,5;18,9;18,7;18,9;19,4;19,4;19,3;19,3;19,2;19,4;19,6;19;19;19;19,2;18,9;18,9;19;19,5;18,7;19;19,6;19,4;19;19,2;19;19,2;18,8;19;19,3;19,3;18,9;18,7;19;19,2;19,2;19,5;19,2;19,2;19,2;19;19,6;19;19,2;19,2;19,4;19,8;19,8;19,3;19;19,3;19,8;19,9;20;19,5;19,8;19,6;19,4;19,4;19,6;19,8;20,1;20;20;19,9;19,6;20;20;19,9;20,1;20;19,9;20;20;20,2;20,5;20,2;20;20,2;20,4;20,1;20,1;20,5;20,2;20,5;20,1;20,5;20,2;20,2;20,1;20,6;20;19,6;20,4;20,2;20,4;20,4;20,4;20,6;20,1;20,6;20,2;20,1;19,8;19,8;20,5;20,4;20,1;19,8;19,9;20;20,1;20,2;20;20,2;19,6;20,4;20,2;19,8;20,1;20,2;20,4;20,5;22,6;25,7;26,5;26,5;27,3;26,7;27,3;28,5;29,9;30,6;30,7;31,2;31;31;31,6;31,3;31,1;31,6;31,8;32,6;31,7;32,2;31,7;31,8;32;32,1;31,8;31,6;31,8;31,7;31,7;32,4;32,2;31,7;31,7;31,7;31,8;32;32,1;31,6;31,4;31,8;32;31,6;31,6;31,7;31,8;31,7;31,2;31,1;31,1;30,8;31;31;30,9;30,8;30,8;30,7;30,7;30,6;30,9;31;30,8;30,4;31,1;30,4;30,7;30,2;30,6;30,4;30,8;30,6;30,4;30,4;31,2;30,6;30,7;31,1;30,6;31,1;30,8;31;30,9;30,8;30,8;30,9;31,1;31;31,3;31,2;31;31,2;31,3;31,2;31,4;31,5;31,5;31,4;31,6;31,7;32;32,1;32,4;32,4;32,1;32,1;32;32,4;32,6;32,5;32,5;33;32,6;32,4;32,7;33,1;32,8;32,8;32,8;32,4;32,9;33;32,8;33,3;32,9;33,3;32,6;32,9;33;33;33;33,2;32,7;32,6;33,1;32,9;33,1;32,9;33,1;33,4;33,2;33,3;33;32,8;32,9;32,7;32,8;32,9;32,9;33;32,9;32,8;32,6;32,2;32,4;32,4;32,4;32,2;32;32,1;32,2;32,2;32;32;32,2;32,1;31,7;31,5;31,5;31,8;31,6;31,6;31,3;31,3;31;31,5;31,3;31,3;30,6;31,4;30,8;30,7;31;30,5;31,2;31,2;30,9;30,9;30,6;30,8;30,8;30,8;30,8;30,7;30,6;30,7;30,8;31,3;31;30,6;30,7;30,8;30,9;31;31,2;31,2;31,1;31,1;31;31,1;30,9;31,2;31,4;31,2;31,5;31,8;31,4;31,4;31,3;31,4;31,1;31,5;31,5;31,6;31,6;31,7;31,5;31,6;31,7;32;32,1;31,6;32,4;31,5;32;32;31,7;31,5;31,4;31,7;31,5;31,7;31,5;31,6;31,4;31,2;31;31,4;31;30,8;30,6;30,7;30,8;30,4;30,3;30,7;30,3;30;30;28,7;27,5;27,5;27,2;27,1;26,8;26,4;24;22,6;20,7;20,4;20,5;20,5;20,1;20,1;20,2;20,1;19,9;20,1;20,1;19,9;19,9;20;20,1;20,4;20,5;20,2;20,1;20,5;20,2;20,1;20,2;20,5;20,2;20,7;20,4;20,2;20,1;20,4;20,2;20,2;20,1;19,6;19,9;19,5;19,9;20,4;20;19,8;19,8;20,5;20,7;20,2;19,8;19,8;20,2;20,4;20,1;20,2;19,9;20,2;19,9;20,2;20,2;20;20;20;20,1;20,4;20;20;20,1;20,5;20,4;19,6;19,9;20,2;20;19,6;19,9;20,1;20,4;19,6;19,3;19,8;20,2;20,2;20;20,7;19,6;19,9;20,5;20,1;19,8;20,6;19,9;19,6;19,6;19,6;20;19,8;20,6;20,2;19,5;20,2;19,9;19,8;19,5;19,9;20,6;19,9;19,4;20,4;20;20,5;20,4;20,5;20;19,6;19,5;19,4;19,8;20,2;20,2;20,5;20,2;19,9;19,5;19,5;20;19,8;19,9;19,8;19,6;19,9;20,1;20,4;20,5;19,6;19,9;19,9;19,5;20;20,2;20;19,8;19,8;20,1;19,9;19,9;19,6;20;20;19,9;20,1;20;19,5;19,8;19,8;19,6;19,6;19,6;19,6;20;20;19,4;19,5;19,8;20;19,9;19,3;19,8;19,6;19,5;19,5;19,4;19,6;19,4;19,6;19,6;20,5;19,4;19,8;20,1;19,5;19,4;19,820,4;20,4;20,6;20,5;20,5;20,5;20,6;20,4;20,2;20,6;20,7;20,2;20,5;20,7;20,6;20,2;20;20,2;20,6;20,1;19,6;20;20,2;20;19,6;19,5;19,6;19,8;19,6;19,8;19,8;19,5;19,8;19,5;19,6;19,3;19;19,5;19,5;19,4;19,2;19,3;19,5;19,5;19,5;18,8;19,6;18,8;19;18,9;19;18,8;18,9;18,9;19,3;19,4;18,9;18,9;19,2;19,2;19,5;19,5;19;18,9;19;19,2;19;19,3;19,3;19,4;19,3;18,8;19;19,3;19,3;19,5;19,2;19,4;18,7;19,3;18,9;19;19,2;19,4;18,9;19,4;18,6;19,2;19,2;19;19,3;19,3;19;19,4;18,9;18,4;19;18,7;19;19,3;19,3;19,4;19,2;19;19,6;19,2;19,9;19,4;18,7;19;19,3;19;19;19,5;19,8;19,4;19,5;19,3;19,4;19,3;19,3;19,4;19,6;19,6;19,3;19,5;19,6;20,1;20,1;20;19,9;19,9;19,9;20;20,1;19,9;19,8;20,1;20;19,8;19,8;19,8;20;20,1;20;19,8;20;20,1;20,2;20,4;20,2;20,4;20,1;20,4;20,2;20,5;20,2;20,5;20,1;19,9;20,1;20,4;19,8;20,1;20,6;20,1;20,4;20,7;20;20,2;20;20,5;20,2;20;19,9;20;20,4;20,2;20,1;19,8;20,1;20;20,4;19,9;20,4;20;19,8;20,6;20;20;19,8;19,9;20;20,2;22,5;25,7;26,6;26,4;26,7;26,8;27,3;28,4;29,7;30,6;30,8;31,1;31,1;30,9;31,3;31,3;31,2;31,5;31,6;32,2;32;32,2;31,8;31,8;32,1;32,1;32,1;32;31,7;31,5;31,7;32;32;31,5;31,6;32;32;31,6;31,4;31,5;31,6;31,6;31,4;31,3;31,3;31,1;31,1;31;31,2;31,3;30,8;30,7;30,8;30,6;30,7;31;30,8;30,7;30,7;30,7;30,9;30,8;30,8;30;30,9;30,4;31;30,6;30,4;30,5;30,8;30,5;30,2;30,4;30,7;30,3;30,7;30,6;30,8;31;30,7;30,7;30,8;31;31,1;31,1;30,7;30,8;31;31,3;31,2;31,4;31,4;31,3;31,7;31,6;31,6;31,7;31,8;31,7;31,8;32;31,8;32;32;32,1;32,1;32;32,1;32,2;32,4;32,7;32,7;32,6;32,8;32,7;32,6;32,4;32,8;32,4;32,9;32,9;32,9;33;32,5;32,2;33,5;32,9;32,5;33,1;33,1;33;32,7;33,2;33,3;33,1;33,2;32,7;32,8;33;32,6;32,6;32,9;32,9;32,7;32,8;32,8;32,4;32,2;32,7;32,8;32,6;32,5;32,7;32,7;32,7;32,4;32,2;32,7;32,2;32,2;32,4;32,1;31,5;31,3;31,3;31,4;32,1;31,8;31;31,2;31,3;31,2;31,1;31,3;31,4;31,2;31,2;31;31,1;31;30,7;31,3;30,5;30,8;30,5;30,6;30,8;30,9;30,8;30,8;30,5;30,6;30,7;30,7;30,9;30,9;31;30,7;30,3;30,6;30,7;30,9;31;30,8;30,7;31;30,9;30,8;31,2;31,4;31,2;30,9;30,9;31,2;31,2;31;31,4;31,3;31,7;31,5;31,4;31,5;31,4;31,6;31,7;31,4;32;32;31,7;31,8;31,7;32,1;31,4;32;32;31,5;31,6;31,3;31,7;31,4;31,4;31,5;31,4;31,5;30,9;30,9;31,1;30,9;30,8;30,8;30,6;30,8;30,1;30,7;30,6;30,3;29,7;29,9;28,6;27,4;27,5;26,6;27,3;26,5;26,1;23,8;22,1;20,6;20,5;20,6;20,8;20,2;20,2;20,2;20,1;20,1;20,2;20;19,9;20;19,6;20,4;20,1;20,2;20;20,2;20,1;20,2;20,2;20,1;20,2;20,1;20,5;20,1;20,2;20,2;20,2;20,1;20,1;19,9;20;19,9;19,6;20,1;20,4;20,4;20;19,9;20;20,1;19,6;19,9;20,1;20,2;20,2;20,1;20,1;20,2;20,1;20;20,5;20,4;20,5;19,8;20,1;20,4;20,4;20;19,8;19,9;20,1;20,6;20,7;20,1;19,6;19,5;20,2;20,2;20,5;21,2;20;19,9;19,6;19,8;19,6;20,2;20,6;19,4;19,6;20;20;19,9;20,5;20,2;20,4;19,8;19,8;20,2;20,7;19,9;19,4;19,8;20,1;19,5;19,9;19,4;20;19,5;20,2;19,8;20;20;19,5;19,5;20,1;20,2;19,8;19,8;19,6;20;20;19,8;20,1;20,2;19,9;19,8;19,9;19,8;19,9;19,9;19,8;19,9;20,2;20,4;20;20,1;19,8;20,1;20,1;19,3;20;19,8;20,1;20,2;20;20,1;19,9;19,8;19,6;20,2;19,8;20;20,5;19,6;19,5;19,8;20,1;19,9;19,8;19,5;19,5;19,9;19,9;19,6;19,5;19,6;19,9;19,6;19,2;20,2;19,8;19,3;19,6;19,4;20;19,8;19;19,4;20;19,6;19,6;19,5;19,4;19,5;19,520,8;20,8;20,7;20,9;20,6;20,4;20,6;20,4;20,5;20,6;21,1;20,1;20,7;20,5;20,2;20,2;20,1;20;20,2;20,1;20;19,9;19,9;19,6;19,6;19,8;19,9;20;19,9;19,6;19,4;19,2;19,4;19,6;19,8;19,4;18,8;19,3;19,4;19,3;19;19;19,5;19,6;19;19,2;19,4;18,7;18,9;19,2;19;19;19;18,9;19,2;18,8;18,6;18,8;19;19;18,9;18,8;18,9;19;19,2;19,2;19,3;19,5;19,2;19;18,9;19,5;19,3;19,3;19,3;19,4;19,4;19,4;19;19,2;18,9;19,6;18,8;18,7;19,4;18,9;18,9;18,7;19,5;19;19;19;18,7;19,5;19,4;20,1;19,3;19,3;19;19,2;18,9;19,3;18,9;18,6;19;19;19,4;19;19;19,2;18,8;19,5;18,8;19,6;19,2;19,6;19,2;18,8;19,4;19,6;19,8;19,5;19,4;19,6;19,3;19,4;19,5;19,9;19,9;19,6;19,9;20,2;19,8;19,4;19,8;19,9;19,8;19,8;20;20;20,2;20;19,9;20,1;20,2;20;20,1;20;20,1;20,5;20,2;20,5;20,4;20,1;20,2;20,5;20,1;20,5;20,2;20,1;20,1;20,2;20,1;20,6;20,6;19,8;20;20,5;19,9;20;20,1;20,6;20,2;20;20;20,1;20,4;20,2;20;19,8;20;19,9;20,1;19,6;20,6;19,9;19,8;20,2;20,1;19,9;19,8;20,1;20,2;20,5;22,6;26,1;26,6;26,6;26,6;27,3;27,7;28,6;29,5;30,5;30,6;31;31,1;31,2;31,2;31,3;31,4;31,5;31,8;32,2;32,1;32,1;32,1;32,1;32,4;32,2;32;31,8;31,8;31,6;31,8;32;32,2;32,1;31,8;31,7;32,1;32;31,7;31,6;31,3;31,4;31,3;31,1;31,3;31,7;31,3;31,2;31,1;30,8;31;30,7;30,8;31;30,8;30,9;30,8;30,9;30,9;30,7;30,9;30,4;30,6;30,8;30,5;30,4;30,7;30,6;30,8;30,4;30,4;30,4;30,6;30,3;31;30,7;30,1;30,4;30,6;31;31;30,9;30,7;30,9;31,1;31,3;31,2;31;31,1;31,4;31,6;31,5;31,1;31,3;31,5;31,4;31,7;31,8;31,6;31,5;32;31,8;32,1;32,4;32;32,1;32,2;32;32,4;32,5;32,4;32,1;32,7;32,7;32,7;32,4;32,6;32,9;32,8;32,7;33,1;32,2;32,9;33;33;32,7;32,8;32,4;33,3;32,9;32,5;32,7;33,1;33,1;33,3;32,7;32,7;32,8;32,9;32,9;33;33,2;33;32,6;32,6;32,6;32,9;32,4;32,4;32,7;32,7;32,7;32,8;32,8;32,4;32,4;32,9;32,6;32,4;32,2;31,8;32;32;32,1;31,8;32;31,8;31,7;31,3;31,2;31,2;31;31,5;30,9;31,4;31,4;31,2;31,1;31,1;31,1;31;30,7;31,1;30,7;30,7;30,8;30,8;30,7;30,9;31;30,5;30,9;30,5;30,6;30,6;30,5;30,6;30,5;30,9;30,4;30,7;30,9;30,7;30,8;30,9;31,1;31,2;30,8;30,8;31;31,2;31,1;30,9;31,1;31,2;31;31,2;31,6;31,5;31,7;31,5;31,7;32,1;31,5;31,7;31,8;31,5;32,2;31,6;31,8;32;32,1;31,8;31,8;32,1;31,8;31,4;31,8;31,6;31,8;31,4;31,5;31,7;31,6;31,3;31,3;30,9;31,1;31;30,7;31,2;30,7;31,1;30,1;30,7;30,3;30,6;30;29,3;28,4;27,6;27,6;26,8;27,7;26,6;26,3;24;21,9;20,9;20,7;20,9;20,8;20,2;20,1;20,1;20,5;20,1;20,2;20,1;20,2;20,1;19,5;20,1;20,4;20,2;20;20;20,1;20,1;20,2;20;20,5;20,2;20,2;19,9;20,2;20,4;20,1;20,1;20,2;20;20;20;19,9;20;20,2;20;19,9;20,1;20,4;20,5;20,2;19,9;19,9;19,8;19,8;20;20,4;19,9;20;19,8;20,2;20,1;20,1;20,1;19,5;20,1;20;19,8;19,6;20,4;20,4;19,8;20,1;20,1;20,4;19,9;20;20,2;19,6;20,2;19,6;20;19,3;20,2;20;19,5;20,9;19,2;20,8;20;19,9;19,3;19,9;20,5;20;19,5;19,4;19,8;20;19,4;19,5;19,8;20;19,6;19,9;19,9;19,5;19,8;19,5;19,8;20,2;20,1;20;20;20,4;20,1;19,8;19,3;19,9;20,2;20,1;19,9;19,9;20,1;19,9;19,6;19,8;20,1;20,4;19,9;19,3;19,4;19,8;20,4;19,9;20,1;19,8;19,9;20;19,4;19,9;19,5;20,1;20,4;19,9;20,1;19,8;19,8;19,9;20,1;19,4;20,1;19,8;19,9;19,6;19,6;20,1;20;19,9;19,8;19,5;19,6;19,9;19,6;19,4;19,8;19,8;19,5;18,9;19,6;19,5;19,3;19,3;19,4;20;19,8;19,2;19,2;19,9;20;19,3;19,5;19,5;19,4;19,320,7;20,7;20,7;20,5;20,5;20,4;20,2;20,4;20,6;20,6;20,6;20,1;20,5;20,4;20,4;20,2;20,4;20,2;20,1;20,2;20,1;20,1;20;20;20;19,9;19,9;20,1;20,1;19,8;19,8;19,4;19,3;19,8;19,5;19,3;19;18,9;19,2;19,3;19;19;19,2;19,6;18,9;19;19;18,8;19;19,6;18,9;18,9;18,7;18,8;19,3;19;19,2;19,3;19,4;19,3;18,8;18,8;18,9;18,9;19;19,2;18,8;19;19,3;18,9;19,2;19,4;19,2;18,9;19,3;19,4;19,2;19,6;19,5;19,2;18,9;19;18,7;18,7;19,4;19,4;19;19,2;19,4;19,3;18,8;18,8;19,5;18,9;18,9;19,6;19,2;19,2;19,3;19,3;19,4;19,5;19,3;19,2;19,4;19,3;18,8;19,4;19,3;19,9;19,6;19,3;19;19,2;19,4;19,5;19,5;19,3;19,4;19,2;19,2;19,5;19,6;19,4;19,9;19,4;20,1;20;19,8;19,6;19,6;20,1;20,1;19,9;20,1;19,5;19,5;19,8;20,1;20,2;20,1;19,6;20;20,1;20,1;20,2;20,2;19,9;20,1;20,2;20,2;20,5;20,4;20,1;20,1;20,2;20,2;20,4;20,1;20,2;20,5;20,4;20;20,5;20,1;19,8;19,8;20,5;20,2;20,1;20,4;20,5;20,1;19,8;19,9;20;20,4;20,2;20,1;19,9;19,5;19,5;19,8;19,9;20,4;20;19,5;19,5;19,6;20;19,9;20,1;20,2;20,5;22,5;26,2;26,5;26,8;26,7;26,8;27,6;28,2;29,3;30,4;30,8;30,9;30,9;30,7;31,6;31,3;31,4;31,5;31,7;32,5;32,1;32;31,8;32,1;32;31,8;31,7;32;32,2;32,1;31,8;31,8;31,8;31,8;31,8;31,8;31,6;31,6;31,6;31,4;31,4;31,3;31,3;31,4;31,3;31,5;31,1;30,7;30,9;30,9;30,8;30,7;30,7;30,3;30,7;30,4;30,7;30,9;30,7;30,7;30,4;30,8;31,1;30,7;30,4;30,1;30,4;30,5;30,5;30,2;30,3;30,4;30,4;30,8;30,7;30,8;30,5;30,2;30,6;30,6;30,7;30,3;30,7;30,6;31;31,3;30,9;30,7;30,7;30,6;30,9;31,1;31;30,9;31,1;31;31,3;31,7;31,6;31,5;31,7;31,8;31,7;32;31,8;31,8;31,8;31,8;31,8;32,1;32,2;32,2;32,1;32,2;32,2;32,5;32,8;32,8;32,9;32,1;32,1;32,4;32,5;32,5;32,7;32,6;32,4;33,1;32,5;32,6;33;33,6;32,7;32,6;32,7;32,8;32,5;32,5;32,5;32,6;32,8;32,9;32,8;32,4;32,6;32,6;32,5;32,4;32,4;32,6;32,5;32,5;32,2;32,5;32,2;31,7;31,6;32,1;31,7;31,5;31,7;31,7;31,7;31,6;31,1;31,2;31,7;31,6;31,3;30,7;31,4;31,5;31,2;31;31,2;31,5;30,5;31;30,7;30,8;30,7;30,8;30,9;30,5;30,5;30,9;30,6;30,6;30,8;30,3;30,3;30,9;30,5;30,4;30,6;30,7;30,9;30,6;30,5;30,3;30,8;30,8;30,4;30,4;30,8;31;31;30,8;30,9;30,9;31;31;31;30,8;30,9;31,3;31,1;31;31,1;31,1;31,2;31,8;31,8;31,5;31,5;31,3;31,4;32,1;31,7;32,1;32,2;31,8;31,8;32;31,6;31,8;31,4;31,7;31,5;31,5;31,3;31,4;31,6;31,6;31,3;31;31,1;30,9;31,1;30,6;31,1;30,8;30,8;30,4;30,8;30,1;30,3;30;29,2;28,1;27,5;27,7;26,8;27,3;26,8;26;23,9;22,1;20,9;20,7;20,6;20,9;20,4;19,8;20,4;20,1;19,8;20,2;20,1;20,1;20;20;20;20,2;20,1;20,2;20;20,1;20,1;20,2;20,2;20,1;20,1;20,2;20,1;20,2;20,4;20,2;20,1;20;19,8;20;20;19,8;20,2;20,6;20;20,4;20,2;20,5;20,4;20,1;20;19,9;19,8;20,1;20,2;20,2;20,1;20,2;20,2;20,2;20,1;20,2;20,5;20,5;20;20,2;20,2;20,5;20;20;20,1;20,2;20;20,5;20,2;20,1;20,1;19,9;20,6;19,6;20,2;19,8;20,5;20;20,5;19,8;20,1;19,6;19,6;20;20;19,5;20,6;20,4;19,8;20,4;19,9;20,9;19,8;20,5;20;19,9;19,8;20;20;19,6;20;20,5;19,9;20,1;19,9;19,6;19,9;20,2;20,4;20,1;19,8;19,8;19,9;19,6;19,8;19,9;19,8;19,6;19,8;19,9;20,1;20,2;20,4;20;19,9;19,9;20,4;19,9;20,6;20;20;20;19,5;20;20,2;20,1;20,1;19,6;20;19,9;20,2;20,2;20;19,3;19,8;19,8;19,8;19,9;19,8;19,9;20;19,9;19,9;19,8;19,9;19,8;19,5;19,8;19,9;19,8;19,4;18,9;19;20;19,2;19,3;19,4;19,8;19,6;19;19,5;19,6;19,6;19,5;19,4;19,8;19,4;19,520,9;21,1;20,9;20,8;20,4;20,5;20,6;20,1;20,9;20,8;20,2;20;20,6;20;20,5;20,4;20,2;20,7;20,1;20,2;20;19,9;20;20,1;20;19,8;19,9;20;20;20,2;20,2;19,8;19,6;19,5;19,3;19,8;19,3;19;19,2;19,4;19;19,3;19,3;19,4;18,8;18,7;19;18,7;19;19,2;19;19,5;18,9;19;19,3;18,9;19,2;19;19,4;19,3;18,9;18,9;18,9;18,7;18,9;19;19;19,3;19;18,8;18,7;18,9;18,9;18,6;18,8;19,5;19,2;18,9;18,8;19,2;18,9;19,2;18,4;19,4;19,2;18,9;19,3;18,7;19;18,8;19;18,7;19,2;19,4;18,8;19,2;18,8;18,6;19;19,2;19,5;18,8;19;19;18,9;18,9;19,3;19,6;19,4;19,3;19;19;19,3;18,9;19,2;19,3;19,3;19,5;19,8;19,9;19,6;19,6;19,6;19,5;19,4;19,4;19,6;20;19,5;19,4;19,6;19,6;19,6;19,4;19,6;19,8;19,3;19,5;19,9;19,8;19,9;19,8;20;20;19,9;20,1;20,2;19,8;19,9;20,2;19,9;20,4;20,2;20;19,8;19,8;20,2;20,1;19,8;20,2;20,5;20,4;19,6;20;20;19,9;19,9;20,1;20,1;20,2;19,9;20,2;19,8;20;19,4;19,6;20,2;20;20;19,8;19,9;19,6;20;19,9;20,1;19,5;19;19,8;19,5;20,2;20;20;20,2;20;22,3;26,2;27,1;26,7;26,7;26,8;27,3;28,1;28,5;30,3;30,5;30,8;30,7;30,9;31,4;31,4;31,3;31,5;31,7;32,2;31,6;31,4;31,4;31,8;31,8;32;31,7;31,7;31,8;31,5;31,3;31,8;31,8;32;31,5;31,5;31,4;31,5;31,5;31,5;31,6;31,6;31,4;31,4;31,2;31,3;31,1;30,7;31;31;30,7;30,5;30,4;30,5;30,6;30,9;30,7;30,7;30,3;30,1;30,5;30,2;30,4;30,8;30,8;30,5;30,2;30,4;30,4;30,2;30,5;30,4;30,3;30,3;30,5;30,5;30,3;29,7;30,5;30,3;30,4;31;30,4;30,8;30,9;30,7;30,9;30,6;31,1;30,8;31,1;31;31,1;31;31,5;31,4;31,4;31,3;31,4;31,5;31,7;31,7;32;31,7;31,5;31,6;32;32,2;32,2;31,8;31,8;32,5;32;31,6;32,4;32,5;32,1;32,7;32,5;32,4;32,2;32,6;32,4;32,1;32,5;32,2;32,8;32,2;32,6;32,7;32,8;32,4;32,2;32,7;32,8;32,2;32,9;33,3;32,9;32,4;32,1;32,2;32,2;32,5;32,7;32,6;32,4;32,2;32,2;32,2;32,6;32,6;32,2;31,8;31,7;31,7;31,6;31,7;31,8;31,8;32;31,7;31,4;31,1;31,2;31,4;31,4;31,2;31,5;30,6;31,5;30,7;31,4;30,8;31,3;31,2;30,5;30,5;30,4;30,7;30,7;30,4;30,9;30,4;30,5;30,4;30,1;30,6;30,8;30,6;30,6;30,5;30,7;30,2;29,9;30,3;30,8;30,4;30,2;30,5;30,4;30,2;30,4;30,2;30,5;30,9;30,8;30,4;30,6;30,8;30,5;30,9;30,8;30,7;31,1;31,2;31,2;31,1;31,3;31,6;31,5;31,8;31,5;31,3;31,2;31,3;31,5;31,8;31,6;31,7;32,2;31,6;31,6;31,8;31,8;31,7;31,3;31,5;31,2;31,1;31,4;31,4;31,4;31,4;31,3;30,8;31;30,7;31;30,8;30,5;30,5;30,6;30,5;30,4;30,1;29,9;29,4;29,4;28,5;27,1;27,5;26,6;27,1;26,6;25,3;23,7;22,5;20,2;20,5;20;20,5;19,9;20,1;20,4;20;19,9;19,8;19,8;20,1;19,8;19,9;19,8;19,5;20,1;19,9;19,8;20;20;20;20,1;20;19,8;20,1;20;19,9;20,1;20,1;19,9;19,8;19,5;19,8;19,6;19,9;20,2;20,1;19,6;20,1;20,2;20,4;20;20;20,1;20;19,5;20,1;20,2;20,1;20;20,2;19,9;20,4;19,9;19,5;20,2;19,9;19,9;19,8;19,5;20,5;19,6;19,6;19,5;20;20,2;20,1;19,6;20;19,5;19,8;19,6;19,2;19,5;19,5;20,1;19,9;19,9;20,2;19,9;19,3;20,1;20,4;19,4;20;19,8;19,8;19,4;19,8;19,9;20,4;19,2;19,5;20,4;20,5;19,4;20,1;19,8;19,8;19,3;20,2;20;19,5;19,5;20,1;20,2;19,8;19,5;20;19,8;19,2;19,4;19,4;19,8;19,8;19,4;19,6;19,9;20,1;20,2;19,9;20,2;20,1;19,8;19,6;19,8;19,9;20,4;20,1;20,4;19,8;19,8;20;20,4;19,9;19,9;20;19,9;20;20;20;19,5;19,4;20;20,1;19,6;19,8;19,9;19,8;19,5;19,6;19,9;19,9;20,2;20,4;19,9;19,6;19,6;20,1;19,4;19,3;19,6;19,4;19,5;19,5;19,5;19,4;20,1;19,3;19,2;19,9;19,5;19,3;19,8;20,1;19,5;19,420,7;20,4;20,2;20,2;19,8;20,2;20,1;20,1;20,2;20,6;20,4;20,1;20;20;20,1;19,8;20,2;20,4;20,2;19,6;19,9;19,8;19,8;19,9;19,9;19,8;19,8;20;20,1;20;19,9;19,4;19,5;19,3;19,4;19,5;18,9;19;19,2;19,6;19;19;19,2;18,9;18,8;18,9;19,3;19,3;19;18,7;19,3;19,4;19;19,3;19,2;18,9;19,2;19,4;19,5;19,2;19;19;19,4;19,2;18,9;19;18,9;19,2;19;19;18,8;19,2;19;19,2;19;19,6;19,5;19;18,8;19,2;18,8;18,9;19;19,6;19,2;19,3;19,3;18,6;18,4;18,9;19,2;18,8;18,9;19,4;18,9;18,9;19,2;18,9;19,3;18,8;18,9;18,8;18,9;19,3;19,4;19,3;19,2;18,8;19,4;19;18,9;19,4;19,5;18,8;19;18,9;19;19,3;19,8;19,6;19,5;19,6;19,6;19,5;19,9;19,6;19,5;19,8;19,9;19,4;19,5;19,6;19,6;19,5;19,3;19,6;19,5;19,3;19,6;19,5;19,8;19,9;19,8;19,9;20;20;20,1;20,1;19,8;20,2;19,9;20,2;20,2;19,9;19,9;20,1;20,6;19,9;19,8;20,2;20,1;20,2;19,9;19,8;20;20,1;19,8;20,2;20,2;20;19,6;20,4;19,8;20,1;19,4;19,4;20;19,8;20,1;20;20,1;19,8;19,8;19,8;19,8;19,5;19,4;19,8;20;20;20;20,2;20,1;20,2;22,3;26,1;26,6;26,4;26,6;27,3;27,3;28;28,5;30,4;30,5;30,7;30,6;31;31,5;31,3;31,2;31,4;31,5;32,5;31,6;31,6;31,7;32;31,8;31,8;31,8;31,6;31,6;31,6;31,7;32;31,6;32,1;31,5;31,6;31,8;31,4;31,6;31,5;31,4;31,2;31;31,1;31;30,9;31;31,1;30,9;30,8;30,5;30,6;30,9;31;30,6;30,7;30,3;30,8;30,5;30,1;30,2;30,3;30,6;30,2;30,1;30,4;30;30,5;30,5;30,1;30,5;30;30,1;30;30,4;30,2;30,4;30,2;30;30,4;30,5;30,5;30,6;30,7;30,8;30,6;30,6;30,5;30,7;31;30,8;30,5;30,9;31;31,2;31,4;31,2;31,2;31,4;31,3;31,5;31,4;31,7;32;31,5;31,6;32;32;31,7;32,2;31,8;31,8;31,7;32;32,2;32,2;32,1;32;32,2;32,2;32,1;32,5;32;32,4;31,8;32,2;32;32;32,9;32,7;32,5;32,6;32,8;32,1;32,7;32,8;32,6;32,2;32,4;32,4;32,4;32,6;32,4;32,5;32,6;32,4;32,2;32,4;32,1;32;32,1;32,5;32,1;31,5;32;31,8;31,8;31,5;31,3;31,6;31,6;31,5;31,3;31,8;31,8;31,1;31,3;31,3;31,2;31,1;31;31;30,9;31;30,9;30,9;30,6;30,8;30,4;30,7;30,3;30,3;30,4;30,3;30,6;30,2;30;30,5;30,7;30,7;30,2;30,4;30,1;30,2;30,2;30,1;30,2;30,3;30,4;30,3;30,4;30,1;30,2;30,5;30,7;30,6;30,5;30,6;30,6;30,8;30,7;31;31;30,8;30,7;30,7;31,1;31,2;31;31,2;31,2;31,4;31,5;31,5;31,3;31,7;31,6;31,5;31,1;31,6;32;31,3;31,6;31,7;31,8;31,6;31,4;31,4;31,1;31,2;31,5;31,6;31,6;31,2;31,1;31,1;30,9;31;31,1;30,6;30,6;30,6;30,6;30,3;30,2;30;29,9;29,1;29,3;28,2;27,3;27,4;26,4;26,7;26,5;25,2;24;22,5;20,2;20,5;20,4;20,5;20;20,2;20,1;20;20;19,9;19,5;19,9;19,9;19,9;19,5;19,5;20;20,1;19,6;20,1;19,9;19,9;20,2;19,9;19,6;20,2;20;20;20;20;19,9;19,9;19,6;19,9;19,8;19,9;20,1;20,4;20,2;20,1;20,2;20,4;20,1;20,1;20,1;19,8;19,4;20;19,9;19,9;19,8;19,4;19,6;20,2;19,9;20;20,1;20,1;20;20,5;20,2;19,6;19,8;20,1;19,8;20,1;20,5;19,9;19,6;20,1;19,5;20,5;20,6;19,6;19,8;19,5;19,5;19,6;20;19,9;19,9;19,8;20,1;20,1;19,3;20,5;20;20,2;19,8;19,9;19;20,2;19,3;19,6;19,5;20,8;20,1;20,6;19,9;19,3;20;20,2;20;19,8;19,6;20;19,9;19,8;19,9;19,9;20;19,9;19,6;20;19,8;19,3;19,3;19,2;19,4;20;20,1;19,3;19,4;19,8;19,6;19,9;19,9;19,8;20,2;19,9;20,2;19,4;19,4;20;19,6;19,9;19,5;19,9;20,1;19,6;19,4;19,8;19,5;19,3;20,1;19,9;19,9;19,6;19,8;19,8;19,6;19,3;19,4;19,5;19,5;19,8;19,9;19,6;19,6;19,9;19,4;19,3;19,9;19,5;19,2;19,3;19,5;18,9;19,2;19,3;19,2;18,9;19,3;19,3;19,5;19,8;19,5;19,320,8;20,7;20,6;20,4;20,2;20,1;20,6;20,2;20,2;20,6;20,5;20,2;20,4;20;20,2;20;20,4;20,1;20,5;19,8;19,9;20;19,8;19,8;20;19,6;19,8;20;19,9;19,5;19,8;19,4;19,5;19;19,5;19;18,7;19;18,9;19,8;19;19;19,3;18,9;18,8;19,3;18,9;19,3;19,4;19;19,2;19,2;18,8;18,9;19;19;19;19,2;19;18,8;19,2;19,2;18,9;19;19,2;19;18,8;19;19,4;19,3;19,3;19,4;19,4;19,3;19,5;19,3;19,2;19;18,8;19,2;18,8;19,6;18,4;19,3;18,9;17,8;18,2;19,3;19,2;19,5;18,9;19;19,3;19,4;18,9;18,8;19,2;18,9;19;18,9;19;19,2;19,2;19;19,2;19,2;19,2;18,4;19,3;18,8;19,2;18,9;19,5;19,6;19,4;19,5;19,3;19;19,4;19,4;19,6;19,3;19,3;19,5;19,5;19,5;19,3;19,6;19,6;19,4;19;19,6;19,4;19,5;19,8;19,8;19,6;19,6;19,6;19,8;19,8;19,6;19,6;20;19,8;20;20;20;20;20,1;20;20,2;20,1;20,2;20,2;20,5;20,5;19,9;19,9;20,1;19,8;20,2;20;19,8;20,1;20,1;19,8;20,2;20,2;20,1;19,6;20,1;19,9;19,6;19,9;19,4;19,8;19,6;20;19,9;19,9;19,9;19,8;19,6;19,8;19,8;19,8;19,5;20;19,5;19,4;20,1;19,5;20,6;21,9;25,7;26,3;26,6;26,7;26,8;27,3;28,1;28,9;30,4;30,6;30,7;30,7;31,1;31,5;31;31,1;31,2;31,6;32,2;31,6;31,7;31,6;31,6;31,8;32,1;31,8;31,4;31,6;31,5;31,6;31,6;31,4;32,1;31,8;31,6;31,6;31,4;31,4;31,3;31,5;31,5;31,2;31;31;30,8;30,7;30,7;30,6;30,8;30,6;30,3;30,7;30,5;30,2;30,4;30,5;30,2;30,6;30,2;29,7;29,9;30,5;30,1;30,1;29,4;30,4;29,4;29,5;29,4;30,2;29,9;29,9;29,7;30;30;30,4;29,4;30,3;30,4;30,3;30,2;30,3;30,1;30,6;30,9;30,7;30,8;30,8;30,7;31,2;30,6;30,8;31;31,2;31;30,9;31;30,9;30,7;31,3;31,6;31,5;31,5;31,3;31,1;31,3;31,6;31,4;31,6;31,8;32;32;31,6;31,6;31,7;32,2;32,1;32,1;32,4;32,4;32,1;31,7;32,8;32,6;31,8;32,5;32,7;32;32,2;32,2;32,1;32,5;32,6;32,4;32,7;32,2;32,8;32,4;32,4;32;32;32,5;32,4;32,4;32,4;32;32,1;32;31,7;31,7;31,6;31,5;32,1;32,5;31,8;31,4;31,5;31,7;31,4;31,4;31,4;31,5;31,6;31,3;30,9;31,2;31,1;31;30,7;31,1;30,9;30,8;30,9;30,5;30,7;30,4;30,3;30,8;30,1;30,3;30,3;30,9;30,2;30,4;30,3;30,3;30,2;30,3;30,9;29,5;30,4;30,1;30;29,9;30,2;30,4;30,2;29,9;30,3;30,1;30,1;30,4;30,2;30,1;30,1;30,3;30,5;30,6;30,5;30,5;30,4;30,6;30,5;30,6;30,8;31;30,8;30,7;31,2;31,2;31;31,2;31,4;31,1;31,5;31,2;31,5;31,2;31,6;31,8;31,7;31,7;31,7;32;31,4;31;31,5;31,3;31,2;31,1;31,4;31,5;31,2;30,9;30,9;30,8;31,1;31;30,8;30,7;30,7;30,3;30,1;30,3;30,2;30,1;29;28,9;28,1;27,4;27,5;26,7;26,5;26,7;25,3;23,9;22;20,6;20,2;20,7;20;20;20;20,1;19,9;19,9;20,2;19,5;19,8;19,5;20,4;19,6;19,9;19,9;20,2;20;20;19,9;19,6;19,9;19,6;20,1;20,2;20;19,8;20;20,2;19,9;19,6;19,8;19,9;19,6;19,9;19,9;20,2;20,1;19,9;20,1;20,2;20,1;19,8;19,9;19,6;19,6;19,9;20;20,1;19,4;19,5;19,6;19,9;20,1;20,4;19,8;20,1;19,9;20;20,1;19,8;19,9;19,9;19,4;19,6;19,9;20;20;19,5;19,2;20,2;19,9;19,8;19,6;20,2;19,9;19,9;19,6;20,1;19,2;19,3;19,2;19,5;19,6;19,5;19,8;19,3;19,9;19,8;19,6;19,5;20,1;19,6;19,6;20;19,8;20,1;19,4;19,6;19,9;20,2;19,9;20,1;19,9;19,8;20,1;19,8;20;20;19,4;19,2;19,5;19,6;19,5;19,8;19,9;20;20;20;20;19,6;19,8;19,9;19,6;19,9;20,1;19,6;19,9;19,5;20;19,9;19,2;19,9;19,6;19,8;19,5;19,8;20,2;19,6;19,5;19,4;19,5;19,5;19,9;19,8;20;19,2;19,4;19,2;19,3;19,4;19,9;20;19,5;19,6;20;19,8;19,4;19,6;19,6;19,2;20,1;19,8;18,9;19,6;19,5;19;19,5;19;19,6;18,9;19;19,5;19,3;19;18,8;18,920,7;20,9;20,7;20;20;20,2;20,5;20,1;20,1;20,1;20,6;20,6;20;20,2;20,2;20;19,9;20,2;20,4;20;19,6;20;20;19,5;19,4;19,5;19,6;19,6;19,3;19,4;19,6;19;19,4;18,8;19,4;18,8;18,8;19;18,9;19,4;18,9;18,8;19,2;19,4;19;19,2;18,4;18,6;19,3;18,7;18,9;19,2;18,9;18,9;18,9;19;18,8;18,8;19,2;19,2;19;18,9;19,2;19;19;19,2;18,9;18,9;18,9;18,9;19;18,8;18,6;18,8;18,9;19,5;19,5;19,3;18,8;18,6;18,4;18,7;18,7;19,2;18,7;19,3;18,1;18,9;18,9;19;18,9;19,3;19;19,3;19,2;18,7;18;19,6;19,6;19,2;19;18,7;19,4;19,2;19,2;19,2;18,8;19,3;18,9;19,6;19,2;19,3;18,8;19,4;18,9;19,3;19,3;19,2;19,4;19,5;19,5;19,2;19;19,6;19,5;19,4;19,4;19,2;19,4;19,6;19,5;19,6;19,4;19,3;19,4;19,9;19,8;19,8;19,8;19,6;19,2;19,4;19,4;19,9;19,5;19,8;20,2;19,9;19,8;19,9;19,8;20;19,9;20,2;20,1;20,1;19,9;19,8;20;19,8;19,9;20,2;19,8;19,6;20,4;19,9;20,1;19,9;20;20;19,5;20,1;19,6;19,6;19,8;19,8;20,1;19,6;19,5;19,3;19,6;19,6;19,8;19,6;19,9;19,6;19,4;19,8;19,5;19,3;19,3;19,5;19,3;20,2;21,5;25,8;26,7;26,5;26,8;26,7;27,1;28;29,2;30,3;30,7;30,9;30,4;30,9;31,4;31,4;30,8;31,3;31,3;32;31,8;31,5;31,6;31,5;31,8;32;31,7;31,5;31,7;31,8;31,5;31,6;31,5;31,8;31,4;31,2;31,5;31,6;31,6;31,5;31,5;31,3;31,2;31,3;31,1;30,9;31;31,1;30,9;30,8;30,5;30;30,2;30,3;30,7;30,7;30,6;30,5;30,2;30;30,2;30;30;30,3;29,7;29,4;30;30,1;29,7;29,4;29,7;29,5;30,1;29,4;30;30,2;30;29,5;30,3;30,1;30,2;30,3;30,6;30,2;30,5;30,6;30,7;30,6;30,5;30,6;30,7;30,5;30,6;30,8;30,7;30,6;31;31,1;30,8;31;31,1;31,2;31,1;31,2;31,3;31,4;31,4;31,3;31,2;31,5;31,7;32,1;31,7;31,4;31,5;31,8;32;32;31,7;31,2;32,2;32,4;31,7;32;31,8;32,1;32,1;32;31,8;31,7;32,5;32;32,1;32,2;32,1;31,6;32,4;32,5;32,4;32,6;32,1;32,2;32,1;31,5;31,8;31,8;32;32,2;32,4;32,2;32,1;32;32,1;32;31,8;31,8;31,6;31,4;31,4;31;31,6;32,1;31,8;31;31,2;31,2;30,8;30,7;30,9;30,8;31,1;30,8;30,7;30,5;30,4;30,9;30,8;30,6;30,5;30;30,2;29,4;30,6;29,9;30,3;30,2;30,3;30,3;29,9;30,2;30,1;30,3;30;29,7;29,9;30,1;30,1;30;30;29,5;30,2;30,3;30,1;30,1;30,3;30,5;30,4;30,3;30,5;30,7;30,6;30,7;30,7;30,6;30,8;31;31;31,2;31;31;31;31,2;31,5;31,3;31,1;31,5;31,5;31,6;31,5;31,4;31,7;31,5;31,8;31,6;31,5;31,7;30,8;31,8;31,2;31,1;31,2;31,3;31,2;31,2;31;30,7;30,6;30,8;30,6;30,7;30,6;30,4;30,2;30,2;30,5;30,2;30,4;28,9;29;28,4;27,4;27,5;27,1;26,7;27,1;25,3;23,5;21,8;20,9;19,9;20,2;19,9;19,8;20,2;19,9;20;20;19,8;19,5;19,6;19,3;20,2;19,4;19,6;19,9;19,8;19,9;19,6;20;19,5;20;19,9;19,8;19,9;19,8;19,4;19,9;20,1;19,6;19,8;19,5;19,4;19,5;20,1;19,8;20;19,6;19,5;19,8;19,9;19,9;19,6;19,9;19,4;19,8;19,9;19,4;19,6;19,4;20;20;20,2;20,4;20,2;19,4;19,4;20,4;20,1;19,6;19,6;19,6;19,4;19,4;18,9;19,9;19,6;19,6;19,8;19,6;19,6;19,8;19,2;19,4;19,8;20;18,8;20;19,4;19;19,6;19,6;19,8;19,4;19,4;19,4;19,6;19,5;19,5;20;18,9;19,5;19;19,3;19,6;19,5;19,3;19,4;19,3;19,6;20;19,8;19,3;19;19,5;19,5;19,6;19,6;19,8;19,4;18,7;19;19,5;19,5;19,5;19,6;20;19,9;19,4;19,4;19,4;19,6;19,5;19,8;19,5;19,9;19,4;19,8;19,5;19,6;19,5;19,2;19,5;20;19,5;19,4;19,9;19,9;19,4;19,6;19,5;19,5;19,4;19,6;19,5;19,9;19,2;19,6;19,5;19,3;19,4;19,8;19,9;19,5;19,5;20;19,8;19,4;19,5;19,3;19;19,9;19,8;19,3;19,4;19,2;19;18,9;19;19;19,8;19,4;19,3;19,3;18,8;18,6;18,920,7;20,4;20,1;20,5;20,4;20,2;20,4;20,1;20;20,1;20,2;20,4;19,8;20;19,8;20,4;20,4;19,9;20,2;20,1;19,9;19,6;19,6;19,6;19,6;19,4;19,5;19,5;19,4;19,4;19,3;19,2;19,4;19;19,4;19;18,9;19,3;18,7;19,2;19;18,7;18,9;19,6;19;19;18,7;18,6;19,2;18,7;19,2;19,3;19;18,7;19;19;18,8;19,2;19,4;18,9;18,4;18,7;18,9;18,9;18,9;18,9;19;19;18,9;19;19;19,3;19,3;18,9;19,2;19,3;19,2;18,6;18,7;19,3;18,7;19,5;18,8;19,3;19,3;19,5;19,3;18,9;19,3;18,9;19;19;19;19,5;19;19,2;18,6;19,4;19,2;19,3;19,3;19;18,7;18,9;19,6;19,3;19,3;18,6;18,9;19,5;19,5;19;19,9;19;18,9;18,9;19,2;19,5;19,6;19,6;19,2;19,4;19,4;19,3;19,4;19,6;19,4;19,4;19,5;19,6;19,4;19,5;19,5;19,4;19,3;19,5;20,1;19,9;19,9;19,8;19,4;19,4;19,6;20,2;19,9;19,6;19,9;19,9;20,1;20,2;19,9;19,9;19,9;19,9;19,9;20,4;20,1;19,8;20,2;19,9;20,4;20,2;19,6;20,2;20;19,6;20;20;19,8;19,9;20,1;20;20;19,8;19,8;19,9;20;19,9;19,6;19,6;19,6;19,8;19,6;19,4;20;19,8;19,5;19,6;19,4;19,5;19,5;19,6;19,6;20,2;22,1;26;26,7;26,7;27,3;26,7;27,6;27,8;29,7;30,2;30,6;30,8;30,7;31;31,1;31,4;31;31,3;31,5;32,4;31,6;31,8;31,8;31,8;32,2;32;31,7;31,7;31,5;31,4;31,7;31,6;31,6;32;31,4;31,6;31,7;31,3;31,5;31,7;31,3;31,3;31,4;31,2;31,4;31,4;31;31;31;30,9;30,6;30,8;31;30,6;30,2;30,6;30,8;30,1;30,3;30,1;30,3;29,4;30,1;30;30,2;29,7;29,7;29,7;30,4;30,3;30,1;30;30,5;29,7;30,4;30,7;30,2;30,2;30;30,2;30,3;30,2;30,5;30,4;30,6;30,6;30,7;30,8;30,9;30,5;30,6;30,8;30,8;30,9;31,2;31,1;31,3;31,4;31,2;30,9;31,2;31,2;31,6;31,6;31,4;31,2;31,4;31,7;31,7;31,6;31,8;32,4;32,2;32,1;32,1;31,8;32,6;31,6;32;31,8;32,5;32,4;31,7;31,8;32;32;32,5;32,9;32,1;32,4;32,2;32,4;32,4;32,2;32,6;32,4;32,6;32,8;32,5;32,4;32,4;32,4;32,5;32,1;31,6;31,7;32;31,8;31,8;32;32;32,1;32;31,6;31,7;31,8;32,2;32;31,7;31,6;31,4;31,3;31,1;31,4;31,5;31,5;31,2;30,8;30,9;31,4;30,7;30,5;31,2;31;31;30,8;30,5;30,4;30,6;30,6;30,5;30,4;30,6;29,9;30,7;30,3;30,1;30,1;30,2;30,2;29,9;30,1;30,5;30,6;30;30,2;30,5;30,5;30,4;30,5;30,4;30,2;30,3;30,3;30,5;30,3;30,4;30,5;30,5;30,5;30,4;30,9;31;30,8;30,8;30,9;31,1;31,2;31,3;31,5;31,3;31,3;31,5;31,4;31,5;31,3;31,8;31,7;31,5;31,4;31,6;31,5;32,1;32;31,5;31,4;31,1;31,6;31,3;31;31,5;31;31,2;31,1;31,6;31,2;30,8;30,6;30,7;30,6;30,6;30,5;30,3;30,7;30,5;30;30,3;29;29;28,4;27,6;27,3;27,1;27,1;26,8;25,6;23,5;22,1;20,9;20,2;20,2;20,1;20,1;20,5;19,8;20,1;19,6;19,8;19,9;19,8;19,6;19,9;19,2;19,6;20,4;19,9;19,6;19,9;19,5;19,8;20,2;20,1;19,8;20,1;19,9;20,1;20,1;19,9;19,6;19,6;19,5;19,5;19,6;20,1;19,5;20,1;19,8;19,2;19,6;20;20;20;19,6;19,3;19,6;20,1;19,9;19,9;19,6;20,2;19,9;19,8;19,8;19,5;19,4;19,4;19,6;19,9;19,2;19,9;19,3;19,3;19,2;20;20;19,9;19,5;19,5;19,6;19,8;20;19,2;19,4;19,8;19,5;19;20;20,1;19,3;19,4;20,1;19,9;19,5;19,4;19,8;19,9;19;19;19,5;19,8;19,8;19,4;19,4;20,2;19,4;19,3;19,8;19,4;19,9;19,3;19;19,4;19,4;19,8;20,1;20,1;20;19,5;19,2;19,2;19,3;19,4;19,5;19,4;19;19,2;19,5;19,5;19,5;19,3;19,5;19,2;19,5;19,8;19,8;19,6;19,4;19,4;19,5;19,3;19,5;19,2;19,6;19,8;19,4;19,6;19,5;18,9;19,9;19,6;19,8;19;19,8;19,3;19,6;19,6;19,9;19,5;19,2;19,2;19,5;19,8;19,3;19,4;19,5;19,5;19,2;19;18,7;19,2;19,2;19,8;18,8;19,5;19,5;18,1;19;18,9;19,5;19,2;19,3;19,8;19,3;18,8;18,8;18,820,8;20,2;20;20,2;20,2;20,5;20;19,8;20,2;20,2;20,1;19,5;19,9;19,5;19,9;20;20,4;19,9;20,1;19,9;19,9;19,8;19,8;19,8;20;20,1;19,6;19,8;19,8;19,4;19,3;19,3;19,2;19,5;19,9;19,5;19,3;19,4;19;19,5;19,3;19;19,3;19,2;19;19,3;19,2;19,2;19,2;19,2;19,6;19,4;18,9;18,7;19,2;18,8;19,2;19,3;19,4;19,3;19,3;19,4;19;18,9;19,2;19,2;19,3;19,3;19,3;19;19,3;19,6;19,6;19,3;19,4;19,3;19,3;19,2;19,4;19,8;19,3;19,5;19,3;19,2;19,3;19,8;19,2;18,4;18,9;20,1;19;19,2;19,5;19,5;19,4;19,6;18,8;19,3;19,6;19,3;18,7;19,6;19;19,9;19,2;19,9;19,5;19,3;19,4;19,4;19;20;19,2;19,2;19,2;19,6;19,5;19,6;19,3;19,8;19,9;19,5;19;19,3;19,3;19,8;19,5;19,5;19,3;19,4;19,3;19,5;19,6;19,6;19,4;19,3;19,5;19,6;20,4;20;20,1;19,9;19,6;20,4;20;19,6;20;20;20,1;20,2;20,2;20,4;20,4;20;20,2;20,5;20,4;20,4;20,2;20,2;20,5;20,2;20,1;20,4;20;19,8;20;20,1;19,9;19,8;20;20,1;19,9;20,2;19,6;20,1;19,6;20;19,5;19,6;19,8;19,9;19,6;19,5;20,1;19,9;19,5;20;19,8;19,5;19,5;19,5;19,8;20,2;22,3;25,8;26,4;26,8;27,1;27,2;27,6;27,8;29,3;30,2;30,6;30,9;31;31,2;31;31,3;30,9;31,4;31,5;32,1;31,6;31,8;31,5;31,8;32;31,8;31,8;31,7;32;31,5;31,6;31,8;31,8;31,5;31,7;32,1;31,7;31,4;31,5;31,5;31,4;31,5;31,5;31,1;30,9;31;30,9;30,7;30,8;31;30,9;30,9;30,8;30,7;30,7;30,4;30,2;30,4;30,3;30,2;30;29,9;30,2;30,2;29,4;29,7;29,9;29,9;30,1;30,1;29,5;29,9;29,4;29,7;30,1;30,1;30,4;30,2;29,4;29,9;30,6;30,5;30,5;29,5;30,6;30,2;30,4;30,5;30,9;31,3;30,8;30,6;30,7;31,1;31;31,1;31;31;31;31,1;31,4;31,3;31,6;31,7;31,5;31,1;31,1;31,2;31,4;31,4;31,6;31,7;31,6;32,1;32;31,5;31,7;31,8;32,1;32,4;32;31,8;31,8;31,6;31,7;32;31,8;32,5;32,2;31,4;32,5;32,4;32,8;32,2;32,2;31,4;32,2;32;32;32,2;32,6;32,6;32,5;32;32;31,7;32,2;32,5;32,5;32,4;32,4;32;31,7;31,6;31,7;31,5;31,3;31,2;31,4;31,1;31,1;31,4;31,6;31,4;31,5;31,4;30,9;30,5;30,5;30,9;31,4;30,8;31,1;30,3;30,3;30,5;30,4;30,4;30,6;30,3;30,6;30,6;30,5;29,5;29,7;30,2;30;30,2;29,4;29,5;29,9;30,3;29,9;30;29,7;30,2;30,5;30,3;30,5;30,3;30,2;30,1;30,3;30,2;30,6;30,7;30,5;30,5;30,6;30,9;30,6;30,5;30,3;30,5;30,9;30,9;31;31,2;30,9;30,9;31,2;31,4;31,6;31,3;31,5;31,6;32;31,8;31,6;31,5;31,7;31,7;32,1;31,7;31,6;31,8;31,7;31,6;31,3;31,3;31,4;31,2;31,2;31,5;31,7;31,1;30,9;30,6;30,8;30,5;30,5;30,3;30,6;30,5;30,2;30;30;29,5;28,9;28,4;27,5;27,2;26,8;27,1;27,1;26;23,6;22,2;21,1;20,6;20,4;20,2;20,5;20,5;20;20,4;19,6;19,9;20;19,6;20;19,8;19,6;19,6;20,4;20;19,6;20,5;19,5;20,5;20;20;20;20,4;19,3;20;19,9;20;20,1;19,9;20,1;19,8;19,8;20;19,8;20,4;19,8;19,6;20;20,6;20,4;20,1;19,6;19,8;20;20,2;20,2;20,1;19,9;20,2;19,8;20;19,8;20,1;19,9;20,2;19,9;20;20,1;19,8;19,6;20;20;19,8;20,2;19,8;19,8;19,5;20;20,1;20,2;19,6;19,5;19,8;20,2;19,6;19,9;20,4;19,5;19,9;19,5;19,6;19,8;20,6;20;20,1;19,9;20,5;18,9;19,9;19,9;19,5;19,4;20,4;19,3;20,2;19,8;20;19,6;20,1;20;20,2;19,9;19,6;19,8;19,9;19,8;20,1;20,2;19,9;20,1;20;19,8;19,8;19,5;19,8;19,9;19,6;20,1;20;19,5;19,6;20,4;20,1;19,8;20,2;19,4;19,3;19,5;19,8;19,5;19,6;19,4;19,8;19,9;19,3;19,6;19,5;20,1;19,9;19,6;19,3;19,9;19,5;19,8;19,9;19,8;19,4;19,2;19;19,3;19,5;19;19,3;19,4;19,6;19,5;19,3;18,9;19,4;19,3;19,4;18,7;19,9;19,6;18,1;19;20;18,9;19,4;19;19,2;19,3;19,3;19,2;18,820,8;20,7;20,5;20,4;20,5;20,5;20,1;20,2;20,6;20,9;20,5;20;20,4;20;20,5;20,4;20;20,2;19,8;20,4;20;20;20,1;19,9;19,9;20,4;20,2;20,2;20,1;19,8;19,8;19,6;19,5;19,6;19,8;19,6;19,5;19,3;19,3;19,8;19,4;19,2;19,5;19;19,2;19,5;19,4;19,4;19,4;19,5;19,3;19,2;19,2;19;19,3;19,2;19,4;19,3;19,5;19,4;19,2;19;19,2;19,3;19,2;18,9;19,2;19,6;19,6;19,8;19,6;19,6;19,5;19,6;19,9;19,5;19,4;19,3;19,4;19,5;19;19;19,2;19,5;19,5;20;19,6;18,9;19,3;19,8;19,2;19,4;19,4;19,6;19,2;19,4;19,4;19,2;19,6;19,5;19,8;19,9;19,3;19,4;19,3;19,4;19,3;18,9;19,3;19,4;18,9;19;19,4;18,9;19,8;19;19,3;19,3;19,3;19,6;19,5;19,5;19,5;19,5;19,9;20,2;19,9;19,8;19,4;19,3;19,8;19,9;19,8;19,5;19,3;19,6;19,6;19,5;20,1;19,8;19,8;20;19,8;20,4;19,9;19,8;20;20;19,9;20,1;20,4;20,1;20,4;20,4;20,1;20,2;20,5;20,8;20,1;20,1;20,5;19,9;20,2;19,9;20,4;20;20,5;20,2;20;20,1;19,9;20,4;19,4;20,5;19,6;20,2;19,8;20,1;19,6;19,9;19,8;19,9;19,8;19,8;19,9;19,5;19,9;20,2;19,6;20;19,9;19,6;20;20;21,9;26;26,7;26,8;26,7;27,4;27,6;28,1;29,1;30,4;30,6;31,2;30,9;31,2;31,4;31,3;31;32;31,7;32,2;31,6;32,1;31,7;31,7;32,5;32,4;32,4;31,7;32;32;31,7;31,7;32;32,1;32;32,1;31,8;31,5;31,5;31,3;31,2;31,5;31,6;31,2;31;31,2;31;30,8;30,9;31;30,8;30,8;30,6;30,4;30,3;30,3;30,5;30,4;30,3;30,2;29,7;30,2;30,5;30,5;30;30,2;29,4;30;29,5;30,2;29,9;29,9;29,7;30;30,2;30,2;30,1;30,1;30,7;29,9;30,3;30,3;30,6;30,3;30,5;30,2;30,6;30,8;30,3;30,3;30,8;31;30,6;30,7;31;31;31;31;31,2;31,3;31,1;31,2;31,6;31,6;31,3;31,7;31,7;31,6;31,5;31,7;31,7;31,7;32,1;31,8;31,5;31,5;31,6;32,4;31,7;31,7;32,1;32,4;31,8;31,7;32,6;32,2;32;32,8;32,1;32,9;32,2;32;32,6;32,2;32,1;31,8;32,4;32,5;32,2;32,8;32,5;32,1;32,2;32,4;32,1;32,4;32,2;31,7;31,8;32;31,7;31,5;31,5;31,5;31,6;31,4;31,4;31,6;31,6;31,5;31,4;31,5;31,5;31,3;30,9;31;31,3;31,1;31;31,2;31;31,2;30,9;30,2;30;30,4;30,6;30,7;30,6;30,7;30,3;30,3;30,4;30,1;30,5;30;29,9;29,9;29,7;30,2;29,9;30,7;30,1;29,9;29,3;30,3;30;30,2;30,2;30,1;30,1;30,2;30,3;30,3;30,5;30,8;30,6;30,4;30,6;30,8;31;31,1;30,9;30,9;31;31,2;31,3;31,1;31,2;31;31,4;31,7;31,8;31,6;31,7;32;32;32,1;31,8;32;31,6;31,4;31,8;31,5;31,7;31,8;31,7;31,8;31,2;31,6;31,5;31,4;31,2;31,6;31,5;31,4;30,8;30,8;30,7;30,8;30,6;30,6;30,7;30,5;30,2;30,3;30;29,7;29,1;28,2;27,5;27,2;26,8;27,4;27,1;25,8;23,5;22;20,9;20,7;20,5;20,4;20,6;20,2;20,2;20,4;20;19,8;20,1;19,8;20,1;19,8;20,2;19,8;20;20,4;19,9;20,4;20;20,1;19,8;20;19,6;20;19,8;19,9;20,1;20,2;20,2;19,8;20;19,4;19,8;19,9;20;20,5;19,6;19,6;20,1;20,5;20,1;19,8;19,9;20,2;20,1;20,1;20,1;19,9;19,8;19,5;19,8;19,9;20;20,4;20,1;19,8;19,4;19,8;19,6;19,8;18,9;19,9;19,2;19,6;19,4;19;19,8;19,9;19,6;19,8;20,4;19,8;20;19,9;20,1;19,3;20,1;20,6;19,5;19,2;19,8;20,1;20,2;20,2;19,9;19,8;20;19,6;20,1;20,2;19,3;20,2;19,5;19,5;19,2;19,2;19,9;20,1;20,2;20,2;19,5;19,9;20;20,1;20,1;19,8;20;19,6;19,3;19,8;19,8;19,4;19,8;19,9;19,5;19,6;19,9;19,5;19,9;20,1;20,1;19,9;20,9;19,6;19,8;20,4;19,5;19,5;19,6;20,1;19,2;20;19,6;19,8;20,6;19;19,8;20;20;19,5;19;19,2;19,4;19,4;19,8;19,8;19,4;19;19,3;19,6;19,6;19,6;19,3;19,4;19,5;19,6;19,8;19,6;18,7;19,3;19,6;19,5;19,6;19,4;19,4;18,9;19,2;18,6;18,8;19,3;19,2;19,2;19;19,2;19,2;18,920,8;20,7;20,5;20,5;20,5;20,4;20,1;20,8;20,4;20,1;19,9;20,1;20;20,1;20,7;20,1;20,1;20;20;20,2;19,9;20,6;20,6;19,9;19,8;19,9;20;19,9;19,8;19,9;19,9;19,6;19,5;19,6;19,5;19,3;19,3;19,5;19,4;19,8;19,4;19;19,4;19,4;19,5;19,6;19,5;19,3;19,9;19,4;19,3;19,5;19,4;19,3;19,8;19,5;19,4;19,4;19,4;19,4;19;19,2;19,2;19,4;19,5;19,4;19,4;19,6;19,4;19,2;19,5;20;19,8;19,2;19,4;19,8;19,9;19,5;19,3;19,3;19,3;19,6;19,5;19;19,9;19,6;19,8;19,3;19,6;19,3;19,2;19,9;19,8;20,2;19,6;19,3;19;19,8;19,5;19,8;19,5;19,5;19,5;19,2;19,6;19,4;19,2;19,3;19,6;19,8;19,4;19,9;19,5;19,4;19,3;19,2;19,5;18,9;19,9;19,8;19,4;20,2;20,4;19,6;19,4;19,9;20;19,9;19,5;19,5;19,9;19,9;20,2;20,1;19,6;19,9;19,9;19,8;20;20,1;19,9;20;19,9;20,4;19,9;20,2;20,2;20;20,2;20,5;20;20,1;20,5;20,5;20;20,1;20,4;20,4;20,1;20;20,5;20;19,9;19,9;20,2;20;20,4;20,6;20,1;20,1;20,1;20,4;19,6;20,1;19,6;20,1;19,9;19,8;19,6;20,6;19,6;19,9;19,6;19,6;19,4;20,1;19,8;19,6;19,8;19,8;19,9;19,8;19,8;20;22;25,7;26,7;26,8;26,6;26,8;27,5;27,8;29,4;30,1;30,7;30,7;30,8;30,9;31,3;31,5;31,1;31,6;31,8;31,8;31,7;32;32,1;31,5;32,1;31,8;31,8;31,4;31,4;31,8;32,1;31,7;31,6;31,4;31,6;31,6;31,3;31,5;31,6;31,3;31,1;31,1;31,2;31,2;31;31;31,2;31,1;30,9;30,7;30,5;30,3;30,5;30,6;30,1;30,1;30,4;30,1;29,9;29,9;29,9;29,9;29,9;30,6;29,5;30,2;29,4;29,4;30;29,5;29,7;29,3;29,1;29,3;30,2;29,9;29,9;30,2;30;29,7;30,3;30;30;30,2;30,6;30,3;30,3;30,5;30,5;31;31;30,8;30,8;30,9;30,6;30,6;30,9;30,9;31,2;31,2;30,8;30,9;31;31,2;31,1;31,1;31,2;31,3;31,4;31,7;31,3;31,3;31,1;31,6;31,6;31,5;31,6;32;31,4;31,7;31,7;32;31,7;31,2;31,5;32,1;31,8;32,2;31,7;32;31,7;32;31,6;31,5;31,7;31,5;31,5;31,8;31,8;31,7;31,7;32;31,5;31,7;31,8;31,7;31,6;31,4;31,2;31,7;32;32,2;31,7;31,3;31,3;31,1;31,3;31,4;31,2;31;31;31,1;31,1;31,1;30,8;30,6;30,7;30,7;31;30,7;30,7;30,8;30,4;30,3;30,7;30,6;31;30,7;30,4;30,1;30,1;29,3;30,3;29,5;30,1;30,2;29,4;30;30,4;29,2;29,2;30,2;30;30;29,5;30,1;30,5;30,1;30;30,2;30,2;29,5;29,9;30,3;30,4;29,9;30,2;30,2;30,2;30,6;30,9;31;31,2;31,2;30,8;30,5;30,7;31;31;31;31,3;31,6;31,6;31,4;31,4;31,7;31,7;31,6;31,4;31,3;31,3;31,4;31,7;31,1;31,5;31,5;31,4;31,4;31,5;31,6;31,3;31,6;31,3;31,7;31,1;31,3;30,7;30,8;31,1;30,7;30,5;30,7;30,6;30,4;30,5;30,3;30;29,9;29,1;28,4;27,4;27,3;26,6;27,4;26,7;25,5;23,6;21,9;20,5;20,4;20,5;20,4;20,1;20,4;20,1;20,1;19,9;19,8;20,1;20,2;20,1;19,8;20;19,6;19,9;20,4;20;20,2;20,5;20;20;19,8;19,8;20;20,2;20;20,4;20;20,4;19,8;19,9;19,5;19,9;19,8;20;20,1;19,6;19,9;20,2;20,4;20,1;19,8;20;20;20;20,5;20,2;19,9;19,8;20,2;20,4;20;20,1;19,6;19,8;20,1;20;20,2;20,5;20,7;20,5;19,8;20;19,9;20;20,5;20,6;20,9;19,6;20,4;20,7;19,3;20,5;20,2;19,9;20;19,6;19,8;20,1;20,2;20,1;19,5;19,8;19,6;19,9;19,9;20,5;20,1;20;19,9;19,9;19,2;19,9;20,5;19,4;19,6;19,9;19,9;20;20;19,8;20,2;20,4;20,2;20,2;20,1;19,5;19,3;19,4;19,2;19,5;20,1;20,2;20,1;19,9;19,5;19,6;19,9;20;19,9;20,4;20;20,2;19,5;20;20;19,9;20;19,4;19,9;19,9;19,8;20;20;20,6;19,6;19,8;19,9;19,8;19,2;19,3;19,4;19,6;19,5;19,5;19,8;19,9;19,8;19,3;19,2;19,6;19,9;19,9;19,8;19,6;19,4;19,3;19,8;19,4;18,7;19,3;19,6;19,6;19,3;18,8;19,8;19,9;19,6;19,4;19,3;19,3;19,2;18,8;19;19;18,820,6;20,5;20,5;20,4;20,4;20,7;20,6;20,7;20,7;20,7;20,6;21,5;20,7;19,8;20,8;20,6;20;20,5;20,8;20,2;19,9;20,2;20,4;20,1;20;20;20,5;20,2;19,9;19,8;19,9;19,6;19,5;19,8;19,5;19,5;19,2;19,5;19,5;19,6;19;19,2;19,3;19,6;19,6;19,4;19,2;19,3;19,8;18,9;19,5;19,8;19,4;19,3;20;19,5;19,3;19,6;19,4;19,2;19,2;19,3;19,6;19,6;19,3;19,3;19,4;19,6;19,6;19;19;19,6;19,6;19,3;19,4;19,5;19,5;19,2;18,9;19,4;19,9;19,5;19,8;19,2;19,9;18,7;19;19,3;19,6;19,3;19,5;19;19,5;19,8;19,4;19;18,9;19,6;18,9;19,2;19;19,4;19,4;19,2;19,4;19,6;19;19,5;19,6;19,5;18,9;19,5;19,6;19,3;18,9;19,6;19,9;19,4;19,4;19,4;19,9;19,8;19,6;19,9;19,9;19,6;19,6;19,9;19,3;19,5;19,6;19,6;19,8;19,9;20;19,6;19,8;19,8;19,8;20;19,9;19,8;19,8;20,2;19,9;20,1;20,2;19,9;20,4;20,1;19,8;20,2;20,4;20,1;20,1;20,2;20,5;20,2;20,1;20;20;20,5;19,9;20,1;20,1;20;20,2;20,6;20;20,1;20;20,4;20;20,5;19,8;20,1;19,6;19,9;19,9;20,8;19,8;20;19,8;20;19,9;20,2;19,5;19,9;19,8;20;19,6;19,9;19,9;20,2;22,1;26;26,7;26,6;27,1;27,1;27,4;27,9;29,9;30,1;30,9;30,7;31,1;30,9;31,5;31,5;31,4;31,4;32;32;31,8;32,1;31,8;32;32,4;32;32,1;32;31,7;32,1;32,1;32,1;32,1;32,1;32;31,7;31,5;31,4;31,7;31,8;31,7;31,6;31,4;31,2;31,1;31,3;31,1;31,1;31;31;30,9;30,8;30,8;30,6;30,5;30,5;30,8;30,5;30,3;30,2;30,3;30,2;29,7;29,9;30,2;30,3;30,4;29,5;29,7;30,1;30,3;29,5;29,9;29,9;30,1;29,5;30,6;30;30,1;30,2;30,8;30;30,3;30,3;30,3;30,2;30;30,5;30,9;31,3;31,1;31,1;30,8;30,8;31,1;31,2;31,1;30,9;31,1;31,2;31,3;31,3;31,2;31,4;31,6;31,7;31,6;31,7;31,6;31,5;31,8;32;31,6;31,6;32;31,8;31,7;31,7;31,6;32,4;31,8;32,7;31,7;32,6;31,8;32,4;32;32,5;31,7;32,6;32,5;32,5;32,6;32,8;31,8;31,6;32,4;32,5;32,2;31,8;32,2;32,2;32;32;32,1;31,8;32;31,7;32;32,2;31,6;31,6;31,5;31,3;31,7;31,6;31,5;31,3;31,6;31,3;31,5;31,7;31,3;31,3;31,2;31,2;30,9;31;31;31;31;30,7;30,9;30,7;30,4;30,3;30,1;30,3;30,6;30,2;30;30,3;30,5;29,9;30,3;30,3;30,3;30,2;30,2;29,9;30,4;29,7;30,3;29,9;30;30,2;30,3;30,1;30,3;30,1;30,2;30,2;30,6;30,5;30,5;30,6;30,4;30,4;30,6;30,9;30,7;30,4;30,7;30,8;31;31,2;31;30,9;31,4;31,4;31,6;31,6;31,8;31,6;31,5;31,7;31,6;31,6;31,6;31,2;32;32;31,7;31,4;31,6;32;31,6;31,5;31,5;31,6;31,3;31,7;31,3;31,6;31;31,1;30,8;31,2;31,3;30,9;30,7;30,6;30,5;30,4;30,5;30,7;30,2;30;29,2;28,4;27,7;27,6;26,7;27,5;26,8;25,5;23,9;21,8;20,7;20,7;20,7;20,5;20;20,5;20,2;19,9;19,9;19,9;19,9;20,4;20,2;19,8;19,6;20;20,4;20;20;20,1;20;20,1;19,9;19,8;20,4;20,4;20;19,9;20;20,2;20,2;19,9;19,9;19,6;19,8;19,9;19,5;19,5;19,5;19,5;20;20,4;19,9;20;19,9;19,9;20,1;20;19,8;19,5;19,4;20;20;19,6;19,8;19,8;19,6;20,2;19,5;19,9;19,8;20,4;19,5;20,1;19,9;20,1;20,1;19,8;19,9;19,6;19,9;20;19,5;19,5;19,8;20,6;19,5;19,6;19,5;20,1;18,9;19,8;19,8;20;19,6;19,4;19,9;19,9;19,3;19,6;19,5;19,9;19,2;20,5;18,9;20,1;19,6;20;19,9;20,1;20;19,9;19,2;19,4;19,9;19,9;19,5;19,4;19,5;19,9;19,8;19,5;19,5;19,8;19,8;19,9;20,1;19,6;19,5;19,8;20,1;20,1;20,1;20;20;19,6;19,8;20;20,1;19,8;19,4;19,5;19,9;19,6;20,1;19,9;20;19,8;19,2;19,6;19,6;19,5;19,4;19,4;20,4;20;19,4;19,3;19,4;19,6;19,5;19,5;19,8;19,6;19,6;19,6;19,5;19,5;19,4;20,6;19,6;18,9;19,4;19,5;19,2;19;18,9;19,4;19,2;19,6;19,5;18,8;19,2;19,4;19,3;19,5;19,3;19,220,5;20,6;20,5;20,1;20,2;20,4;20,1;20,5;20,6;20,6;20,5;20,4;19,6;20,2;19,9;20,4;19,6;20,1;20,4;20,1;20,2;20;19,9;19,8;19,8;19,4;19,9;19,8;19,3;19,5;19,6;19,3;19,5;19,5;19,8;20;19,3;19,6;19,9;19,9;19;19,4;19,5;19,8;19,4;19,6;18,9;19,4;19,4;19;19,5;19,8;19,5;19,5;20,1;19,6;19,4;19,6;19,5;19,4;19,4;19,5;19,5;19,5;19,4;19,3;19,4;19,6;19,5;19,4;19,9;20;19,5;19,4;19,9;20;20;19,6;20;20,1;19,8;19,8;19,6;19,6;20;20,2;19,2;19,6;19,4;19,8;19,2;20,4;19,6;20;19,5;20;19,8;19,8;19,5;19,9;19,8;20;19,6;19,5;20;20,1;19,6;20;19,5;20;19,6;20,4;19,2;20;19,6;20,1;19,9;19,8;20;19,8;19,8;20,1;19,8;20;20;20;20;20,2;20;19,8;19,9;20,6;20,1;19,9;20;20;19,9;20;20,1;20,4;20;20;20;19,9;20;20,1;20;20,2;20,4;20,1;20,2;20,4;20,2;19,9;20,2;20,2;20,5;20,5;20;20,4;19,9;20,8;19,8;20,2;20,2;20,1;20,2;20,4;20,2;20,2;20,1;20,1;20;20,4;19,8;19,9;19,8;20,2;20,1;19,9;20;20,4;19,8;20;19,6;19,8;19,6;19,8;19,6;19,9;19,6;19,5;19,4;19,9;21,9;26,1;26,7;26,8;27,1;27,3;27,4;28;29,4;30,2;30,9;31,1;31;30,8;31,6;31,4;31,5;31,6;31,6;31,8;31,6;32,1;31,8;32;32,1;31,8;31,8;31,8;31,7;32,1;32;31,6;31,3;31,3;31,7;31,8;31,5;31,3;31,2;31;31,1;31,2;31,4;31;30,7;30,9;30,9;30,7;30,8;30,5;30,2;30,2;30,3;30,4;30;29,9;29,9;29,7;29,9;29,7;30;29,7;30;30,1;30;29,5;29,3;30;29,2;29,9;30,2;30;29,7;29,1;29,5;30;29,3;29,9;29,4;30,2;30,1;29,9;30,1;29,9;30,1;30,2;30,4;30;30,1;30,4;30,6;30,6;30,6;30,6;30,8;30,9;31,1;30,9;31;31;30,9;31,1;31,2;31,2;31;30,9;30,8;31,3;31,2;31,4;31,6;31,8;31,2;30,9;31,5;31;31,5;31,4;31,2;31,6;31,8;31,6;31,5;31,5;32,2;31,8;31,4;32;31,8;31,5;31,7;31,2;31,8;31,6;31,5;31,4;31,5;31,5;31,3;31,7;31,6;31,8;31,8;31,4;31,6;31,4;31,5;31,6;31,6;31,5;31;31,2;31,4;31,5;31,4;31,3;31,4;31,2;30,9;30,8;31,1;31,3;31,1;30,6;30,4;30,7;30,5;30,9;30,5;30,6;30,8;30,2;30,4;30,4;30,3;30,4;30,1;29,7;30;29,5;29,7;30,2;29,7;29,7;30,1;29,7;29,9;30;29,5;29,5;29,9;30,2;29,5;29,9;29,5;29,7;30,3;30,3;30,2;30;30,1;29,7;29,7;29,7;30,1;30,2;30,3;30,2;30,2;30,1;30,3;30,4;30,5;30,9;31,1;31;30,6;30,8;31,2;31,1;31;31,1;31;31,3;31,2;31,1;31,3;31,6;31,8;31,2;31,7;31,5;31,5;31,4;31,3;31,6;31,5;31,4;31;31,6;31,2;31,3;31,2;31;30,9;30,9;30,6;30,9;31,1;30,5;30,5;30,5;30,5;30,5;30,1;30,3;30,2;29,1;29,4;28;27,8;27,6;26,8;27,4;27,1;25,5;23,8;22,1;20,7;21,1;20,8;20;20,1;20;20,1;19,9;20,2;20;20;20;20;20;19,4;20,5;20,4;20,1;20,2;19,9;19,9;19,8;19,9;20,2;20,4;20,4;19,5;20,1;20,1;20,4;20,1;20,1;19,8;20;19,6;20,1;19,6;20;20;20,4;20,2;20,4;19,6;19,9;19,9;19,9;20,1;20,2;20,6;20;20,1;20;20,1;20,4;19,5;20,7;19,6;20,5;19,9;20;20,2;20,5;20,1;20,1;20,2;20,5;19,8;19,8;19,9;20,2;20;20,7;20,6;20,1;19,5;20,1;19,6;20,4;19,8;19,9;18,9;20;20,2;20,8;20;19,9;19,9;20,2;19,4;19,6;20,1;20,5;20,1;20,5;20,1;20,4;20,4;20;19,9;19,9;19,8;19,8;19,4;20;19,6;19,6;20;20;20;19,9;19,8;20;20;19,8;19,8;19,9;20,1;19,8;19,8;19,6;19,9;20,4;20,2;20;19,6;19,4;19,8;20;19,9;19,5;20;19,5;19,8;19,6;20;19,9;20;19,4;19,2;19,6;19,5;19,5;19,4;19,3;20,1;19,9;19,2;19,2;19,3;19,5;19,3;18,9;19,4;19,8;19,4;19,5;19,8;19,6;19,3;19,4;19;19,3;19,5;19,9;18,9;19,2;19,5;18,4;19,3;19,3;19,3;19,4;19,2;18,7;19;19,4;19;18,920,5;20,6;20,7;20,7;20,6;20,8;21,2;21,1;20,6;20,7;20,4;20,9;20;20,6;20,7;20,7;20,5;20,7;20,1;20,1;20,7;20,9;20,7;20,5;20,5;20;20,1;20,2;20;20,1;20;19,6;19,8;19,9;20,1;20,2;19,6;19,8;20;19,8;19,5;19,2;19,6;20;19,4;19,8;19,3;19,5;19,3;18,9;19,3;19,5;19,5;19,3;19,5;19,5;19,3;19;19,4;19,5;19,4;19,5;19,5;19,4;19,2;19,3;19,3;19,4;19,6;19,4;19,6;19,4;19;19,6;19,3;19,3;19,9;19,6;18,9;18,8;19;19,9;19,4;19,4;19;19,6;19,2;18,9;19,5;19,2;19;19,3;19,5;19,3;19,2;19,4;19,5;19,2;18,9;20,1;20;19,5;20;19;19,3;19,9;19,3;19,5;19,4;19,3;19;19,4;19,5;19,4;19,6;19,8;19,6;19,4;19;18,7;20,2;19,6;19,9;19,4;19;19,3;20;19,9;19,9;20;19,8;20;19,5;19,8;19,8;20;19,9;19,8;20;19,8;19,9;19,5;20,1;20,4;20,2;20,1;19,5;19,9;20,2;20,1;20;20,4;20,1;19,8;20,2;20;20,4;20,5;19,8;20,1;20,1;20,5;19,8;20,2;20,2;20,1;19,6;20,1;20,5;20,1;20;20,4;19,9;20;19,5;19,5;19,5;20,1;20;19,8;20;20,4;19,5;19,5;19,4;19,6;19,4;19,6;19,6;19,5;19,5;19,4;19,9;19,6;21,6;25,6;26,7;27,1;26,5;27,5;27,3;28,1;29,4;30,5;30,7;30,9;30,8;31,1;31,6;31,4;31,3;31,7;31,7;32;31,7;32,1;32,1;32,1;32,2;32;32,1;31,5;31,7;32;31,8;31,7;32;31,8;31,4;31,4;31,1;31,1;31,5;31,6;31,6;31,4;31,3;31,2;31;30,9;31;30,9;30,6;30,6;30,7;30,4;30,2;30,4;30,3;30;30,2;30,4;30,3;30,4;30,4;29,5;30,1;29,9;30,2;29,7;29,4;30,6;30,2;30,2;30,1;29,9;29,1;29,3;30,1;29,5;30;29,7;29,9;30;30,1;29,5;30,1;30;30,7;30,6;30,7;30,6;30,7;30,4;30,6;30,8;30,6;30,6;30,5;30,4;30,6;30,7;30,7;30,7;31;30,9;30,9;31,1;31,1;31,1;31;31,3;31,3;31,1;31,3;31,4;31,3;31,2;31,4;31,4;31,4;32,1;30,9;31,2;31,7;31,8;31,7;31,7;31,4;31,5;31,6;31,4;31,8;31,1;31,8;32;31,7;32;31,8;32,1;32;32,2;31,4;31,6;31,4;31,7;31,5;31,7;31,7;31,6;31,6;31,6;31,7;31,6;31,6;31,6;31,4;31,2;31,2;31,5;31,4;31,1;31,2;31,2;30,9;30,7;30,8;30,8;30,8;31,1;31,1;30,7;30,8;30,8;30,3;30,6;30,6;30,8;30,1;30,6;30,5;29,7;30,1;30,1;29,5;30,1;30;29,3;30,6;29,4;30,2;30,4;29,9;29,9;29,4;30,4;30,2;30;29;29,4;30,2;30,4;30,3;29,9;29,7;30;29,9;29,7;30,1;30,4;30,5;30,4;30,2;30,4;30,5;30,4;30,9;30,7;30,8;31,3;31;30,7;31,1;31,5;31,4;31,1;30,9;31,3;31,2;31,3;31,5;31,7;31,2;31;31,5;31,3;31,4;31,2;31,6;31,3;31,1;31,5;31,1;31,4;31,2;31,3;31,3;30,9;30,7;30,8;30,7;30,8;30,6;30,7;30,8;30,4;30,2;30,4;30,1;30,3;30,4;29,1;29,2;27,9;27,5;27,3;26,8;26,8;26,7;25,6;23,5;22,1;20,4;20,7;20,7;20,2;20;19,9;20;19,9;20,2;20,1;20,2;19,5;19,6;19,6;19,5;20;20,1;20,1;20,1;19,8;20;19,3;19,8;20,2;20;20,2;19,6;19,6;19,9;20,2;20;20,1;19,6;20;19,2;19,8;19,8;20;19,8;20;19,9;20,1;19,5;19,4;19,8;19,4;19,8;20,1;19,9;19,9;20;19,8;19,6;20,4;19,6;19,6;19,5;20;19,6;20,1;20;20,5;20,1;19,8;19,4;19,6;20;19,3;19,2;19,9;19,6;19,6;20;19,5;19,3;19,4;20,1;19,3;19,6;19,9;19,3;19,9;19,9;20,1;19,4;19,2;19,6;19,4;19,9;18,8;19,6;19,8;19,9;19,8;18,6;19,6;19,8;19,6;19,8;20;19,9;19,5;19,3;19;19,3;19,6;19,8;19,6;19,6;19,6;19,5;19,4;19,6;19,8;19,5;19,4;19,5;19,5;19,6;19,5;19,4;19,8;19,9;19,5;19,5;19,6;20,1;19,9;19,8;19,3;20;19,4;20,1;19,9;19,4;19,6;20;19,9;20;19,6;19,9;19,5;19,8;19,8;19,9;19,9;19,8;19,5;19,5;19,4;19,4;19,5;19,6;19,5;19,4;19,8;20;19,8;20;19,6;19,4;18,7;19,5;19,5;19,5;19,5;19,4;19,2;19,3;19,4;19,8;20;19,6;19,5;19,3;19;19;19,420,6;20,5;20,5;20,5;20,4;20,1;20,4;20,6;20,8;20,7;20,4;20,5;20,1;20;20,2;19,4;19,9;19,6;20,1;20;20,6;20,2;20,1;20,2;20,2;19,6;19,6;19,9;19,9;20,1;20,1;19,6;19,4;19,8;19,9;20;19,6;19,3;19,6;19,3;19,5;19,2;19,5;20;19,5;19,5;19,2;19,5;19,4;19,2;19,2;19,5;19,5;18,9;19,4;19,5;19,4;19,3;19,6;19,5;19,3;19,3;19,5;19,5;19,5;19,6;19,8;19,6;19,3;19,4;19,9;19,9;19,6;19,4;19,4;19,8;19,9;19,6;19,4;19,4;19,5;19,6;19,4;19,5;19,6;19,8;19;19,3;19,4;19,5;18,9;19,5;19;19,3;19,6;19,6;19,3;19,3;20;19,3;19,8;19,2;19,4;19,6;19,9;19,2;20;19;19,4;19;19;20,1;19,5;19,5;19,3;19,6;19,5;19,4;19,8;19;19,5;19,6;19,3;19,5;20;19,3;20,2;19,6;19,6;19,9;20;19,9;19,5;20,2;19,6;19,9;20;19,5;19,8;19,5;20,2;20,1;20;20,1;20,2;20;19,9;20;20,2;20;20;20,2;20,2;20;20;20;20,2;20,2;20;20,1;20,4;20,1;20;20,1;20,1;20,1;19,4;20;20,2;20,5;19,6;20,5;20,1;20,1;19,6;19,5;19,5;19,8;19,8;20;19,9;19,6;19,4;19,6;19,3;19,6;19,2;19,5;19,5;19,4;19,3;19;20;20;21,9;25,5;26,4;26,8;27,1;27,4;27,3;27,8;29,9;30,5;30,8;30,6;30,9;31,1;31,7;31,4;30,7;31,4;31,5;32,2;31,5;31,8;31,7;31,7;32,1;31,8;32;31,4;31,8;31,5;31,4;31,5;31,6;31,8;31,8;31,7;31,7;31,3;31;31,1;31,1;31,1;31,1;30,6;30,8;31,1;30,9;30,6;30,8;30,5;30,4;30,2;30,3;30,3;30;30;29,5;30,4;30,1;29,4;30;29,7;30,3;29,7;30,5;30,1;29,9;30,2;30;29;30,1;29,5;28,8;29,4;29,3;29,2;29,5;29,3;29,9;29;29,3;30,1;29,9;29,5;30,1;30,4;30;30,1;30,2;30,4;30,4;30,4;30,6;30,4;30,4;30,4;31;31;30,8;30,8;30,9;30,7;30,7;30,9;30,8;30,9;31;31;30,9;30,9;31,2;31,5;31,3;30,9;30,8;31,3;31,3;31,8;31,5;31,3;31,5;31,1;31,3;31;31,5;31,5;31,4;31,4;31;31,7;31,5;31,6;31,4;31,1;31,7;31,5;31,3;31,5;31,5;31,3;31,2;31,4;31,5;31,6;31,2;31,4;31,3;31,2;31,2;31,1;31,2;31;31;31;31;31;31,1;31;30,9;30,8;31;31,1;31;30,7;30,8;30,9;30,6;30,3;30,4;30,3;30,9;30,4;30,7;30,1;30,3;30,1;30,2;29,4;30,1;29,9;30;30;29,4;29;30;29,7;30,3;29,5;29,5;29,9;29,9;30;30;29,7;29,7;30,1;30;29,9;30,2;29,7;29,9;29,4;29,9;29,9;29,5;30;30,1;30;30;30;30,4;30,6;30,6;30,8;30,7;30,5;30,3;31;31,2;31,2;31,1;31,1;31,3;31,3;31,4;31,4;31,5;31,6;31,1;31;31,5;31,3;31,5;31,5;31,4;31,1;31,2;30,9;31,4;31,2;31,1;31;31,1;30,9;30,7;30,9;30,6;30,9;30,6;30,8;30,7;30,6;30,1;30,3;30,1;30,3;30,1;29,4;29,2;28;27,4;27,1;27,3;26,7;26,5;25,6;23,5;21,5;20,5;20,2;20,4;20,5;19,8;20,2;19,9;19,9;20,1;20,4;20,2;19,6;19,8;19;19,4;19,9;20,2;20,1;19,9;20,2;19,9;19,6;19,5;19,9;19,2;19,9;20;19,9;19,8;20,4;20,1;19,9;19,8;20,4;19,3;19,6;19,8;20;19,8;19,8;19,8;20,1;20;19,8;19,4;19,5;19,9;20,4;19,9;20;19,6;20;19,5;20,2;19,8;20;19,4;19,9;19,5;20;19,3;20,7;20,1;19,8;19,9;20,1;20,1;19,4;19,6;20;20,5;19,8;20,1;19,5;19,9;20,1;19,8;19,6;20,1;20;19,5;19,5;19,5;20;19,8;20,4;19,6;20;19,6;19,8;19,4;19,9;20;19,3;20,2;20,6;20,2;19,9;19,8;20,4;20,1;19,9;19,9;19,9;19,3;19,3;19,5;19,5;19,8;19,8;19,4;19,5;19,6;19,6;19,5;19,6;19,6;19,4;19,5;19,4;19,5;20,1;20,1;19,5;19,4;19,4;20;19,6;19,9;19,5;19,8;19,3;19,9;19,6;19,2;19,6;19,9;19,5;19,8;19,6;19,5;19,5;19,4;19,5;19,8;19,6;19,4;19,4;19,8;19,6;19;19;19,5;19,4;19,8;19,9;19,5;19,5;19,5;19,5;19,4;19,5;19,3;19,2;18,7;19,4;19,4;19,6;19,5;19;19,5;19,6;19,2;19,2;19,4;19,4;19,2;1920,5;20,2;20,7;20,9;20,6;20,6;20,6;20,5;20,4;20,9;21,2;20,7;20,8;20;20,4;20,2;20,1;20,1;19,6;20,4;20,6;20,1;20;19,8;19,6;19,9;20,1;20,1;19,9;20;20;19,6;19,5;19,8;19,9;19,5;19,3;19,6;19,2;19,3;19,6;19,5;19,5;19,4;19,5;19,4;19,2;19,2;19,6;19,3;19;19,5;19,3;19,3;20,2;19,4;19,6;19,4;19,8;19,6;19,5;19,2;19,5;19,4;19,3;19,4;19,3;19,4;19,5;19,6;19,8;19,9;19,5;19,5;19,5;19,3;19,2;19,4;19,8;19,5;19,2;19,3;19,5;19,4;19,8;19,8;19,2;19;19,2;19,6;19,3;19,4;19,6;19;19,4;19,6;19,2;19,4;19,5;19,5;19;19;19,5;19,6;19,5;19,5;19,4;19,3;19,8;19,3;18,9;19,2;19,3;19,3;19,4;19,4;19,5;19,2;19,8;19,2;19;19,3;19,5;20;19,2;19,9;20,6;19,8;19,2;19,9;19,6;19,5;19,6;19,8;19,4;19,4;19,8;19,6;19,9;19,5;20,4;20,2;19,9;20,5;20,1;20,2;20;19,6;20,2;20;19,9;19,9;20,1;20,6;20,4;20,2;19,9;19,9;20;20,1;20,2;20,1;20;19,8;19,9;19,9;19,5;20,1;20;20,4;19,5;20,2;20;20,4;19,6;19,4;19,5;19,8;19,5;19,6;19,8;19,4;19,4;19,9;19;19,5;19,4;19,4;19,5;19,5;19,4;19;19,9;20,1;21,4;25,2;26,5;26,8;27,3;27,1;27,3;28;29,5;30,5;30,4;30,7;31;31,1;32,1;31,5;30,9;31,4;31,6;32,1;31,6;31,5;31,6;31,7;32;32,2;32;31,6;31,5;31,3;31,4;31,4;31,6;31,6;31,4;31,6;31,6;31,5;31,3;31,4;31,2;31,2;31,1;30,9;30,8;30,8;30,7;30,5;30,6;30,7;30,3;30,3;30,4;30,2;30,1;29,7;30,1;30,3;30,2;30,1;30,1;30,1;29,7;29,5;29,9;29,1;29,9;29,2;29,7;28,9;29,2;29,5;29,7;29,2;30;29,5;29,7;30,3;28,8;29,4;29,7;29,3;29,9;29,9;30,3;30,1;30;29,9;30,5;30,7;30,4;30,5;30,2;30,3;30,3;30,6;31,1;31,1;30,9;31;31,1;30,9;30,9;31,1;30,9;30,9;31;31,1;31,1;31,2;31,5;31,4;31,1;31,1;31,6;31,5;31,1;31;30,8;31,2;31,2;31,4;32,1;31,3;31,4;31,8;31,3;32,2;31,7;31,3;31,4;32;31,8;31,5;31,4;31,5;31,6;31,3;31,4;32;31,5;31,7;31,2;31,4;31,5;31,3;31,6;31,4;31,6;31,5;31,3;31,2;31,1;31,4;31,4;31,3;31,3;31,1;30,9;30,6;30,4;30,6;30,8;30,8;30,8;30,3;30,3;30,5;30,5;31;30,9;30,7;30,5;29,4;30,4;30,3;30,1;30,3;30,1;29,7;30;29,4;30,2;29,2;30;29,4;30;29,9;29,7;29,4;29,9;29,4;30,4;29,9;29,4;29,1;29,9;30,4;30,1;30;30,2;29,9;30,1;29,9;30;30,1;30,6;30,5;30,2;30,1;30,2;30,3;30,3;30,5;30,6;30,5;30,4;30,7;30,9;31;31,2;31,4;31,5;31,4;31;31,1;31,4;31,7;31,4;31,4;31,6;31,5;31,6;31,6;31,3;31,5;31,3;31,3;31,4;31,2;31,2;31,1;31,2;30,6;30,8;30,6;30,7;30,4;30,5;30,5;30,5;30,4;30,4;30,1;30,3;30,4;29,9;29,4;29;28,2;27,2;27,2;27,3;26,6;26,5;25,6;23,3;21,2;20,6;20,4;20,2;20,2;20,4;20,5;19,6;19,8;20,2;20,2;20;20,1;19,8;19,3;19,4;19,6;20;19,9;19,4;20;19,5;19,5;19,6;20;19,3;19,9;19,6;20,1;19,9;20,1;19,9;19,6;19,6;20,1;19,9;19,8;19,6;20;19,5;19,6;19,6;19,9;19,9;19,8;19,4;19,4;19,4;20,2;20,1;19,6;20;19,4;19,5;20,4;19,6;19;19,5;20,2;19,6;19,8;19,8;19,4;19,2;20,1;19,8;19;19,8;19,5;18,9;19,9;19,9;19,2;19,9;19,9;19,8;19,3;19,3;19,5;20;20,2;19,5;19,6;19,6;20,2;19,9;19,8;19,3;20,1;19,4;19,2;19,5;19,8;19,2;19,3;19,4;19,8;19,8;19,9;19,5;19,8;19,9;20,1;19,8;19,5;19,3;19;19,5;19,4;19;19,5;19,5;19,4;19,6;19,8;19,4;19,3;19,8;19,5;19,5;19,5;19,4;19,8;19,8;19,6;19,3;19,5;19,6;19,5;19,8;20,1;19,9;19,3;19,4;19,2;19,5;20,1;20;19;19,3;19,5;19,2;19,3;19,4;19,3;19,5;19,9;19,6;19,6;19,6;19,6;20;19,6;18,9;18,9;18,9;19,5;19,6;19,8;19,3;20,1;18,9;18,6;19,4;19,4;19,2;19,3;19,4;19,5;18,8;19,2;19,2;19,6;19,6;19,3;18,9;19,2;19,3;18,920,5;20,4;20,5;20,4;20,1;20,2;20,5;20,4;20;20,1;20,2;20,2;20,4;19,9;20;19,8;20,5;20;20;19,9;19,8;20,5;20;19,8;19,6;19,8;19,9;19,8;19,5;19,8;19,6;19,3;19,4;19,6;19,5;19,2;19,4;19,8;19,2;19,5;19,5;19,3;19,4;19,2;19,2;19,3;19,2;19,2;19,6;19,2;19,3;19,5;19,4;19,3;19,9;19,3;19,3;19,4;19,8;19,6;19,5;19,3;19,4;19,5;19,6;19,2;19,2;19,6;19,6;19,4;19,5;19,4;19,3;19,5;19,6;19,8;19,6;19,4;19,6;20,1;19,8;20,1;19,9;19,8;19,8;19,6;19;19,5;18,9;19,6;19,5;19,5;19,5;19,6;19,4;19,9;18,6;19,4;19,2;19,9;19,5;20,2;19,6;19,3;19,3;19,6;19,8;20;20;20,1;19,3;19,4;20,4;19,8;19,9;20,1;19,4;19,9;19,8;19,6;19,9;19,6;19,3;19,4;19,8;19,6;19,6;19,6;19,3;19,9;19,4;19,6;19,5;19,6;19,6;20,1;20,1;19,6;20;19,6;20;20;19,6;20,4;20,1;20;20;19,9;20;20,1;20;20;20,6;20,6;20,7;20,4;20,2;20,1;20;20;20,6;20,1;20,1;19,6;20,1;20;19,5;20,2;20,1;19,9;19,6;19,9;19,4;20;19,3;19,6;19,6;19,8;19,3;19,5;19,8;19,4;19,3;19,6;19,2;19,4;19,4;19,3;19,5;19,5;19,6;19,2;19,6;20;21,2;25,3;26,7;26,6;26,4;27,2;27,3;28;29,1;30,3;30,2;31,2;30,9;31,2;31,5;31;31,4;31,4;31,5;32;31,7;31,2;31,3;31,6;31,8;32,2;31,8;31,4;31,5;31,6;31,6;31,7;31,8;31,6;31,3;31,4;31,5;31,2;31,2;30,9;30,8;31;30,8;30,6;30,7;30,8;30,6;30,3;30,3;30,3;30,2;30;30,2;30,2;30,5;30;29,9;29,9;29,7;30,1;29,3;29,9;30;29,3;29,4;29,3;29,3;29,4;30,1;29,2;29,2;29,3;29,5;29;29,4;29,5;29,1;29,2;29,3;28,9;29,3;29,4;29,5;29,9;30,2;29,5;30,1;30,2;30,1;30,2;30,2;30,4;30,2;30,2;30,6;30,5;30,4;30,3;30,4;30,3;30,7;30,8;30,7;30,8;30,7;30,7;30,8;31;30,8;30,9;30,8;30,8;30,8;30,9;31,3;31,1;30,9;31,1;31,1;30,9;31,3;31;31,4;31,6;31,1;31,5;30,9;31,6;30,9;31,3;31,5;31,1;31,5;30,8;31,7;30,9;31,4;31,5;31,5;31,4;31,2;30,9;31;30,9;31,3;31,3;31,1;30,9;31,1;31,3;31,3;31,3;31,1;30,8;31,1;31;30,8;30,9;30,7;30,9;30,9;30,6;30,6;30,9;31;30,5;30,3;30,9;30,2;30,4;30,2;30,1;29,9;30,1;29,9;30,1;30,1;29,5;29,4;29,3;29,2;29,1;30,3;29,3;29,2;29,9;29,1;29,4;29,7;29,7;29;30,1;29,2;29,3;29,3;29,7;29,5;30;30,1;29,5;29,9;30;29,4;29,5;29,5;29,7;30;29,4;29,5;30,2;30,4;30,2;30,3;30,4;30,6;30,8;30,5;30,7;30,9;30,8;30,8;30,7;31,1;30,9;30,8;31;31,3;31,8;31,4;31;31,3;31,2;31,4;31,1;31,4;31,4;31,2;31,3;31,1;31,2;31,2;30,8;31;31,1;30,8;30,5;30,5;30,2;30,7;30,2;30,4;30,3;30,4;30,3;30,2;30,5;29,7;29,4;28,7;28;27,3;27,1;26,8;27,1;26,3;25,7;23,5;21,2;20,6;20,4;20,2;20,4;20,7;20,2;19,8;19,8;20,2;19,9;20,1;20,2;19,8;19,4;19,8;19,6;19,8;19,8;19,6;19,8;19,6;19,6;19,8;19,9;19,8;19,9;19,6;19,8;19,9;20,1;19,8;19,4;19,5;19,5;20,1;20;19,6;20,2;19,4;19,5;20;20;20,2;19,9;20;19,3;19,4;19,6;20,4;19,8;19,2;20,1;19,4;20;19,8;19,9;19,6;19,6;19,6;20,2;19,6;20;19,6;20;19,9;20,2;19,4;19,6;20,4;19,9;19,4;19,8;20;19,9;19,2;19;19,5;19,9;19,5;20,2;19,6;19,4;20,2;19,9;19,5;19,9;19,5;20,1;19,6;19,4;19,6;19,2;19,5;19,9;19,9;19,2;19,8;19,6;20,1;20,2;19,6;19,8;19,6;19,8;19,6;19,3;19,4;19,5;20;19,9;19,4;19,5;19,8;19,9;19,8;19,3;19,3;19,4;19,4;19,3;19,6;19,8;19,5;19,4;19,8;19,8;19,6;19,8;19,4;19,9;20;19,6;19,6;19,5;19,3;19,9;19,8;19,3;19,4;19,3;19,2;19,4;19,4;19,4;19,2;19,8;19,8;19,5;19,3;18,9;19;19,4;19,6;19,8;19,3;19;19;19;19,8;19,5;18,9;18,2;19,2;18,8;19;19;18,6;18,7;19;18,7;18,6;19,3;19;19;18,8;18,6;18,4;18,620,5;20,4;20,2;20,2;20,5;20,5;20,2;20,5;20,7;20,4;20,6;20,4;20,1;20,2;20,6;20;20,4;20,4;20,1;20,1;20;20,2;20,7;20,4;20,2;20;19,9;19,9;19,9;19,9;19,8;19,4;19,4;19,5;19,6;19,5;19,6;19,9;19,3;19,5;19,3;19,3;19;19,5;19,3;19,5;18,9;19,3;19,5;19,5;19,5;19,4;19,5;19;19,3;19,3;18,7;19,4;19,5;19,2;19,2;19,3;19,5;19,2;19,3;19,2;19,3;19,4;19;19;19,2;19,2;19,4;19,3;19,3;19,6;19,5;19,3;19,2;19,4;19,2;19,8;19,6;19,4;19,8;19,4;19,5;19,3;19,4;19,4;19,4;19,5;19,2;19,6;19,2;19,3;19,3;19,4;18,8;19,4;19,2;19,9;19,8;18,9;19,5;19,4;19,2;19,8;19;19,6;19,4;19,5;19;19;19,8;19,8;19,8;19,9;19,4;20;19,6;19,4;19,4;19,4;19,9;19,5;19,6;19,9;19,6;19,9;18,9;19,9;19,3;19,5;20,1;20,5;20,1;19,5;19,6;19,4;19,8;19,5;19,9;19,8;19,9;19,8;20,2;19,9;19,5;20;20,1;20,2;20,1;20,4;20,4;20,5;20,4;20;20,1;20,1;20,4;20,1;20,1;19,4;20;20,2;19,5;20,1;20,2;19,9;20,1;20;19,4;19,4;19,3;19,8;19,9;19,9;19,5;19,5;19,6;19,5;19,6;19,6;19,5;19,3;19,4;19,4;19,4;19,6;19,6;19,4;20;20;21,2;25,6;27,1;26,6;26,5;27,2;27,5;28,1;29,5;30,3;30,7;30,8;30,8;31;31,5;31,2;31,5;31,4;31,3;32,4;31,7;31,7;31,4;31,7;32,1;32,1;31,8;31,4;31,6;32,1;32,4;31,4;31,2;31,5;31,5;31,5;31,6;31,2;31,3;31,3;31,1;31,1;31,4;31;30,7;30,8;30,7;30,2;30,2;30,1;29,7;30,2;30,1;30,4;30;30,1;30,2;30,1;30,1;30,2;30,2;29,7;30;29,3;30,1;29,5;29,4;30;29,9;29,3;29,5;29,1;29,9;29,1;29,3;29,7;29,3;29,7;29,5;29,2;29,3;29,2;29,5;29,9;29,9;29,3;29,3;29,5;30;30,4;30,6;30,3;30,5;30,4;30,4;30,7;30,7;30,6;30,8;30,8;30,7;30,5;30,6;30,8;31,1;31,2;31,3;31,1;30,8;30,9;31,2;31,3;31,2;31,5;31,3;30,8;31,3;31,5;31,3;31,2;31,3;31;30,9;31,1;31,3;30,8;31,6;31,2;31,1;31,5;30,8;31,6;31,4;31,4;30,8;31,7;31,5;31,4;31,4;31,1;31,1;30,9;31,1;31,5;31,2;31,1;31,1;31,3;31,3;31,2;31,2;31,5;31,3;31;31,3;31,3;30,9;30,9;30,7;30,6;30,7;30,4;30,5;30,4;30,7;30,8;30,5;30,4;30,5;30,2;30,3;29,7;30,5;29,9;30;29,7;30;29,7;30;30,2;30;29,7;29,7;29,2;29,9;29,9;30;30;29,9;29,5;30,2;30,4;29,3;29,7;30;29,4;29,7;30,2;30,2;30;30,2;30,3;29,5;29,7;30,1;30,2;30,4;29,9;29,9;30,1;30,4;30,6;30,5;30,1;30,5;30,7;30,8;31;30,5;30,5;31,2;31,4;30,8;31,2;31,5;31,1;31,4;31,4;31;31;31,3;31,2;31,4;31,2;31,3;31,2;31,2;31,1;31,2;31,1;31,2;31,3;30,8;31,3;31;30,9;30,5;30,3;30,4;30,3;30,4;30,3;30,4;30,5;30;30,4;30;29,9;28,6;27,8;27,6;27,2;26,7;27,1;26,3;25,4;23,5;21,6;20,5;20,1;20,5;20,4;20,5;20,2;20;19,9;19,8;19,8;20;19,8;19,8;19,5;19,4;19,6;19,4;19,8;19,8;19,2;19,8;19,8;19,8;19,6;19,4;19,9;19,8;19,8;19,4;20;19,6;19,6;19,6;19,3;19,8;19,9;19,4;19,9;19,6;19,5;19,9;20,1;20,1;19,9;19,8;19,2;19,2;19,5;19,4;20,1;19;19,9;19,8;19,4;19,6;19,8;19,5;19;19,6;19,8;19,4;20,2;19,2;19,4;20;19,8;20;20;19,8;18,4;19,3;19,6;20;19,4;19,2;18,8;19,4;18,9;19,3;20,1;19,4;19,6;19,5;19,3;19,6;19,4;19,6;19,8;19,4;19,2;19,2;19;18,9;19,3;19;19,9;20;19,9;19,6;19,3;19,8;19,9;19,5;19,5;19,6;19,5;19,8;19,9;19,5;19,4;19,2;19,2;19,3;19,3;19,5;19,6;19,6;19,5;19,3;19,2;19,9;19,9;19,5;19,3;19,5;19,3;19,8;19,5;19,2;19,8;19,8;19,4;19,9;19,9;19,5;19,5;19,6;19,8;19,6;19,9;19,3;19,5;18,8;19,2;19,3;19,4;19,4;19,4;19,3;19,2;19,3;19,5;19,3;19,4;19,4;19,4;19,3;19,6;18,8;19;18,9;19,2;19,8;19,5;18,8;19,5;19,3;19,4;19;18,8;18,8;19,2;19;19;19,2;19,3;18,9;18,720,4;20,7;20,6;20,1;20;20,4;20,2;19,9;20,2;20,2;20,1;20,4;20,5;19,9;20,2;19,6;19,4;20;20,4;20,5;19,5;19,8;19,5;19,6;19,8;19,4;20,1;20,1;19,4;19,4;19,6;19,9;19,9;19,8;19,9;19,5;19;19,3;19;19,5;19,5;19;19;19,6;19,4;19,4;18,9;19,4;19,5;19,6;19,4;19,3;19,4;18,9;19,5;19,4;18,9;19,5;19,8;19,2;18,9;19,2;19,4;19,3;19,5;19,3;19,2;19,2;19,5;19,4;19,4;19,6;19,5;19,8;19,9;19,8;19,3;19;19,3;19,9;19,8;19,5;19,5;19,3;19,3;19,4;19,6;19,6;19,6;19,8;19,3;19,8;19,4;20,2;19,6;19,9;19,3;19,3;19,5;19,4;19,9;19,8;19,5;19,8;19,4;19,6;19,4;19,2;19,8;19,6;19,2;20,1;18,9;19,4;19,8;19,4;19,4;19,6;19,4;19,9;19,6;19,9;19,2;19,3;19,8;20,1;19,8;19,6;20;19,8;19,9;20;19,8;19,9;19,9;20;19,9;20;19,8;19,9;20;19,8;19,9;19,9;19,8;20,5;20,1;19,9;20;20,4;20,1;20,4;19,9;20,5;20,4;20,6;20,2;20,2;20,1;20,2;20,4;20,2;20,4;19,6;20;20,2;19,8;20,1;20,5;19,9;20,2;20,1;19,5;19,9;19,6;19,5;19,9;20,1;19,6;19,9;19,5;19,9;20;19,8;19,6;19,2;19,9;19,5;19,2;19,5;19,8;19,4;19,9;20,1;21,4;25,8;27,1;27,1;27,1;27,6;27,5;28,2;29,5;30,3;30,8;30,5;31,1;31,5;31,6;31,5;31,2;31,8;32;32,1;31,8;32;31,4;32,1;32,6;32,1;31,8;31,8;32,4;31,8;31,6;31,4;31,4;31,7;32;32,1;31,7;31,5;31,5;31,4;31,4;31,3;31,4;31,3;31,2;31;30,9;30,6;30,4;30,4;30,5;30,5;30,5;30,1;30,3;30,7;30;30,2;30,3;30,1;29,7;30;30;30,1;30,2;29,7;30,4;29,4;30,2;29,9;29,3;29,5;29,3;29,7;30,1;29,4;29,9;29,7;30,1;29,2;29,7;29,5;30,1;30,2;30,4;30,4;30,1;30,2;30,3;30,5;30,4;30,4;30,3;30,1;30,6;30,7;30,7;30,3;29,9;30,3;30,5;30,3;30,9;31,3;30,9;31;31;31,2;30,9;31,3;31,3;31,3;30,9;30,9;31,1;31,1;31,6;31,4;31,6;31,1;31,7;31,4;31,4;31,3;31,1;31,3;31;31,1;31,2;31,5;31,3;31,3;31,3;31,7;31,5;31,3;31,7;31,6;31,5;31,6;31,5;31,6;31,3;32;31,6;31;31;31,3;31,3;31,4;31,3;31,2;31,2;31,5;31,7;31,4;31,1;31,1;31,1;30,9;30,9;31;30,8;30,9;31,2;30,8;30,9;30,7;30,5;30,4;30,7;29,9;30,2;30,6;30,6;30,2;30;29,5;30,1;30,2;29,7;30,1;30,1;30,2;29,9;29,7;30;30,2;29,4;30;30,2;30,1;30,4;30,3;29,9;30,1;30,3;30,5;30,2;30,3;30,5;30,2;30;30;29,9;30,1;30,3;30,4;30,2;30,2;30,4;30,5;30,4;30,4;30,7;30,8;30,9;30,8;30,7;30,6;30,8;31,1;31,1;31,3;31,3;31,3;31,5;31,5;31,4;31,5;31,4;31,8;31,8;31,4;31,5;31,2;30,9;31,6;31,2;31,4;31,1;31,2;31;31,1;31,3;30,8;30,5;30,3;30,5;30,6;30,6;30,7;30,8;30,8;30,4;30,5;30,3;29,7;28,9;28;27,8;27,2;26,6;27,1;26,3;25,6;23,6;21,6;20,8;20,6;20,6;20,4;20,2;20,6;20,5;20,1;20;20,1;20;19,8;20,1;20,2;19,5;20,2;19,6;20;19,9;19,4;20;20;20;19,6;19,3;20,4;19,8;19,9;19,2;19,9;20,1;20;19,8;19,6;19,4;19,5;19,8;20,2;20,1;19,5;20,7;20;19,9;19,6;19,9;19,4;19,4;20,6;19,2;19,8;19;19,5;19,4;19,4;19,5;19,9;19,6;19,9;19,6;19,8;19,5;19,8;20;19,4;20;19,5;19,5;19,6;19,8;19,5;19,8;20,1;20;19,2;19,6;19,8;19,9;19,2;19,6;19,9;19,5;19,6;19,4;19,9;19,6;19,3;19,5;19,4;19,3;19,2;19,4;19,2;19,6;20;19,9;20,2;19,9;20;19,5;19,8;20,1;19,9;19,8;19,8;19,8;19,5;19,3;19,8;19,9;20;19,8;19,3;19,6;19,5;19,3;19,2;19,4;19,6;19,4;19,5;19,8;19,5;19,2;19,4;19;18,9;19,4;19,3;19,3;19,6;19,3;19,4;19,6;19,5;19,8;19,5;19,4;19,6;19,8;19,8;19,8;19,5;19,2;19;19,2;19,4;19;18,9;19,3;19,5;19,5;19,5;19,8;19,9;19,5;19;19,2;19;19;19,6;18,6;18,8;19,2;18,8;18,7;19,3;19;18,9;18,6;18,4;18,8;18,9;18,7;19,2;19,2;18,9;18,7;18,120,5;20,6;20,2;20,2;20,5;20,7;20,7;20,5;20,2;20,1;20,4;20,1;19,9;19,9;19,5;20;19,5;20,6;20,6;19,8;19,6;19,9;19,9;19,9;20,1;20,2;20,1;19,9;19,6;19,9;20,1;20;20;19,9;19,9;19,6;19,4;19,5;19,5;19,8;19,3;19,3;19,4;19,6;19,5;19,3;19,4;19,6;20,1;19,4;19,6;19,5;19,4;19,2;20;19,8;19,6;19,3;20;19,3;19,4;19,4;19,6;19,8;19,6;19,6;19,4;19,6;19,8;19,5;19,6;19,9;19,9;19,9;19,8;20;20;19,8;19,8;19,9;20;20;19,6;19,9;20,1;19,9;19,9;19,6;19,6;19,6;19,9;19,9;20,4;20,1;20;20;20;19,4;19,8;20,2;19,9;19,9;19,5;19,8;19,6;19,8;20;19,5;19,6;19,5;20;19,8;19,8;19,9;19,9;19,9;19,6;19,8;19,8;19,6;19,8;19,6;19,6;19,8;19,3;20,1;19,9;20,4;20,4;20,4;19,8;19,8;19,9;19,8;20;19,6;19,9;20;20,1;19,8;19,9;20,1;20,1;20,1;19,8;20,5;20,1;19,9;20;20,4;19,9;20,4;20,1;20,5;20,5;20,7;20,5;20,2;20,1;20,2;20,2;20,2;20;20,1;20;20,2;20;20,1;20,4;19,9;19,8;19,9;19,8;20,1;19,6;19,8;19,8;20,1;19,5;19,8;19,5;19,5;20;19,8;19,4;19,2;19,4;19,5;19;19,5;19,9;19,4;19,5;20;21,2;26,1;26,6;26,7;26,8;27,3;27,2;27,8;29,2;30,3;30,5;30,8;31,1;31,3;31,4;31,5;31,3;31,7;32;31,8;31,5;31,6;31,6;32;32,2;31,8;31,5;31,4;31,5;31,5;31,3;31,3;31,7;31,8;31,7;31,5;31,4;31,4;31,2;31;31;31;30,9;30,8;30,6;30,6;30,6;30,5;30,6;30,2;30;30;30;30,1;30,3;30,4;30,1;29,7;29,7;30;30,1;30;30;30,3;29,7;29,5;29,4;30;29,3;29,4;29,5;29,5;29,7;29;29,3;29,4;29,1;29,5;29,1;29,3;29,1;29,7;29,4;29,5;29,9;29,5;29,2;29,5;30,2;30,5;30,5;30,5;30,4;30,2;30,2;30,1;30,1;30,2;30,5;30,4;30,8;31;30,7;30,7;30,9;30,9;30,8;30,7;30,9;30,9;30,9;30,9;30,7;30,9;31,1;31,1;30,6;31,5;31;30,6;31,5;31,2;30,7;31,4;30,9;30,8;31,1;31,3;31,4;30,8;31,1;31,3;31,2;31,3;31,3;31,3;31,1;31,1;31,1;31;30,9;31;31,4;31,5;31,2;31;30,9;30,9;31,1;31;30,7;31;31,1;31;31;31,2;31,1;31,2;31,1;30,5;30,4;30,6;30,4;30,5;30,3;30,1;30,4;30,7;30,4;30;30,4;29,9;30,2;29,9;30,1;29,9;30,1;30;29,1;29,1;29,5;30;29,7;29,3;29,7;30,1;29,7;30,1;30,1;29,9;29,9;29,4;30;29,7;29,9;30,1;30,3;29,9;29,9;29,7;30;30,1;30,2;30,1;29,4;29,3;30,1;30,2;30,2;30,4;30,5;30,5;30,5;30,4;30,6;30,9;30,6;30,6;30,6;30,5;30,8;31,2;31,1;30,7;31,1;31,1;31,3;31,3;31,4;31,7;31,5;31,2;31,8;31,6;31,5;31,5;31,1;31,3;31,2;31,4;31;30,8;31;31,3;31,2;30,4;30,5;30,2;30,7;31;30,6;30,9;30,3;30,6;30,1;30,7;30;29,4;28,8;27,9;27,4;26,8;26,8;27,1;26,4;25,4;23,7;21,4;20,8;20,8;20,5;20,6;20,6;20,6;20,2;20;20;20;19,9;20;20,1;20,6;20;20,1;20,4;20;20,1;20,1;20,2;20;20;19,6;19,5;20,5;19,6;20,1;19,5;20;19,8;20,2;19,9;20;19,6;19,6;19,9;20,2;19,9;19,9;20,5;20,2;20;19,5;20;19,3;19,5;20,5;20;19,5;19,6;20;19,5;20,8;19,9;19,6;19,8;20;19,5;20;19,5;20;19,9;19,4;19,4;19,9;20,2;20,4;19,3;20;19,6;20;20;18,7;20,1;20,1;20;19,8;19,6;19,6;19,4;20;19,5;19,6;19,9;19,8;19,6;20,7;19,8;19;19,9;19,4;19,9;19,9;19,8;19,8;20;20;20;20,1;20,2;20,1;19,6;20,1;20,1;19,6;19,6;19,8;19,5;19,5;19,9;19,4;19,4;19,5;19,5;19,6;19,5;19,6;19,6;20;20,1;19,2;19,5;19,9;19,6;19,2;19,2;19,5;19,3;19,2;19,3;19,8;19,4;19,3;19,6;19,6;19,8;19,5;19,9;19,6;19,5;19,4;19,4;19,5;19,5;20,1;19,8;19,2;19,2;19,4;19,2;18,7;18,7;18,8;18,9;19;19,6;20;19,3;18,8;18,9;19,5;19,2;18,9;18,9;18,8;19;18,8;18,9;19,3;18,9;19;19;18,8;18,7;19,2;19,3;18,820,8;20,7;20,7;21,1;21,2;20,9;20,8;20,8;20,5;20,4;20,4;20,1;20,4;20,6;20,6;20,1;20,2;20,5;20,8;20,4;19,6;20,2;20,2;20,2;19,9;20,1;20,2;20;20,1;20,4;20,1;19,6;19,4;19,9;19,8;19,4;19,4;19,5;19,6;19,8;19,6;18,9;19,6;19,8;19,6;19,3;19,6;19,5;20,1;19,3;19,5;19,4;19,4;19,3;19,5;19,8;19,4;19;19,5;19,5;19,4;19,2;19,5;19,6;19,8;19,6;19,4;19,8;19,8;19,8;20,4;20,4;19,9;19,6;19,6;20;20;19,6;19,2;19,8;19,6;19,9;19,9;19,5;19,3;18,9;18,9;19,4;19,4;20,4;19,4;19,5;19,5;19,3;18,9;19,5;19,2;19,4;19,5;19,3;19,9;19,2;19,6;19;19,9;19,8;19,6;19,8;19,4;19,9;19,3;19,9;20,1;20;19,5;19,4;19,2;19,9;19;19,5;19,6;19,9;19,8;20;19,9;19,6;20,1;19,9;19,6;19,6;19,5;20;19,6;19,4;20;19,6;19,6;19,4;19,6;20,1;20;19,6;20,1;19,9;19,9;20,2;20;20,1;19,9;20,4;20;20,5;20,1;20,1;19,9;20,4;20,2;19,9;20,6;19,9;20,2;20;19,5;20,4;20,4;20,2;19,8;19,8;19,8;19,8;19,6;20;19,8;19,8;19,4;19,8;19,5;20;19,3;20,2;19,3;19,4;19,5;19,4;19,3;19,4;19,2;19,5;19,2;19,6;19,6;19,4;19,5;19,9;21,2;26,1;26,3;26,7;26,7;27,3;27,3;27,9;29,4;30,3;30,5;30,8;30,6;31;31,5;31,6;31,3;31,8;32;31,8;31,5;31,8;31,4;31,8;32,1;32,2;31,5;31,3;31,5;31,3;31,6;31,6;31,3;31,2;31,3;31,6;31,2;31,1;31,3;31,3;31,1;30,8;31,1;30,9;30,7;30,7;30,5;30,3;30,5;30,5;30,3;30;30,3;30,2;30,1;30,3;30;30;29,5;30,1;30,1;29,3;30,2;30,4;29,5;29,1;29,4;30;29,5;29,3;29,2;29,4;29,2;29,3;29,7;29;29;29,1;29;29,1;29,5;29,3;29,4;29,5;29,7;29,5;29,5;29,4;29,9;30,1;30,1;30,1;29,9;29,9;30;30,1;30,5;30,4;30,3;30,4;30,4;30,4;30,6;30,8;30,8;30,4;30,1;30,8;31;30,7;30,8;30,9;30,8;30,8;30,8;30,8;31,1;30,9;30,9;31,2;31,4;31,4;30,8;30,9;31;30,7;30,9;31,1;30,4;31,1;31;31,3;31;31,5;31;31;31,2;31,1;31,3;30,7;30,9;31;31,3;31,1;31,2;31,1;30,8;30,9;30,8;30,8;30,9;31;31;30,5;30,6;30,8;30,7;30,9;31;30,7;30,6;30,6;30,3;30,7;30,5;30,2;30,4;30;29,9;30,2;30,6;30,1;30,1;30;30;29,1;29,5;29;29,7;29,5;29,9;29,4;30,3;29,2;29,4;29;30;30,2;29,9;30;29,9;29,1;30;30,2;30;30;29,7;29,5;29,3;29,7;30,2;29,9;29,9;29,9;29,7;29,9;30;29,7;29,5;30;30,2;30;29,9;30;30,6;30,4;30,4;30,6;30,8;30,7;31,2;31,1;31,2;31,2;30,9;30,9;31,1;31,3;31,4;31,2;31,4;31,1;31,4;31,6;31,5;31,4;31,1;31;31,4;31,1;31,1;31,2;30,8;31,2;31;30,3;30,4;30,4;30,9;31;30,6;30,7;29,9;30;30,1;30,2;30,1;29,5;28,7;27,9;27,4;26,7;27,4;26,6;26,5;25;23,4;21,2;20,8;20,5;20,5;20,6;20,5;20,4;19,5;19,9;19,6;19,9;20,2;20;19,6;20,4;19,5;19,8;20,4;19,6;20;20;19,9;19,8;19,8;19,8;19,4;20,4;19,5;20;19,6;20,2;19,3;19,8;19,5;20;19,8;19,4;19;20,4;19,5;19,9;20;20,5;20;19,8;20;19,4;19,3;19,9;20,1;19,9;20;19,5;20;19,2;20,2;19,8;19,5;19,8;19,2;20,6;19,5;19,9;19,2;20;19,3;20,1;19,8;19,8;19,9;19,6;19,9;19,4;19,6;19,5;19,8;19,3;19,4;19,2;19,8;19,8;19,3;20;19,6;19,8;19,9;20,1;19,5;19,9;19,9;19,3;19,4;19,4;19,3;19,8;20,1;19,8;19,5;20;20;20;19,6;19,9;19,6;19,5;20;20;20;19,9;19,5;19,4;19,5;19,8;19,6;19,4;19,2;19,6;19,6;19,4;19,5;19,4;20;19,5;19,9;19,6;19,6;19,5;19,5;19,6;19,4;19;19,8;19,5;19,4;19,3;19,3;19,4;19,8;19,5;19,8;19,9;19,6;19,5;19,6;19,8;19,6;19,5;19,4;19,4;19,6;19,5;19,9;20;19,6;19,8;19,2;18,9;19,3;19,8;19,4;19,2;19,5;19,3;19,2;19,8;19,4;19,9;20;19,6;18,8;19,5;19,8;19,4;18,9;19,3;19,5;19,3;18,9;18,820,8;20,7;20,6;20,2;20,2;20,4;20,6;20,5;20;20,2;20,8;20,4;20,1;20,2;20,7;19,4;20,1;20;20,7;19,2;20,5;20,4;20,1;20;20;20,5;20,2;20;19,8;19,8;19,9;19,6;19,6;19,6;19,5;19,5;19,4;19,4;19,5;20,2;20;19,2;19,6;19,8;19,9;19,2;19,3;19,2;19,5;19,3;19,4;19,2;19,3;19,2;19;19,5;19,2;18,9;18,9;19,3;19,3;19,3;19,6;19,6;19,6;19,4;19,6;19,6;19,3;19,4;20;19,9;19,2;19;19;19,4;19,6;19,2;18,9;19,5;19,6;19,8;19,8;19,5;19,3;19,3;19,4;19,6;19,5;19,3;19,4;19,3;19,4;19,8;19,8;19,5;19,2;19;20;19,3;19,4;19,2;19,6;19,5;19,2;19,8;19,3;19,6;20,1;19,8;19,8;19,5;19,3;19,9;19,2;19,8;19,4;19,9;19,8;19,3;19,5;19,5;19,6;19,2;19,8;19;19,9;19,6;19,8;19,5;19,6;19,8;19,9;19,6;19,4;19,4;19,5;19,8;20;20,1;19,8;19,9;20,1;19,9;20;19,6;19,9;20,5;20,1;20,2;20,1;20;20,2;20,1;19,9;20,5;20,6;20,1;20,8;19,9;20,2;20;20,1;20;20,1;20,1;19,9;20;20;20;19,9;20;20;20,1;19,9;20;19,8;20;19,4;20;19,6;19,3;19,3;19,5;19,3;19,6;19;19,5;19,5;19,8;19,9;19,5;19,8;19,9;21,2;25,4;26,6;26,8;27,3;27,2;27,6;28,1;29,2;30,5;30,5;31;30,9;31,1;31,3;31,4;31,5;31,8;32;32,2;31,8;31,8;31,7;32,2;32,4;31,8;32;32;32;31,8;31,7;31,8;31,5;31,5;31,5;31,8;31,8;31,7;31,6;31,2;31,3;31,4;31,5;31,2;31;30,9;30,6;30,5;30,5;30,2;30,2;30,5;30,4;30,3;30,5;30,4;30,3;30,2;30,5;30,1;29,7;30,4;30,4;30;30;30,3;30,1;30,1;29,5;29,9;30,3;29,2;29,7;29,4;30;29,4;29,4;29,7;29,2;29,5;29,2;28,8;29,9;29,7;29,9;30;30;30;30,1;30;30,2;30,3;30,2;29,9;30,3;30,3;30,5;30,7;30,7;30,4;30,5;30,7;30,7;30,9;30,6;30,6;30,6;30,6;30,8;31,2;31,1;31,1;31,1;31,3;30,7;31,3;31;31;31,1;31,2;30,6;31;31,2;30,8;31;30,8;30,7;31,2;31,3;30,9;31,2;31;31,5;30,8;31,7;30,8;31,1;31,1;31,3;30,7;31,1;31,3;31,5;31,4;30,9;30,7;31;30,9;30,8;31,2;31,2;31;30,9;30,9;31,1;31;30,9;31;30,9;30,9;31;30,8;30,5;30,5;30,4;30,8;31;30,8;30,2;30,4;30,6;30,2;30,4;30,7;29,7;29,9;30,3;30,2;29,5;29,4;29,3;29,2;30,4;29,5;29,7;30,3;30,2;30,1;30,2;30,1;30,2;29,7;29,9;30,2;30,1;30;30,3;30,2;29,9;30;30,1;30,2;30,1;29,9;30,3;30,6;30,3;30,3;30,3;30,7;30,5;30,4;30,5;30,2;30,6;30,8;30,8;31;31,1;30,7;30,8;31,1;31,1;31;31,1;31,4;31,2;31,4;31,3;31,2;31,6;31,4;31,6;31,7;31,5;31,4;31,3;31,2;31,2;31,4;31,5;31,4;31,1;31,4;30,9;30,5;30,7;31;31;30,7;31;30,4;30,5;30,3;30,5;30;30,1;30,1;28,9;28;27,7;27,3;27,3;27,1;26,7;25;23,3;21,4;20,7;20,5;20,7;20,4;20,2;20,6;19,9;20,1;20;19,9;20;20;19,9;20;19,8;19,8;20,6;19,6;20;19,6;19,5;19,6;19,9;19,9;19,3;20;19,9;19,6;20;20,2;19,6;19,5;19,9;19,8;19,6;19,8;19,4;20,5;19,3;19,6;19,9;20,2;19,8;19,8;20;19,4;19,5;19,9;19,9;19,8;19,9;19,9;19,5;19,3;19,8;19,4;19,9;19,8;19,9;19,9;19,6;19,4;19,4;19,5;19;20;20;19,3;19,5;19,5;19,3;20,1;20,1;19,2;19;20;19,6;19,3;19,9;20,4;18,9;18,9;19,4;19,5;19,6;19,6;19,5;20;19,9;19,4;19,3;19,3;19,6;19,8;19,4;19,6;19,4;18,9;19,3;20,1;19,6;19,6;19,8;19,8;19,8;19,6;19,6;19,5;19,6;19,6;19,5;19,8;19,9;19,4;19,4;19,6;19,8;19,5;19,8;19,2;19,4;19,4;19,6;19,5;19,3;19,6;19,8;19,3;19,3;19;19,4;19,6;19,4;19,3;19,5;19,5;19,3;19,4;19,5;19,3;19,6;19,5;19,6;19,2;19,5;20;19,6;19,3;19,3;19,3;19;19,2;19,6;19,5;18,9;19;19,2;19,2;19,5;19,4;19,4;19,9;19,4;19,5;19;18,6;19,3;19,3;18,7;18,8;19;18,8;18,7;19,2;19,2;19,2;19,5;1920,8;20,2;20,2;20,5;20,1;20;20,5;20,7;20,5;20,6;20,6;20,2;19,9;20,2;20,2;20,5;19,9;20,2;19,8;19,9;20;19,3;20;19,8;20,1;20,1;19,8;19,5;19,4;19,5;20;19,6;19,4;19,8;19,6;19,5;19,2;19,4;19,4;20;19,4;19,4;19,5;19,8;19,6;19,5;19,4;19,2;19,8;19,2;19,3;19,8;19,3;19,5;19,6;19,5;19,4;19,4;19,3;19,6;19,8;19,9;19,9;19,8;19,6;19,6;19,6;19,8;19,6;19,8;20,1;19,9;19,4;19,4;19,8;19,9;19,5;19,9;20;20;20;20,1;20;20;19,9;19,9;19,8;19,6;19,4;19,6;19,8;19,4;20,5;20,1;19,9;20,1;19,6;20,2;19,9;19,9;20,1;19;20,1;20,2;19,3;19,5;20,1;19,3;19,9;20,5;19,2;20,2;19,9;20,1;19,6;19,9;20,1;19,9;20,1;20,1;19,5;19,8;19,6;19,4;20;19,6;20,2;19,8;19,9;20;19,5;20,1;19,8;19,6;19,5;19,9;19,6;20,4;20;19,9;20;20,1;20,1;20,2;19,9;19,4;20,1;20,4;20,1;20,1;20,1;20,1;20,2;20;19,9;20,5;20,5;20,4;20,2;20,4;20,2;20;20,5;19,9;19,9;19,9;20;20,2;20,1;19,9;20;20,1;19,9;20,5;19,9;19,8;19,8;19,9;19,5;19,5;19,8;19,5;19,4;19,6;19,2;19,5;19,2;19,4;19,5;19,9;19,5;19,4;19,4;20,1;21,4;25,5;26,4;26,5;26,8;27,4;27,3;27,9;29,1;30,8;30,4;30,7;30,8;30,7;31,5;31,3;31,3;32;31,8;31,8;31,7;31,6;31,8;31,6;31,7;31,5;31,4;31,2;31,3;31,6;31,4;31,4;31,6;31,8;31,7;31,2;31;31,1;31;31;30,9;31,1;31,3;30,7;30,4;30,4;30,2;30,5;30,6;30,4;30,2;29,9;30,1;30,1;30;30;30,3;29,9;30,2;29,4;29,7;29,9;29,5;29,1;30,2;30,4;29,7;30,1;29,2;29,2;29,7;29,5;29,5;29,1;29,5;29,4;29,7;28,8;29,4;29;29,5;29,1;29,5;29,3;29,9;29,9;30;29,7;30;29,5;29,3;29,7;30;30,2;30,3;30,1;30,1;30;30,1;30,3;30,5;30,4;30,2;30,3;30,4;30,3;30,2;30,2;30,2;30,6;30,4;30,6;30,5;30,7;30,6;30,7;31,2;30,6;30,5;30,4;31;30,8;30,4;30,7;30,4;30,8;30,6;30,9;30,8;31,2;31;30,6;31,3;30,4;30,8;30,6;31,2;31,1;31,1;30,9;30,8;30,8;30,9;30,5;30,5;30,8;30,6;30,6;30,9;30,8;30,3;30,7;31;30,6;30,5;30,4;30,4;30,5;30,2;30,2;30,4;30,4;30,4;30,2;30;30,6;30,2;29,9;29,7;29,2;30,1;30,4;30,5;29,5;30;29,5;29,7;29,4;29,4;28,8;29,1;29,2;29,1;29,2;29,2;29,3;29,5;29,3;29,9;30,5;29,4;29,1;29,5;29,2;30;29,5;29,5;30;30,2;29,4;30;29,4;29,5;29,7;29,9;30;29,9;30,1;29,7;30;30,1;29,7;29,5;30;30,1;30,3;30,4;30,4;30,8;30,8;30,8;30,9;30,9;30,9;31,3;31,1;31;31,1;31,3;31,5;31,5;31,3;31,2;31,5;31,5;31,2;31,1;31,5;30,9;31,3;31,2;31;31,2;31;30,8;30,7;30,7;30,5;30,5;30,8;30,7;30,3;30,5;30,2;30,3;29,9;29,7;29,7;28,9;27,7;27,5;27,4;26,8;26,8;26,8;25;23,1;21,5;20,5;20,5;20,5;20,6;20,1;20,7;20,2;19,9;20,1;20;19,8;19,8;20,1;19,8;19,9;19,5;20,4;19,5;19,9;19,8;19,8;19,6;20,1;19,5;19,9;20;20;20;19,8;20;20,2;19,9;20,2;19,6;19,6;20;19,4;20,1;19,8;20;19,8;20,4;20;20,5;19,8;19,4;19,9;19,6;20,2;20,1;19,9;19,6;19,9;19,6;19,4;19,6;18,9;19;19,4;19,8;19,6;20,4;19,6;19,6;18,8;20,4;19,6;19,9;20,2;20,2;20,1;20,4;20,1;20,1;19,8;19,4;20;20;19,6;19,5;19,6;19,8;20;20,1;20;19,4;20,1;19,6;20,1;19,5;19,5;19,5;19,6;19,8;19,6;20,1;20,2;19,9;19,6;19,8;19,6;19,8;19,9;19,6;19,6;20;20;20,1;20;19,6;19,6;20,1;20,1;19,9;19,9;20;20,1;19,8;19,8;19,2;19,6;19,6;19,8;19,9;19,5;19,4;19,8;19,6;18,9;19;19,8;19,9;20;19,4;19,9;20;19,3;19,6;19,5;19,3;19,3;19,2;19,4;19;19,6;19,5;19,2;19,3;19,5;19,6;19,2;19;19;19,3;19,4;18,1;19,4;19,6;19,2;19,8;18,8;18,6;18,9;18,7;19,4;19,3;19,2;19,5;19,3;18,8;18,8;18,9;18,7;18,6;18,8;19;18,8;18,421,4;21,2;20,9;21,1;20,8;20,2;20,1;20,6;20,6;20,5;20,8;20,2;20,4;20,8;20,5;20,2;20,4;19,9;20;19,9;20,4;20,7;19,9;19,9;20,1;20,1;20;19,9;19,8;20;20,1;20;19,8;20;20;19,4;19,4;19,8;19,8;20;19,4;19,3;19,5;19,9;19,9;19,6;19,3;19;19,8;19,4;19,8;20,1;19,6;19,6;19,8;19,6;18,8;19,8;19,5;19,8;19,5;19,4;19,4;19,6;19,4;19,3;19,6;19,6;19,3;19,4;19,5;19,4;19,3;19,2;19,3;19,8;19,8;19,3;19,8;20,1;19,9;19,8;20;19,9;19,8;19,4;19,6;19;19,5;19,8;19,6;19,2;19,5;19,5;19,6;19,5;19,9;19,3;19,9;19,6;19,4;19;19,2;19,6;19,9;19,8;19,8;19,2;19,3;19,4;18,9;19,5;19,4;18,8;19,6;19,2;19,5;19,2;19,9;19,4;19,5;19,9;19,3;19,3;19,6;19,6;19,5;20;19,5;20,2;19;19,8;19,3;19,6;19,8;19,4;19,8;19,9;19,9;20;20;20;20,1;19,9;19,9;19,5;19,6;19,5;19,6;20,4;19,8;20,4;20,1;19,9;19,6;20,4;20;20;19,8;20,1;20,1;20,1;20,1;20;20;19,8;19,9;20,1;19,8;19,9;19,9;20,1;19,8;20;19,8;19,8;19,5;19,4;19,3;19,5;19,5;19,8;19,4;19,6;19,3;19,6;19,5;19,2;19,4;19,4;19,4;19,5;19,4;19,9;21,5;25,7;26,4;26,4;26,7;27,4;27,1;28;29,1;30,4;30,6;30,6;30,9;31,2;31,7;31,4;31,1;31,6;31,7;32;31,6;31,6;31,5;31,5;31,8;31,4;31,6;31,8;31,6;31,6;31,5;31,6;31,4;31,5;31,7;31,5;31,2;31,3;31,2;31,3;31,2;31;30,7;30,6;30,6;30,5;30,2;30,3;30,3;30,1;30,1;30;30,2;30,2;30,1;30,1;30,1;30,3;30,1;30,2;30,5;30;29,5;29,7;30,1;29,7;29,9;30,1;29,1;30;29,7;29,5;29;29,2;29,7;29,1;29;29,2;28,7;29,2;29,3;29,7;29,7;29,7;29,7;30;30,1;29,4;30,2;30;30;30;30;29,9;30,1;30,3;30;29,4;29,7;30,2;30,6;30,5;30,5;30,8;30,7;30,6;30,5;30,4;30,5;30,5;30,3;30,4;30,5;29,9;30,7;30,9;30,8;30,9;30,9;30,6;30,4;30,8;30,8;30,7;30,3;30,9;30,6;30,5;30,5;30,4;30,8;30,8;30,7;31;30,7;30,9;30,9;30,8;30,6;30,9;30,7;30,9;30,6;30,8;31,2;31;30,7;30,5;30,7;30,7;30,4;30,7;30,9;30,6;30,2;30,2;30,4;30,6;30,6;30,6;30,6;30,5;30,8;30,6;30,4;30,4;30,4;30,3;30,2;30,1;30;30,1;30,2;29,7;30;29,7;29,4;29,5;29,2;29,2;29,1;29,5;30;28,8;28,9;30,1;29,3;29,3;30,1;29,4;29,5;29,7;29,5;29,7;29,5;29,9;30,3;30,1;30,1;29,7;29,7;29,5;29,4;29,4;29,4;29,7;30,1;29,9;29,5;30;30,2;30,2;30,1;30;30,5;30,4;30,4;30,8;30,7;30,8;30,5;30,4;30,4;30,6;30,8;30,9;31;31,2;31,2;31;31,2;31,1;31,3;31,6;31,4;31,4;31,2;31,1;31;31,8;30,8;30,8;30,9;30,8;30,7;30,7;30,6;30,3;30,7;30,5;30,4;30,1;30,5;30;29,9;30;29,4;29,4;28,7;28;27,3;27,1;26,6;26,7;26,3;25,3;23,3;21,6;20,7;20,4;20,7;20,8;20,5;20,2;19,9;19,9;19,9;20;19,9;19,5;19,6;19,4;19,6;19,6;19,8;19,4;19,6;20;19,9;19,6;19,4;19,2;19,6;19,9;19,9;19,9;19,5;19,8;19,9;19,6;19,8;19,9;19,3;19,6;19,3;20;19,8;19,6;20,2;19,6;19,8;19,6;19,4;19,5;19,4;20;19,8;19,8;20,5;19,6;19,5;19;19,5;19,6;19,6;19;19,4;19,5;19,6;20;20,5;20;18,9;19,5;19,6;20,4;19,5;19,3;18,9;19,4;19,5;19,3;19,6;19,4;20,1;19;19,4;19,5;18,9;19,9;19,3;19,6;19,5;19,6;19,5;19,6;19,6;19,4;19,8;19,4;19,4;19,8;19,2;19,3;20;20,1;19,4;19,6;19,9;19,8;19,9;19,8;19,9;19,9;19,8;19,6;19,4;19,2;19,2;19,4;19,6;20;20,1;19,6;19,9;20;19,4;19,3;19,6;19,6;19,9;19,4;19,5;19,3;19;19,9;19,5;19,3;20,1;20;19,8;19,6;19,9;20;19,5;19,4;19,5;19,8;19,8;19,6;19,8;19,8;19,5;20;20,2;20;19,9;19,8;19,5;19,3;19,3;19,6;19,8;20;19,8;19,3;19,6;19;19,5;19,3;20;19,8;18,4;19,3;19;18,1;19;19,5;19,2;19,2;19,2;19,4;19,5;19,3;19,4;19,520,4;20,4;20,1;20,4;20,5;20,4;20;19,9;20;20,2;20,4;20,2;19,5;19,4;19,9;20;20;20,1;20;20,4;19,5;20;19,9;19,4;19,4;19,9;19,9;20,2;19,6;19,5;19,6;19,6;19,5;19,3;19,3;19,6;19,5;19,5;19,8;19,8;19,5;19;19,2;19,4;19,6;19,3;19;19;19,5;19,3;19,8;19,6;19,5;19,2;19,8;19,8;18,8;19,6;19,4;19,2;19,3;19,2;19,6;19,5;19,3;19,4;19,8;19,6;19,4;19,2;19,2;19,4;19,5;19,8;20,1;19,9;19,6;19,4;19,5;19,9;20,1;19,8;19,4;19,5;19,9;19,4;19,4;19,4;19,3;19,3;19,3;19,3;19,6;20,1;19,4;19,9;19,8;19,5;19,5;19,6;19,3;19,5;19,2;19,9;20,2;19,5;20,1;19,5;19,8;19,5;19,6;20,1;19,3;19,4;19,8;19,6;19,8;19,6;20,2;19,4;19,4;19,4;19,9;19,4;19,3;19,3;19;20,2;19,8;19,5;19,4;20;20;20,1;19,8;19,6;19,8;19,8;20,4;20;19,9;19,6;19,6;20,1;20;19,9;19,8;19,5;20;20,1;19,5;20,5;20,2;20,4;19,9;20,2;20,4;20,1;19,9;20,2;20,4;20;20;20;19,9;19,9;19,9;19,6;19,9;20;20;20;19,8;19,6;20,1;20,2;19,8;19,5;19,5;19,5;19,3;19,3;19,6;19,5;19,6;19,8;19,6;19,5;19,3;19,4;19,5;19,6;19,5;19,9;21,6;25,7;26,5;26,6;26,6;27,4;27,4;28,1;29,3;30,7;30,7;30,7;30,8;31,3;31,4;32,1;31;31,7;31,6;32,1;32,4;32,2;31,8;31,8;32,1;32,2;31,6;31,5;31,4;31,7;31,6;31,5;31,8;32,4;32,1;31,8;31,6;31,7;31,5;31,4;31,3;31,2;31,1;30,9;30,6;30,6;30,6;30,8;30,6;30,2;30,3;30,1;30,4;30,3;30,2;30;30,2;30,3;30,3;30,2;29,9;29,7;30,3;29,5;30;29,9;29,7;29,5;29,5;29;29,7;28,9;29,2;29,3;29,9;29,1;29,3;29,5;29,5;28,8;29,7;29,2;29,4;30;29,5;29,5;29,3;29,5;29,9;30;30,2;30,2;30,2;30,2;30,1;30,2;30,1;29,7;30,3;30,5;30,4;30,4;30,6;30,8;31;30,7;30,5;30,8;30,5;30,2;30,4;30,6;30,6;30,5;30,7;30,9;31,1;30,9;31,2;30,8;31,1;30,7;30,5;31;30,6;31;31;30,8;30,1;30,9;30,7;30,6;30,9;31,2;30,8;31;31,4;30,9;30,7;30,7;30,8;31;30,9;30,4;30,3;30,3;30,6;30,7;30,5;30,7;30,8;30,8;30,6;30,6;30,9;30,8;30,8;30,9;30,6;30,5;30,7;30,6;30,7;30,5;30,5;30,3;30,4;30,4;30,3;30,1;29,5;30,2;30,6;29,4;29,7;29,9;29,5;29,2;29,3;30,1;29,2;29,3;30,1;29,3;29,9;29,4;29,9;29,7;29,9;30;30;30,2;30;29,9;29,9;29,9;30;30,2;30,2;30,1;29,9;29,9;29,7;29,7;29,9;30,2;29,9;29,7;29,7;30;30,5;30,6;30,2;30,2;30,3;30,5;30,7;31;30,9;30,7;30,9;31,1;31;31,1;31,2;31,1;31,5;31,7;31,2;31,4;31,5;31,2;31,2;31,5;31,4;31,8;31,4;31,3;31;31,7;31,1;31;30,8;30,9;30,9;30,6;30,9;30,5;30,7;30,3;30,3;30,1;30,6;30,2;30,1;30,4;30;29,5;28,8;28;27,3;27,3;26,8;27,2;26,3;25,3;23,4;21,6;20,8;20,8;20,9;20,6;20,9;20,1;19,8;20,1;19,9;19,8;20;19,8;19,6;19,9;20;19,9;20,1;19,8;19,8;20,2;20;19,8;19,8;19,6;19,6;19,9;19,5;19,9;19,4;20;20;20,1;19,8;19,9;19,5;19,9;19;19,8;19,9;19,5;20,1;19,8;19,6;20;19,8;19,3;19,3;19,5;19,9;19,5;19,5;19,6;19,4;19,5;19,5;19,5;19,5;19,8;20,1;19,9;19;19,3;19,5;19,4;19,8;19,3;19,4;19,2;19,6;19,6;19,6;19,5;20;19,4;19,9;19,6;20;19,5;19,3;19,4;19;19,5;20;19,9;19,6;19,5;19,4;20;19,6;19,6;19,6;19,5;19,4;20,2;19,8;19,9;19,6;19,9;19,9;19,8;19,5;20;20,2;19,5;19,5;19,9;19,6;19,4;19,5;19,8;19,6;19,4;19,4;19,8;19,8;19,4;19,6;20,4;19,6;19,3;19,4;19,5;19,5;19,2;19,2;19,5;18,8;19,5;19,5;19,4;19,8;19,6;19;19,8;19,6;19,6;19,9;19;19,2;19,4;19,4;19,4;19,4;19,4;19,4;19,3;19;18,8;19,2;19,5;18,8;19;19,3;19,3;19,2;18,1;19,3;18,4;19,2;19,2;18,4;18,9;18,6;19,2;18,4;18,8;19,3;18,9;19,2;19,3;19,2;18,7;18,4;18,7;18,6;18,6;18,6;18,420,5;20,7;20,7;20,2;20;20,6;20,8;20,4;20,2;20,2;20,5;20,6;20,8;20,8;20;19,5;20;20;20;19,8;19,4;19,5;20,2;19,8;19,8;20;20;19,8;19,9;20;19,6;19,8;20,1;19,9;19,4;19,4;19,5;19,6;19,6;19,6;19,5;19,3;19,2;19,2;20;19,6;19,6;19,6;19,6;19,2;19,5;19,6;19,6;19,4;19,9;19,8;19,5;19,8;19,3;19,4;19,4;19,6;19,6;19,6;19,6;19,6;19,5;19,8;19,6;19,6;19,6;19,6;19,6;19,6;19,8;19,8;19,8;20;19,8;19,5;19,5;19,9;19,9;19,9;20,4;20,2;19,6;19,8;19,8;19,6;19,8;19,9;19,8;19,4;19,3;20;19,8;19,8;19,8;19,6;19,6;19,4;19,5;19,9;19,8;19;20,1;19,9;19,2;20;19,3;20,2;19,5;19,6;19,3;19,6;19,5;20,4;19,9;19,5;19,2;19,6;20;19,9;19,9;19,4;19,4;20;20,1;20,2;20;19,9;19,9;20;20;20;20;20,1;20,1;19,5;20,1;19,8;19,2;19,8;20,4;19,9;20,1;19,5;19,8;20,1;19,9;20,4;20,2;20,4;19,9;20,2;20;20,1;20;20,4;20,2;19,6;19,8;19,8;19,5;20;19,8;19,9;20;19,8;19,6;20;19,5;19,5;19,8;20;19,9;19,8;19,6;19,9;19,4;19,3;19,4;19,4;19,4;19,2;19,4;19,5;19,3;19,8;19,2;19,4;19,4;19,8;21,8;25,5;26,5;26,8;26,8;27,4;27,2;27,7;29,1;30,4;30,6;30,6;31;31;31,3;31,6;31,1;31,4;31,5;31,5;31,7;31,5;31,8;31,8;31,4;31,7;31,5;31,5;31,5;31,4;31,2;31,2;31,2;31,5;31,4;31,4;31,1;30,9;31,1;31;30,9;30,9;31;30,5;30,4;30,5;30,3;30,4;30,6;30,2;30;30,2;30,2;30;29,9;30;30,3;30,1;29,9;29,4;29,1;29,3;30,3;29,9;30;29,4;29,1;29,7;29,1;29,1;29,1;29,5;29,2;28,9;29;28,8;29,1;29;29,1;28,8;29,1;28,7;28,8;29,1;29,5;29,5;29,2;29,2;30,1;29,7;29,3;29,7;29,4;29,7;30;29,7;29,7;29,5;29,7;30;30,1;30;30;30,3;30,3;30,3;30,1;30,3;30,2;30,2;30,5;30,1;30,3;30,4;30;30,5;30,6;30,5;30,4;30,2;30,1;30,8;30,5;30;30,1;30,8;30,3;30,5;30,1;30,7;30,4;30,7;30,4;30,5;30,6;30,4;30,4;30,5;30,8;30,4;30,4;30,4;30,4;30,6;30,8;30,5;30,4;30,4;30,5;30,4;30,3;30,5;30,7;30,8;30,5;30,4;30,3;30,1;30;30,1;30,1;30;30,3;30,2;30,3;30,1;29,5;29,7;29,5;29,4;29,9;30;29,5;29,7;29,1;29,7;29;28,8;29,2;29;29;29,2;29,7;29,4;30;29;29,4;29,3;30;29,1;29,4;29,5;29,4;29,3;29,5;30,1;30;30,2;30,3;29,5;29,9;29,9;29,5;29,2;29,4;30;30;29,3;29,4;29,9;30;30,3;30,5;30,4;30,2;30;29,9;30,3;30,4;30,5;30,5;30,5;30,7;30,7;30,8;30,8;31;31;30,9;30,9;30,9;31;31,1;31;31,1;31,3;31,4;31,2;30,9;31,1;30,9;30,7;30,6;31,1;30,7;30,5;30,7;30,3;30,3;30,3;30,2;30,5;30,4;30,2;30,1;30,2;29,7;29,4;28,9;27,7;27,2;27,3;26,6;26,6;26,3;25,2;23;21,2;20,7;20,5;20,4;20;20,8;20,5;20,1;19,9;19,9;19,5;20,1;19,8;19,9;20,2;19,8;20;20,1;19,6;19,9;20,1;19,9;19,9;20,1;20;19,8;19,6;19,8;19,9;19,8;20,1;19,8;20,1;19,3;19,6;19,2;19,6;19,5;19,9;19,9;20,1;19,8;20,2;19,8;20;20;19,6;19,3;19,4;20,1;19,9;19,3;19,5;19,6;20,5;19,3;20,4;19,3;19,4;19,3;20,2;20;19,8;19,9;20;19,8;20,4;20,1;19,4;19,9;20,8;19,8;20,1;20;19;20,1;19,8;20,4;19,3;20,1;19,8;19,2;19,3;20,1;19,8;19,2;20;20,1;20;19,8;19,9;19,5;19,6;19,4;19,9;19,9;20;19,4;19,9;20,1;19,9;19,8;20,4;20,2;19,6;19,3;19,6;19,8;19,6;19,8;20;19,9;19,5;19,5;20;19,5;19,4;19,6;20,1;19,8;19,2;19,4;19,6;19,4;19,5;19,3;19,5;19,6;19,6;19,5;19,5;19,9;19,4;19,4;19,8;19,5;19,9;19,5;19,9;19,5;19,4;19,9;19,8;19,4;19,2;18,7;18,9;19,4;19,2;19;19,2;19,3;19,6;19,4;19,4;19;19,2;19,4;19,8;19;18,9;19,3;19,4;19,2;18,6;18,9;19,4;19,4;19;18,8;18,7;18,4;18,4;18,7;19;19,3;19,2;18,8;18,620,1;20,5;20,8;20,5;20,4;20,7;20,7;20,4;20,2;20,5;20,4;20,2;20,4;20,4;20,1;20,4;20,2;19,6;20,4;19,8;20,1;20,1;20,2;19,9;19,8;20,1;20,1;19,6;19,4;20;20;19,9;19,8;19,8;19,8;19,4;19,6;19,9;19,8;19,8;19,8;19,8;19,6;19,6;19,9;19,3;19,8;19,9;19,8;19,4;19,4;19,5;19,6;19,4;19,6;19,6;19,4;19,5;19,6;19,3;19,3;19,5;19,6;19,5;19,8;19,3;19,5;19,8;19,6;19,5;19,4;19,4;19,3;19,4;19,6;19,8;19,3;19,2;19,6;19,5;19,3;19,5;19,4;19,3;19,6;19,4;18,9;19,3;19,3;19,4;19,4;19,2;20;20;18,8;19,4;19,3;19,8;19,5;19,6;19,5;19,6;18,9;19,6;20,2;19,4;19,9;18,6;19,2;19,4;19,2;19,4;19,3;19,4;19,4;19,8;19;19,9;19,4;19,6;19,5;19,9;19,2;19,3;19,4;20,1;19,4;20,1;19,5;19,8;20;19,6;19,6;19,8;19,8;20,1;20,4;19,8;19,5;19,3;19,9;19,5;19,8;19,8;19,8;19,6;20,1;19,6;19,9;20,2;20,1;20,4;19,9;20,1;19,8;20;19,6;20,1;19,8;20,2;19,9;20;19,8;20,1;19,6;20;19,5;20,1;20,1;19,4;19,4;19,8;19,6;19,8;19,5;19,5;19,6;20;19,5;20;19,5;19,6;19,5;19,6;19,5;19,3;19;19,9;19,3;19,6;19,2;19,6;19,4;19,6;21,5;25,5;26,6;26,8;27,4;27,2;27,2;27,8;29;30,4;30,6;30,6;31,2;31,1;31,7;31,4;31,4;31,6;32;31,8;31,6;31,5;31,5;31,7;31,7;31,7;31,6;31,3;31,5;31,5;31,6;31,8;31,8;31,7;31,6;31,6;31,3;31,1;31,1;31;31;31;30,9;30,7;30,5;30,5;30,8;30,5;30,4;30,1;30,5;30,3;30,1;30,2;30,1;30,2;30,1;30;30;29,9;30,2;29,7;30,3;29,9;29,5;29,5;29,5;29,1;29,2;29;29,1;29,7;29,5;29;29,5;28,7;29,3;28,7;29,1;29;28,7;28,9;29,1;29,7;30;29,3;29,3;29,4;29,9;29,4;30;29,7;29,7;29,9;30;30,1;30,2;29,9;30,1;30,2;30,3;30,5;30;29,7;30,2;30,4;30,2;30,6;30,4;30,4;30,6;30,7;30,7;29,5;30,1;30,5;30,5;30,5;30,5;31;30,8;30,8;30,4;30,4;30,5;30,2;30,5;30,1;30,6;30,6;30,7;30,4;30,9;30,7;30,6;30,8;30,9;31,3;31,3;30,9;30,7;30,6;30,7;30,7;30,7;30,7;30,7;30,6;30,4;30,6;30,5;30,6;30,5;30,7;30,8;30,7;30,5;30,4;30,7;30,5;30,1;30,2;30,3;29,7;29,9;30,2;30,1;30;29,9;29,7;29,9;29,7;30,4;29,1;30;29,9;29,9;29,7;29,4;29,3;29,9;29,7;30,2;29,4;29,5;30;29,5;29,9;30,3;30,1;29,9;29,3;29,9;29,5;30,1;29,9;30,4;30,3;30,2;29,7;29,5;29,9;30,3;30,1;30;30,1;30,3;29,9;29,7;30,1;30,5;30,4;29,9;30,1;30,3;30,5;30,6;30,6;30,8;30,7;30,9;30,9;30,8;30,8;31;31;31,2;31,3;31,1;31;31,2;31,2;31,4;31,2;30,9;31,2;31,4;31;30,9;30,9;30,7;30,8;30,8;31,1;30,2;30,4;30,4;29,9;30,1;30,5;30,3;30,7;30;30,1;30;30,1;29,4;29,5;28,7;27,8;27,2;26,8;26,5;26,5;26,3;25;22,9;20,9;20,4;20,2;20,2;20;20,2;20,1;20;20,2;19,6;19,8;19,9;19,8;19,9;20,4;19,9;19,6;19,6;19,2;20;19,6;19,9;19,8;19,9;20;19,9;19,6;19,6;19,8;19,5;19,8;19,5;19,8;19;19,4;19,4;19,3;20;19,5;19,5;20;20;20,1;19,6;19,8;19,6;19,3;19,4;19,8;19,5;19,6;18,7;19,8;18,9;19,3;19,2;19,6;18,8;19,4;19,8;20;19,3;19,6;19,5;19,4;19,8;19,3;20,1;20,1;19,5;19,2;19,6;18,8;19,4;19,3;19,8;19,8;19,6;19;19,2;20,1;18,7;19,9;19,9;20,8;19,5;19,8;19,4;20;19,4;18,9;19,2;19,9;19,4;19,4;19,4;19,2;19,5;19,9;20;19,9;19,5;19,5;19,4;19,4;19,8;19,5;19,3;19,2;19,5;19,9;19,6;19,3;19,6;19,8;19,5;19,2;19,5;19,5;19,4;19,5;19,4;19,4;19,6;19,6;19,3;19,5;19,6;19,9;19,6;19,3;19,9;19;19,8;19,8;19,4;19,6;19,3;20,4;20;19,5;19,8;20;19;19;19,3;19,4;19,8;19,5;19,4;19,5;19,3;19,6;20;19,3;19,4;19,6;19,2;19,2;18,7;19,4;18,9;18,6;18,9;19,2;19,2;19;19;19;19,2;19,2;19,3;19,8;19,6;19,6;19,4;18,6;18,9;18,720,2;20,5;19,8;20,1;20,5;20,4;20,1;19,9;19,9;20,4;20,4;20,1;20;19,9;19,9;19,8;19,5;20;19,3;20,1;20,2;20,6;19,6;19,6;19,8;20,2;20;19,9;19,6;20;19,9;19,2;19,3;19,5;19,3;19,2;19,4;19,6;19,8;19,6;19,3;19,4;19,5;19,9;19,4;19,3;19,5;19,8;19,8;19,4;19,2;19,3;19,5;19,3;19,8;19,3;19;19,2;19,8;19,2;19,3;19,3;19,8;19,5;19,8;19,4;19,6;19,8;19,5;19,6;19,9;19,8;19,9;19,6;19,8;20;19,9;20,1;20,1;19,9;19,8;19,6;19,6;19,8;19,5;19,9;19,4;19,3;19,5;19,9;19,5;19,9;20,1;20;19,6;19;19,6;19,3;19,9;19,6;20;19,9;19,8;19,5;19,6;19,9;19,8;19,2;19,5;19,4;19,9;19,3;19,4;19,9;18,9;19,5;19,6;19,8;19,9;19,2;19,5;20;19,3;20,2;19,4;19,2;20,4;20,2;19,6;19,4;19,9;19,9;20;19,8;19,5;20,2;19,9;19,6;19,6;19,5;20;19,8;20;19,8;20;19,8;19,8;19,9;20,2;20,2;20,1;20,7;19,8;20;19,9;20;20;20,4;19,9;20,2;19,9;20,2;20;20,2;19,8;20,2;19,9;19,8;20,1;19,6;19,8;19,8;19,5;19,8;19,5;19,6;19,6;20,2;19,8;19,6;19,5;19,8;19,5;19,6;19,9;19,3;19,3;19,6;19,2;19,6;19,2;19,8;19,6;19,6;21,2;25,5;26,6;26,6;26,8;27,3;27,5;28,2;29,5;30,6;30,6;31,1;31,1;31,2;31,6;31,5;31,4;31,6;31,7;31,7;31,6;31,5;31,6;31,8;32;32,1;31,7;31,3;31,6;31,7;31,4;31,5;31,5;31,5;31,6;31,5;31,4;31,5;31,4;30,9;30,9;31,1;31,3;31,1;30,9;30,6;30,4;30,5;30,6;30,1;30,2;30,2;29,7;30,2;30;30;29,7;30,1;30,1;29,5;29,5;29,7;29,5;29,2;30,4;29,5;29,1;29,5;29,3;29,4;29;29,2;28,9;29,2;29,1;29,3;28,9;28,9;29,2;28,7;29,4;29,9;29,1;29,3;29,5;29,3;28,8;29,3;30;30;30;30,1;29,9;29,9;30;30;29,9;29,9;30,3;30,4;30,4;30,1;29,9;30,2;30,2;30,2;30,1;30,4;30,3;30,3;30,2;30,7;30,6;30,1;30,4;30,4;30,3;30,4;30,2;30,5;30,4;30,7;30,4;30,4;30,4;30,4;30;30,7;30,1;30,6;31,1;30,4;30,6;30,9;30,5;30,7;30,5;30,2;30,3;30,7;30,7;30,8;30,8;30,6;30,3;30,7;30,5;30,6;30,6;30,6;30,5;30,2;30,4;30,4;30,2;30,4;30,4;30,5;30,5;30,2;30,4;30,3;30,2;29,9;30,1;29,9;29,9;29,9;29,7;29,7;29,7;29,5;29,9;30;29,5;28,9;29,4;29,1;29,2;30;29;28,9;29,9;29,1;29,3;28,9;30;30;30,1;29,5;29,3;29,3;29,7;29,5;30;29,9;29,9;30;30,3;29,5;29,7;30,2;30,4;29,5;29,7;29,9;29,9;29,9;29,9;29,7;30,2;30,5;30,3;30,4;30,5;30,6;30,7;30,6;30,4;30,7;30,8;30,8;30,7;30,7;31;31,1;31,3;31,4;30,7;30,6;31,7;31,6;31,5;31;30,8;30,9;31,1;31,2;30,8;30,8;31,3;31,3;30,9;30,8;30,7;30,6;30,5;30,1;30,5;30,3;30,1;30,5;30,4;30,1;30,1;30,2;30;29,5;28,7;28;27,2;27,3;26,7;26,8;26,5;25,1;23;21,9;20,1;20,7;20,5;20,6;20,1;19,9;20;20,4;20;19,9;20,4;20;19,8;20,1;20,1;19,6;19,6;19,4;19,8;19,4;20;19,4;20,1;19,9;19,8;20;19,9;20,1;19,4;19,8;19,8;19,6;19,6;19,6;20;19,4;19,5;19,8;19,9;19,5;20,2;19,9;19,8;19,9;19,6;19,4;19,6;19,6;20,4;20,1;19,5;19,4;19,5;20,2;19,3;19,4;19,3;19,5;19,8;20,1;19,6;19,6;19,5;19,9;19,2;20,1;19,5;19,5;19,6;19,5;19,6;19,8;19,5;19,3;20,1;19,4;19,2;20;19,8;19,4;19,4;19,8;19,6;19,9;19,3;20,2;20;19,8;19,6;19,4;19,5;19,5;19,8;19,6;19,3;19,4;20;20,1;20;19,6;19,8;19,9;19,8;20;19,8;19,5;19,4;19,4;19,4;19,9;19,9;19,4;19,9;19,8;19,6;19,4;19,4;19,6;19,2;19,6;19,6;19,4;19,4;19,5;19;19,5;19,4;19,8;19,3;19,3;19,4;18,8;19,2;19,4;18,9;19,4;19,5;19,8;19,9;19,8;19,9;19,6;19;18,9;19,3;19,4;19,4;19,3;18,9;19;19;18,9;18,8;19,2;18,8;19;18,8;18,8;18,7;19,2;18;19;18,8;19,4;18,1;19,4;18,9;18,4;18,6;18,9;19;18,9;18,9;18,6;18,2;18,8;18,8;18,820,4;20,5;19,9;20,5;20,8;20,2;20,4;20,6;20,6;20,7;20,6;20,5;20,1;20;20,2;19,8;20,1;20,5;20,1;20,2;20,4;20;19,6;19,4;19,9;19,8;20,1;20,2;19,8;19,8;19,9;19,4;19;19,4;20;20;19,8;19,9;20,1;20;19,8;19,5;19,4;19,9;19,9;19,4;19,8;19,9;19,6;19,6;19,4;19,4;19,8;19,4;19,9;19,8;19,3;19,3;19,6;19,4;19,2;19,4;19,5;19,8;19,5;19,5;19,8;19,9;19,8;20;19,8;19,5;19,8;19,9;19,9;20,1;20,2;19,8;19,6;19,8;19,4;19,5;19,5;19,6;19,9;19,8;20;19,6;19,4;19,6;19,4;19,8;19,9;19,8;19,3;19,6;19,6;20,2;19,5;19,6;19,9;19,6;20,4;19,8;20,1;19,4;19,4;19,6;19,9;19,6;19,6;20,1;20;19,4;19,6;19,4;19,2;19,5;20;19,8;19,4;19,8;19,4;19;19,9;19,5;20,1;19,6;19,9;19,6;19,3;20,2;19,8;19,6;20;20;19,6;19,6;19,8;19,3;20,1;20;19,4;20;20;19,8;20;19,9;20;20;20;20,8;19,9;20,1;19,9;20;20,2;20,4;19,9;20;20;20;20,1;20;19,9;20,2;20,1;19,9;20;20;19,9;19,8;19,8;20,1;19,9;19,8;19,6;20;19,5;19,4;19,3;19,5;18,9;19,6;19,6;19,5;19,5;19,3;19,5;19,5;19;19,6;19,4;19,8;21,2;25,6;26,6;26,5;26,7;27,2;27,3;27,9;29,7;30,5;30,9;30,8;31;31,1;31;31,2;31,3;31,6;31,8;32,5;32,2;31,4;31,6;31,6;31,8;31,6;31,7;31,6;31,8;31,4;31,6;32;31,6;31,6;31,7;31,6;31,3;31,5;31,4;31,3;31,2;31,3;31;30,6;30,8;30,6;30,3;30,4;30,3;30,1;30,2;30,2;30,3;29,9;30,3;29,9;29,9;29,9;30;29,1;29,9;29,3;30,2;29,4;30;29,3;28,8;29,5;29,3;29;29,7;29,7;29;28,4;29,4;29,3;28,8;29,1;29,5;29,3;29,4;28,9;28,9;28,9;29;29,2;29,3;29,3;29,5;29,4;29,7;29,7;29,9;29,9;29,7;29,7;30;29,7;30;30,1;30;29,9;30;29,9;30;30,3;30,1;30,3;30,3;30,1;30,1;29,9;30;30,2;30,5;30,5;30,2;30,3;30,3;30;30,6;30,5;30,2;30,5;30,2;30,7;30,3;30,2;30,4;30,1;30,5;30,4;30,5;30,6;30,7;30,2;30,9;30,5;30,1;30,7;30,6;30,5;30,4;30,4;30,3;30,3;30,3;30,4;30,8;30,7;30,2;30,2;30,2;30,1;30,3;30,1;30,1;30,4;30,1;30,2;30,6;30,3;29,5;30,1;30,1;29,9;29,7;30,1;29,4;29,4;29,3;29,5;29,9;29,1;30,2;29,1;30;29,4;29,4;29;29,9;29,4;29,3;28,9;29,5;29;29,5;29,7;29,1;30;29,4;29,9;30,1;29,5;29,2;29,7;30;29,9;29,9;30;30,4;30;29,5;29,7;29,7;29,5;30,1;30;29,7;30,2;30,4;30;30;30,4;30,6;30,7;30,6;30,5;30,4;30,3;30,5;30,6;30,6;30,8;30,7;30,5;30,8;31,3;31,1;31,3;31;31;31,4;31;31;31,1;31;31;30,8;30,9;30,6;31,2;30,6;30,6;31;30,6;30,1;30,5;30,6;30,1;30;30,7;30,4;30,1;30,2;30,4;29,5;29,3;28,6;28,1;27,2;27,3;27,1;27,3;26,4;25;23;22,2;20,4;20,9;20,6;20,7;20,2;20,2;20,1;20,2;20;19,4;20,2;20,4;19,6;20;19,6;19,6;19,9;19,6;19,9;19,3;19,9;19,8;19,8;19,5;19,3;20;19,8;20,2;19,8;19,5;19,9;19,8;19,9;19,9;19,6;19,5;19,3;20,2;19,8;19,6;19,6;19;19,9;20;19,6;19,6;19,6;20;20,1;19,6;19,2;19,4;19,3;19,5;19,5;19,8;19,8;19,4;20,2;19,9;20,1;20,2;20;19,5;19,2;20,1;19,8;20,1;19,8;19,8;19,6;19,4;20,4;19,4;19,3;19,4;20,1;19,4;20;20;19,3;19,8;20,1;20;19,8;19,9;19,9;20,2;19,8;19,8;19,3;19,9;19,6;19,9;19,5;19,8;19,9;19,6;19,3;19,8;20,2;20;19,6;19,6;19,9;19,5;19,9;19,8;19,5;19,4;19,5;19,5;19,9;19,6;19,4;19,5;19,4;19,5;19,2;19,5;19,5;19,6;19,5;19,3;19,5;19,5;19,6;19,8;19,4;19,5;19,3;19,4;19;19,9;19,3;19,5;19,6;19,4;19,3;19,8;19,4;19,5;19,5;19,6;19,3;19,3;19,4;19,2;19,5;19,9;19,8;19,5;19,3;19,3;19,8;19,5;19,4;19,9;19;19,6;19,3;19,2;19,3;18,4;18,6;19,6;19,3;19,3;18,9;19;19,5;19,5;19,3;19,2;19,2;18,8;18,7;18,720,6;20,8;20,4;20,2;20,5;20,6;20,6;20,1;20;20,2;20;19,9;19,8;20,2;20;20,4;20,4;20,4;20,2;20,5;19,8;20,4;20,7;19,9;19,4;20;20,6;20;19,8;20,1;19,8;19,6;19,5;19,6;19,6;19,4;19,4;19,6;19,8;20,2;20;19,2;19,5;19,6;19,9;19,4;19,8;19,8;19,6;19,3;19,6;19,6;19,8;19,3;19,8;19,8;19,5;19,4;19,5;19,5;19,3;19,5;19,6;19,9;19,2;19,4;19,9;19,8;19,5;19,4;19,5;19,4;19,8;19,9;19,9;19,8;19,8;19,9;20;20,1;19,5;19,5;19,5;19,6;20;19,6;19,6;19,9;19,6;19,4;19,4;19,5;20,4;20;19,2;18,9;19,4;19,4;19,8;19,9;19,6;19,6;19,4;19;19,8;20;19,9;20;19,6;19,5;19,2;19,9;19,2;19,5;19,5;19,8;20,4;19,9;20,1;19,8;19,6;20;19,4;19,8;20;19,5;19,8;19,9;20;20;19,6;20,1;19,6;19,5;19,8;20;20;20;20;19,5;20,1;19,8;19,5;20,4;20;19,9;20,2;19,9;19,8;20;20;20,4;19,8;20,2;19,9;20;20,1;20,5;19,9;19,5;19,9;20,1;19,9;19,8;20,2;20,4;19,9;20,1;20,4;20,2;19,9;19,8;20;20,1;20;19,8;19,9;19,8;19,4;19,6;19,5;19,6;19,4;19,9;19,5;19,8;19,3;19,5;19,6;19,8;19,3;19,8;19,5;20,4;21,4;26;27,1;27,3;26,7;27,3;27,5;28,1;29,5;30;30,7;30,7;30,6;31;31,3;31,5;31,7;31,8;32,2;32;32;31,8;31,5;31,7;32;32;31,7;31,4;31,8;32,5;32,2;32;31,8;31,6;31,5;31,5;31,5;31,4;31,3;31;30,9;31;30,8;30,8;30,8;30,6;30,7;30,5;30,5;30,2;30,3;30,3;30,2;30,5;30,3;30,3;30,1;30,3;30;29,9;30,3;29,5;29,5;30;30,2;29,4;29,5;29,2;29,2;29,9;29,7;29,4;29;29;29,1;29,1;29,3;28,9;29,5;29;29,2;29,2;29,3;29;29,5;29,3;29,5;29,5;30,1;29,9;29,9;29,9;30;29,9;29,7;29,7;30;30,1;30,1;29,9;30,1;30,2;29,9;30,3;29,7;29,9;30,1;30,1;30;30,3;30,5;30,3;30,3;30,5;30,4;30,8;30,7;30,1;30,3;30,6;30,4;30,6;30,4;30,3;30,7;30,6;29,5;30,6;30,6;30,5;30,6;29,9;30,8;30;30,8;30,5;30,8;30,8;30,6;31;30,9;30,6;30,6;30,8;31,2;30,7;30,6;30,6;30,6;30,4;30,2;30,3;30,9;30,8;30,7;30,3;30,2;30,5;30,3;30,2;30,3;30,4;30,6;30,3;30,2;30,2;30,2;30;30;30,4;30,6;30,4;30,4;29,4;29;29,3;30;29,3;30,4;29,3;29,3;29,2;30;29,2;29,4;29,4;29;29,4;29,2;30,6;30,1;29,5;29,9;30,2;29,4;30,1;30;30,3;30,4;30;29,9;29,5;30,2;30,2;30,1;30,2;29,9;29,7;30;29,9;30;30,3;30,2;30,2;30,3;30,6;30,7;30,6;30,8;30,8;30,9;31,1;31,2;31,2;31;31,2;31,3;31,3;31,5;31,2;31;30,8;31;31,4;31,6;31,5;31,1;30,9;31;31,1;30,5;31;30,6;31;30,4;30,3;30,2;30,5;30,5;30,3;30,3;30,9;30,3;29,9;30,2;30,4;29,4;29,5;28,6;28,1;27,4;27,4;26,8;27,3;26,6;25,2;22,9;21,5;20,5;20,8;20,4;20,7;20,5;20,5;20;20,5;19,6;19,3;20;20,4;19,5;20,4;19,6;19,6;19,9;20,2;20,2;19,6;20,2;20,1;19,8;19,5;19,4;19,6;19,6;19,8;19,6;19,6;19,9;19,9;19,5;19,4;19,3;19,8;19,5;20;19,5;19,9;19,5;19,2;19,8;19,8;19,6;19,5;19,5;19,8;19,8;19,6;19,3;19,2;20;18,9;19,2;20,1;19,2;19,6;19,8;19,4;19,5;19,9;20,2;19;19,3;19,8;19,3;20,1;20,6;19,9;19,4;19,5;19,9;19,6;19,9;19,6;19,8;19,5;19,5;19,5;19;19,6;19,2;19,8;19,5;20;19;19,9;19,6;19,6;19,5;19,3;19,9;19,9;19,3;19,5;19,5;19,6;19,6;19,6;19,4;19,5;19,4;20;20;19,8;19,9;19,8;19,8;19,5;19,3;19,4;19,8;19,8;19,3;19,5;19,6;19,3;19,2;19,2;19,4;19,6;19,9;19,5;19,9;19,3;19,8;19,8;19,9;19,6;19,4;19,6;19,5;19,8;19,6;19,6;19,9;19,6;19,3;19,6;19,9;19,8;19,5;19,2;19,4;19,9;19,6;19,5;19,2;18,9;18,8;19,2;19,4;18,9;19,2;19,4;19,6;19;19;19;19,5;19,3;19,4;19,3;18,8;18,7;19;19,3;18,9;18,7;18,6;18,8;19,3;19,5;19,4;19,2;18,9;18,820,7;20,8;20,4;20,5;20,6;20,6;20,7;20,6;20,4;20,4;20,1;20,1;20,1;20,2;20,4;20;20,1;20,2;20;20,2;19,9;20;20,1;20;20;19,6;20;20;19,8;20;19,6;19,5;19,5;19,6;19,6;19,4;19,9;20,1;20;19,9;19,3;19,3;19,9;19,9;19,6;19,2;19,3;19,2;19,9;19,4;19,9;19,9;19,5;19;20,2;19,5;19,8;19,8;19,6;19,5;19,5;19,8;20,1;19,8;19,6;20,2;20,2;19,6;19,8;19,6;19,8;19,9;19,8;19,8;19,9;20;20;20;19,9;19,9;19,9;19,5;19,9;20,1;19,9;19,8;20;20,4;20;19,8;20,1;20,1;19,9;19,6;19;20;20;19,9;20;19,3;19,9;20;19,4;20,1;20,6;20;19,8;19,5;20,2;20,2;19,9;19,6;19,8;20,4;19,6;19,9;19,5;19,9;20,4;20,2;19,9;20,1;19,6;19,5;19,9;19,8;19,8;19,8;20;20;20;19,4;19,9;20;20,4;19,6;20,1;20,1;20,1;19,5;20;20,1;19,9;20,5;20,4;20,1;20,4;19,8;19,6;20,2;20,1;20,2;20,2;20,4;20,1;20,4;20,2;20,6;20;19,6;19,9;20,2;20;19,9;20,2;20,4;19,9;20,1;20,5;19,9;20;20,2;19,8;19,8;19,8;19,6;19,9;20,2;19,9;20;19,8;20;19,9;19,9;19,3;19,6;19,4;19,8;19,6;20,1;19,3;20;19,6;20,2;21,2;25,8;27,3;27,5;27,2;27,3;27,2;28,2;29,5;30,4;30,4;30,9;30,9;30,8;31,4;31,6;31,6;31,7;32,1;32,2;32;32,1;31,8;31,8;32;31,8;31,4;31,5;31,8;32,4;32;31,8;32;31,7;31,4;31,5;31,6;31,8;31,5;31,1;31;31;30,8;30,8;30,9;30,7;30,6;30,4;30,3;30,3;30,2;30,3;30,4;30,2;30,1;30,2;30,2;30;29,9;30;30;30;29,5;29,4;29,7;30;29,9;30,1;30;29,5;29,9;29,2;29,3;29,5;29,7;29,2;28,9;28,7;29,4;29,2;29,1;29,2;29,3;29,2;29,5;29,5;29,2;29,2;29,4;29,4;29,9;29,5;29,5;29,5;29,5;29,7;30,1;30,1;30;29,7;30;30;30;30;30,2;30,3;30,2;30,2;30,1;30,3;30,3;30,6;30,4;30,4;30,5;30,2;30,4;30,5;30;30,6;30,5;30,6;30,4;30,2;30,5;30,3;30,7;30,2;30,4;30,3;30,4;30,9;30,2;30,5;30,6;30,7;31;30,5;30,4;30,4;30,4;30,6;30,6;30,6;30,6;30,6;30,4;30,3;30,3;30,3;30,9;30,9;30,5;30,7;30,3;30,2;30,5;30,5;30,6;30,6;30,4;30,3;30,3;30,3;30,1;29,9;30;29,9;29,7;29,4;29,4;29,9;29,9;29,7;29,2;29,4;29,5;29,4;29,3;29,2;29,2;29,1;29,7;29;29,7;30,2;29,3;29,4;30;30;29,9;30,2;29,9;29,5;29,9;30,3;30,3;30;30,1;29,9;30,1;30,3;30,2;30,2;30,4;30;29,9;30;30,3;30,1;30,3;30,1;30;30,1;30,2;30,2;30,3;30,4;30,5;30,5;30,8;31;31,3;31,3;31,1;31,3;31,2;31,2;31,3;31,2;31,1;30,9;31;31,3;31,5;31,4;31,3;30,8;31;31,1;31,1;31,3;30,6;30,8;30,3;30,1;30,7;30,4;30,9;30,6;30,3;30,4;30,6;30;30,2;30,2;29,7;29,7;28,5;28,1;27,6;27,5;26,8;27,2;26,7;25,5;22,9;21,4;20,8;21,1;20,5;20,7;20,4;20,8;19,9;20,4;20;19,6;20,4;20,2;19,6;20,2;19,4;20;19,6;20,7;20,2;19,9;20,6;20,4;20;19,8;19,8;20,1;20;19,9;19,8;20;19,6;20;19,6;19,8;19,9;20,1;19,5;20,5;19,9;20,1;20;19,9;20,1;19,9;19,9;19,2;20;19,6;19,9;20,1;19,6;19,6;19,3;20,2;19,3;20,1;19,5;19,3;19,8;19,6;19,8;19,5;19,8;20,1;20;20,2;19,5;19;19,6;19,8;19,2;20;20;19,8;19,6;19,8;19,6;20,1;20,2;19,9;19,8;19;19,5;19,9;20;19,2;19,5;20,1;20,1;20;19,9;19,9;20,1;19,8;19,6;19,9;19,5;19,4;19,8;19,8;19,6;19,9;19,6;19,9;20,1;19,6;19,8;19,6;19,6;19,6;19,8;19,4;19,3;19,4;19,9;19,6;19,8;19,8;19,2;19,2;19,8;19,8;19,3;19,8;19,4;19,4;19,6;19,8;20;19,6;19,5;19,8;20,2;19,4;19,3;19,5;19,6;19,8;19,8;19,3;19,3;19;18,9;19,2;19,4;19,8;19,9;19,5;18,7;18,6;18,9;19,2;19,3;19,6;18,7;17,8;18,8;19,4;18,7;18,6;19;19;18,9;19;18,7;19;18,8;19;19;18,8;18,8;19,4;19,5;19;19,3;18,9;18,6;18,620,5;20,7;20,6;20,6;20,8;20,5;20,5;20,6;20,4;20,1;20,2;20,9;21,1;20,7;20,5;20,6;20,1;20,2;20,8;20,7;20,1;20;19,9;20,1;19,9;20,8;20;20,6;20,2;20,1;19,8;20;20,2;20;19,9;19,9;19,8;19,6;19,9;20;20;19,5;19,8;19,5;19,2;19,4;19,5;19,3;20,1;19,8;19,9;20;19,8;19,3;20,4;20;19,8;19,9;19,9;19,5;19,6;19,9;20,2;19,8;19,6;20,1;20,1;19,9;20;20;20;20;20,1;19,9;19,8;20;20;20;20,4;20,2;20;19,9;19,9;19,8;20,1;20;19,9;19,5;19,6;20;20,2;20,1;20,6;20,4;19,6;19,8;20,1;20;19,8;19,9;20,1;20;20;20,1;19,9;19,8;19,5;20;19,9;20,1;20;19,9;20;19,9;20,1;19,9;20;20,2;20,1;19,9;20;19,6;19,5;19,6;20;19,6;19,8;20;20;20;20,1;19,6;20,1;20,4;20,1;19,9;20,4;20;20,1;19,6;20,4;20,4;20;20,7;20,4;20;20,4;20;20;20,6;20,4;20;20,6;20,2;20,4;20,4;20,6;20,4;20,1;19,9;20,1;20,5;20;20,4;20;20,2;20;20,1;20,1;19,9;20,2;20,4;19,6;19,9;20;20;20,2;20,5;19,6;19,9;19,6;20;19,5;19,8;19,6;19,5;19,3;19,6;19,5;19,9;19,2;20;19,8;19,9;21,2;25,8;27,3;27,4;26,7;27,2;27,5;28,2;29,7;30,6;30,5;31;31,1;31,4;31,4;31,8;31,6;31,8;31,7;32;32;32,4;32;32,1;32,6;32,4;31,6;31,6;31,5;32;32,1;31,7;31,5;31,5;31,7;31,8;31,6;31,6;31,7;31,3;30,9;30,9;31,1;30,9;30,8;30,8;31,1;30,8;30,5;30,5;30,4;29,9;30,2;30,1;30,3;30,3;30,3;30,3;30,1;29,7;29,3;29,9;29,5;29,3;29,9;29,4;29,4;29,3;29,1;29,1;29;29,3;29,7;28,9;29,9;28,4;29,1;29,2;29,3;29,5;29,2;29;29,4;29,5;29,7;29,4;29,3;29,9;30;29,7;29,9;29,9;29,7;30,1;30;29,9;29,9;30,1;30;30,1;29,9;30,1;30,7;30,7;30,2;30;30;30,4;30,3;30,2;30,5;30,5;30,5;30,3;30,6;30,3;30,5;31,2;30,6;30,5;29,9;30,2;30,3;30,1;30,5;30,4;30,5;30,5;30,3;30,4;30,7;30,4;30;30,4;30,9;30,3;30,5;30,5;30,6;30,8;30,4;30,6;30,5;30,7;30,5;30,3;30,6;30,7;30,6;30,6;30,2;30,3;30,3;30,4;30,5;30,5;30,6;30,4;29,7;29,5;30,3;30,6;30,6;30,8;30,7;30,2;30;30;29,4;30,1;30,2;30,1;30;29,7;29,4;29,4;29,9;29,4;29,2;29,5;29,9;29,4;29,3;29;29,5;29,2;30;29,2;29,4;29,5;29,3;30,2;30,1;29,5;30,1;30,2;30,2;30,5;30,4;30;30,2;30;30,1;30,1;30,1;30,1;30,3;30,3;30,1;30;30,2;30,5;30,6;30,5;30,6;30,6;30,4;30,5;30,6;30,5;30,8;30,8;30,9;31;31;30,8;31,2;31,6;31,6;31,4;31,5;31,5;31,3;31,5;31,4;31,1;31,1;30,7;31;31,4;31;31,4;30,9;31,1;30,5;30,5;30,7;30,1;30,4;31;30,7;30,6;30,7;30,2;30,1;30,6;30,1;29,5;28,8;28,5;27,5;27,4;27,2;26,8;26,5;25,2;22,9;21,8;20,9;20,8;20,8;20,6;20,1;20,4;19,8;20,4;20,2;20;20,6;20;19,9;19,9;19,4;20,1;19,8;20,4;19,9;19,6;20,4;20,2;19,9;20,5;20;20,1;19,9;20;19,8;20;19,4;19,9;19,9;20,1;20;20,2;19,8;20,1;20;20,2;20;20,4;20,2;20,1;20,5;19,8;19,8;20,7;19,6;20,1;19,6;19,5;19,6;20;20,1;20,4;20,1;19,6;19,5;20;19,9;20,2;19,8;19,8;19,9;20,1;19,9;20,4;19,9;20;19,8;19,9;20;19,3;19,2;20;19,3;19,9;19,9;20,4;19,6;20,1;20,5;20,1;19,6;19,6;19,6;19,9;20,1;19,8;19,8;19,6;19,6;19,5;19,6;19,8;20;20,1;19,9;19,8;19,6;19,8;19,8;19,9;19,8;19,2;19;20;20;19,6;19,8;19,6;19;19,4;20,1;19,9;19,8;19,8;19,8;19,9;19,8;19,9;19,2;20;19,4;19,8;19,9;19,8;19,9;19,6;19,8;19,6;19,9;19,6;19,3;19,4;19,6;19,3;19,5;19,5;19,3;19,5;19,9;19,6;19,9;20,4;19,9;19,3;19,4;19,3;19,4;18,9;19;19;18,8;19,2;19,8;19,4;19,2;19,2;19,4;18,8;19,6;19,3;19,2;19,3;19;19;19,3;19,4;19,4;19,5;19,2;18,8;19,4;19,4;19;18,820,6;20,6;20,1;20,5;20,8;20,5;20,5;20,7;20,8;20,8;20,6;20,5;20,6;20,5;20,6;20,2;19,9;19,8;20,5;20,1;20,5;20;20,1;20,4;20,2;20,4;20,1;20,1;20,2;20,1;19,5;19,6;19,8;20;20,1;20;20;20;20,1;20,2;19,6;19,8;20;19,8;19,6;19,9;19,9;19,5;20;19,9;20;19,9;19,6;19,5;20,1;20,1;19,5;19,5;19,5;19,4;20,1;19,8;20,1;19,8;19,3;19,8;20,1;20;20;20,1;20;19,8;20;19,6;19,8;20,2;20,2;19,9;20,2;20,2;20;19,9;19,9;19,8;19,9;20,2;20;19,9;20,1;20;20,1;20,4;20,8;20,5;19,8;20;20,1;20,1;19,4;19,9;20,2;20,2;20;20;20,4;20,2;19,4;20,1;19,6;19,8;19,9;19,5;20;20;20,6;20,4;20,1;19,9;20;20;19,9;20,4;19,4;20,1;20,4;19,9;19,3;19,8;20,1;19,6;20;20;20,4;20;20,2;20,1;20,5;20,2;20;19,5;19,6;19,9;20;20,4;20,4;19,9;20,1;20,2;20,2;20,5;20,2;20;20,2;20,5;20,2;20,1;20,2;20,5;19,9;20,2;20,4;20,5;20;20,5;19,9;20,1;20;20,5;20,2;20,2;20,1;20;20,2;20,2;20,1;20;20,2;20,2;19,4;19,6;19,6;19,9;19,4;20;19,8;19,8;19,2;19,3;19,2;19,4;19,5;19,5;19,6;20;21,2;25,8;27,3;26,7;27,2;27,1;27,7;28;30;30,5;30,5;31;30,7;31,2;31,1;31,5;31,1;31,6;31,7;31,5;31,4;31,8;31,8;32,1;32;31,7;31,5;31,3;31,4;31,5;31,4;31,5;31,7;31,5;31,2;31,6;31,6;31,3;31;30,5;31;31,1;30,9;30,7;30,5;30,5;30,4;30,4;30,2;30,3;30,3;30,1;30,1;29,9;30,4;30,4;30;30,1;29,5;29,2;29,2;29,9;30,1;29,4;29,5;28,8;29,1;29,5;29,1;29,5;29,4;28,8;29,2;28,8;28,7;28,6;29,1;29,1;29,2;29;29,2;29,5;29,9;29,3;29,1;29,5;29,4;29,7;29,4;29,7;29,5;29,5;29,7;29,9;29,9;29,7;29,5;29,3;29,5;30;30;30,2;30,2;30,1;30,3;29,9;29,7;30,1;30,2;30,1;30,3;30,1;30,3;30,5;30,7;30,4;30,2;30,6;30,2;30;30,5;30,5;30,1;30,5;30,3;29,5;30,4;30,3;30,3;31,2;30,5;29,9;30,6;30,7;30,4;30,3;30,1;30,3;30,6;30,6;30,2;30,3;30,3;30,2;30,3;30,2;30,3;30,4;30,3;30,3;30,4;30,8;30,5;30,2;30,3;30,2;30,1;30,3;30;29,5;30,1;30,3;30;29,5;29,5;29,5;29,5;29,4;29,3;30,1;29,5;29,9;29,9;29,5;29;29;29,7;29,2;29,4;29,2;28,9;29;29,3;29,4;29,7;29,4;29,1;29,3;29,3;30;30;29,4;30,5;30,2;29,5;29,2;29,7;29,9;30,1;29,5;29,9;30;29,9;29,5;29,9;29,4;29,3;29,5;29,9;30,1;30,1;30,2;30,4;30,6;30,5;30,2;30,4;30,4;30,4;30,6;30,7;30,9;30,7;30,7;31,2;31;31,7;31,5;31;30,9;31,1;31,2;31;30,9;31,1;31;30,9;31;31,1;31,4;30,9;31;30,8;30,8;30,7;30,3;30;30,1;30,4;31,1;30,4;30,3;30,3;30,1;30,2;30,3;30,1;29,3;28,7;28,2;27,3;27,7;27,2;27,1;26,4;24,6;22,5;21,8;20,6;20,9;20,4;20,6;20,1;19,8;19,9;19,9;20;19,6;20,2;20;19,9;20;19,6;20,1;20,1;20;19,9;19,5;20,5;20;20,4;20,6;19,8;20;19,4;19,8;20;19,9;19,4;19,8;20,1;19,9;19,9;20,1;19,6;20,2;20;20,2;19,3;20,2;20,4;20,5;20,4;19,9;20;20,7;20,4;20,1;19,8;19,6;20;19,3;19,6;19,8;19,6;19,8;20,2;19,6;20,5;19,9;19,6;19,8;20;19,8;20,1;20,4;19,5;20;19,9;19,6;20;19,3;19,5;20,2;19,9;20,1;20,1;20,6;19,5;19,9;19,9;20,4;20,1;20,4;19,8;19,8;19,8;19,8;20,4;20,2;20;20;19,9;19,8;19,6;20;20;19,9;19,8;19,4;19,4;19,9;20;19,6;19,5;19,6;20,1;19,8;19,6;19,6;19,4;19,9;20;20;20,1;19,3;20,4;20,1;19,8;19,6;19,8;19,9;19,9;19,4;20,2;19,8;19,4;20;20;19,4;19,8;19,8;19,6;19,6;20,2;20;19,5;19,6;19,6;19,4;19,3;19,6;20;19,8;19,6;19;19,2;19,4;19,4;19,3;19,2;19,2;19,2;19,9;19,6;20;19,6;18,9;19;19,6;19,6;19,5;19,6;20,1;19,2;19;19,2;19,2;19,4;19,5;19,2;18,8;19,4;19,5;18,9;1920,8;21,1;20,7;20,9;20,6;20,4;20,5;20,4;20,2;20,4;20,5;20,6;20,8;20,7;20,6;20,2;20,6;20,6;20,1;20,5;19,6;20,4;20,1;20,1;20,7;20,4;20,1;20,2;19,9;19,8;19,5;19,5;20;19,9;19,9;19,8;19,9;20,2;20,6;20,4;19,8;19,6;19,5;19,6;19,5;20;20,4;19,3;19,9;19,8;20;19,9;19,3;19,6;20,1;19,8;19,5;19,5;19,9;19;20;19,8;20;19,9;19,8;19,8;19,9;19,6;19,9;20;20;19,8;19,9;20;20,1;19,9;19,9;19,9;20;19,9;19,8;19,9;19,5;19,3;19,3;19,3;19,3;19,5;19,8;19,6;19,4;20,1;20,5;20,1;19,3;19,9;20,1;20,2;20,2;19,6;20,2;20;19,9;20;20,4;20,1;20,4;19,6;19,6;20,6;19,6;19,5;19,8;19,3;19,9;20,2;19,9;19,4;20;19,9;20,1;20,5;19,8;19,6;20;19,5;19,8;19,5;19,6;20;19,8;19,9;19,9;19,8;19,6;20,1;20;20,1;19,9;19,8;19,5;19,4;20,1;20,2;20,1;20,4;19,8;20;20,5;19,9;19,9;20,4;20;20,1;20,2;20,1;20,1;20,6;19,6;20,1;19,9;20,2;19,9;20,1;19,9;20,2;19,8;20,1;20;20,1;19,9;20,1;20,2;20,2;20;19,8;19,8;20,4;19,4;19,8;19,6;19,4;19,5;19,8;19,4;19,8;19,4;19,3;19,3;19,2;19,6;19,3;19,5;20,2;21,2;26,1;26,7;26,7;27,1;26,8;27,3;28,5;29,4;30,5;30,6;30,7;30,7;31,1;31,4;31,7;31,3;31,6;32,1;31,6;31,6;31,7;31,6;31,5;31,8;32;31,8;31,8;31,6;31,7;31,7;31,7;31,7;31,4;31,3;31,5;31,5;31,2;31;31,1;30,9;30,7;30,7;30,5;30,5;30,6;30,6;30,6;30,4;30,3;30,6;30;30,6;30,4;30,2;30;30,1;30;29,3;30;30,1;29,5;29,5;30;29,9;29,3;28,8;29,1;29,3;29;29,3;29,3;29,4;28,5;29,3;28,5;28,9;29;29;28,8;28,9;29,3;29,2;29,2;29,2;29,5;29,5;29,3;29,3;29,9;29,9;30;29,7;29,5;30;30;29,5;29,3;29,5;29,7;29,9;30,1;29,7;29,5;29,7;29,9;29,9;29,7;29,5;29,5;30,2;30,6;30,2;29,7;29,7;29,7;30;29,9;30,3;30;29,9;30,8;30,3;30;30,2;30,1;30,3;30,7;30,6;30,4;30,5;30,5;30,4;30,6;30,1;30,2;30,3;30,5;30,5;30,6;30,7;30,7;30,4;30,4;30,4;30,2;30,4;30,3;30,1;30,5;30,1;29,7;30;30,1;30,1;30,2;30,5;30,4;30,1;29,9;29,9;29,7;30,1;30,1;29,7;29,5;29,4;30;29,4;29,2;30,1;29,4;29,7;29,2;29,4;29,2;29,3;28,9;29,7;29,1;29,4;29,2;29,7;29;29,3;29,1;29,5;28,7;29,4;29,5;29,4;29,5;29,5;29,4;29,7;30;29,3;29,4;30,2;29,4;29,4;29,5;30,3;29,7;29,7;30;30,1;30;30,1;30,2;30,3;30,2;30,4;30,4;30,3;30,4;30,7;30,7;30,7;30,5;30,6;30,6;30,5;30,9;31,1;30,8;30,8;31,1;31,1;31;31,2;31,4;31,1;31,2;31;31;30,7;31,1;30,9;30,8;30,9;30,8;30,6;30,9;30,4;30,4;30,1;30,3;30,2;30,6;30,5;30,4;30,2;30;30,2;30,2;29,7;29,4;28,6;27,7;27,3;27,2;26,8;27,4;26,2;24,6;22,5;21,8;20,4;20,9;20,1;20,5;20,2;20,2;20;19,9;19,6;19,5;20,1;20,2;19,5;19,9;19,6;19,9;20,1;19,9;19,6;19,6;20,6;19,9;20,5;20;19,6;20,1;19,9;19,5;20,2;20;19,5;19,5;19,9;19,9;19,5;19,6;19,4;20;20;19,8;19,5;19,9;19,9;20;19,9;20,1;19,5;20;20,2;20;20,1;19,8;19,8;20,1;19,8;19,4;19,3;19,4;19,3;20;19,8;20;19,9;19,3;19,3;19,8;20;19,4;19,6;19,6;19,8;20,4;20,5;19,8;19,8;20,1;19,6;19,6;19,9;19,6;19,6;19,9;19,4;19,8;19,6;19,3;19,4;20;19,6;19,5;19,5;19,5;19,4;19,6;19,3;19,3;19,8;20,1;19,9;19,8;19,5;19,6;19,6;19,6;19,5;19,2;19,8;19,6;19,6;19,6;19,8;19,8;19,4;20,1;19,8;19,9;20,2;19,4;19,9;19,6;19,9;19,3;20;19,3;19,9;19,6;20,1;20;19,9;19,9;20,1;19,4;19,8;20,4;20,1;19,8;19,6;20;19,9;19,6;19,6;19,6;19,4;19,3;19,9;20,1;19,6;19,5;19,2;19,5;20,2;19,8;19,3;19;19,6;20,4;19,3;19,2;19,4;19;19,5;20,2;19,4;19,2;19,2;19,2;18,9;19,5;19,6;19,3;19,3;19;19,3;19,4;19,3;19,2;19,2;18,920,7;20,8;20,7;20,5;20,6;20,5;20,4;20,1;20,4;20,4;20,2;20,7;20,6;20,2;20,6;20,7;20,1;20,4;20,2;19,6;20,5;20,4;20;20,6;19,9;19,5;19,8;20,1;20;20,2;20;19,5;19,5;19,9;20,4;20,2;20;19,9;19,9;20,1;19,9;20;20,1;19,6;19,8;19,4;19,8;19,8;19,9;19,9;19,9;19,9;19,8;19,4;20;19,8;19,6;19,4;20,2;19,2;19,6;20;20,1;19,9;19,8;19,8;19,8;19,4;19,6;19,9;20;19,8;19,8;19,9;19,6;19,8;19,8;19,8;19,9;19,9;19,6;20;19,9;19,8;20;20,1;20;19,8;19,5;19,8;20;19,9;19,9;20,1;19,6;19,8;19,9;19,6;20,1;20,2;20,2;19,5;19,6;19,8;20;19,8;19,9;19,9;19,9;19,5;19,9;20,4;19,6;19,5;19,4;19,5;19,2;19,3;19,3;20,1;20,1;20,1;19,6;20;19,9;19,8;19,5;20,1;19,6;19,4;19,6;20;19,6;19,8;19,6;19,9;20,1;20,2;20,4;20;19,6;19,8;19,8;20;20,4;20,5;20;19,9;20,4;20,1;19,9;20,1;20,2;20,2;20;20,4;20;20,6;19,8;19,8;20;20,4;20;20;20;20,4;19,4;19,8;19,6;20;20,1;20;19,6;20;19,8;20;19,8;20,1;19,3;19,8;19,4;19,3;19,4;19,5;19,5;19,5;19,5;19,5;19,4;19,3;19,4;19,5;19,5;20,1;21,4;25,8;26,5;26,6;27,2;27,4;26,8;28,2;29;30,8;30,7;30,8;30,9;31,4;31,7;31,6;31,4;31,4;31,7;32,2;32,1;31,6;31,3;31,6;31,8;31,5;31,5;32;31,7;31,7;31,6;31,5;31,1;31,3;31,4;31,5;31,6;31,2;31,1;31;30,8;31,1;31,2;31;30,8;30,5;29,5;30,4;30,6;30,4;30,3;30,2;30,4;30,2;30,1;30,4;29,7;29,5;29,1;29,9;29,7;29,5;29,7;29,1;29,9;29,2;28,9;28,8;28,9;28,6;29,2;28,9;28,8;29,1;29,1;28,6;28,9;28,6;29;28,9;29,2;29,1;29;28,8;29,2;28,9;29,1;29,1;29,4;29,4;29,2;29,2;29,2;29,1;29,2;29,5;29,7;29,3;29,2;29,5;29,5;29,7;29,7;30;30,1;30,1;29,5;29,7;30,2;30,7;30,1;29,9;29,4;29,7;30,1;30,1;30,1;30,3;29,7;30;30,5;30,3;30,1;29,9;30,2;29,9;30,2;30,5;30,9;30,4;30,4;30,1;29,9;30,1;30,2;30,1;30,5;30,1;30,1;30,2;30,4;30,5;30,3;30,2;29,9;30,1;30,3;30,3;30,3;30,2;29,9;30,2;30;29,4;30,2;30,3;30,4;30,2;29,7;29,5;29,4;29,9;30,1;30,1;29,9;29,3;29,4;29,9;29,7;29,5;29,5;29,5;29,9;29,2;29,1;29,3;29,3;29,3;29,3;29,3;28,7;28,7;30;29;29;29,5;29,1;29,1;29;29,4;29,5;29,3;29,5;29,4;29,2;29,3;29,9;29,9;30,1;29,4;29,5;29,9;29,9;29,9;30;29,4;30;29,7;29,5;30;30,2;30,1;30,3;30,5;30,5;30,6;30,7;30,9;30,8;30,3;30,7;30,9;30,9;30,9;30,9;31;31;31,3;31,1;30,8;31,3;31,4;31,1;30,9;30,7;31;30,8;31,1;30,7;30,6;30,7;30,7;30,4;31;30,4;30,2;30,3;30,3;29,9;30,4;30,4;30,6;30,4;29,9;30,1;30,2;29,4;29;28,8;28,1;27,4;27,2;26,7;27,2;26;24,7;22,7;21,1;20,5;20,6;20,2;20,6;20,4;20,7;20,2;20,5;19,4;19,8;20,1;19,8;19,5;19,5;19,6;19,9;19,9;19,9;19,9;19,4;20,4;19,8;19,9;19,9;19,9;20,6;20,2;19,5;20;19,9;19,6;19,8;19,9;19,8;19,8;19,5;19,4;20,1;19,6;19,8;19,9;19,6;20;19,9;19,5;19,5;19,6;20;20,2;19,8;19,3;19,4;20;19,6;19,8;19,6;20;19,9;19,3;19,9;19,6;20;19,6;19,9;18,9;19,6;19,6;19,6;18,8;20,6;19,8;20,1;19,4;20;19;19,6;19,6;19,4;20,1;19,2;19,8;19,6;19,5;20,1;20;20,1;19,5;19,8;19,6;19,5;19;19,8;19,8;19,5;19,5;19,6;19,9;19,9;19,8;19,8;19,8;19,8;19,9;19,4;19,4;19,4;19,5;19,8;19,9;19,9;19,8;19,6;19,4;19,8;19,8;19,5;19,8;19,5;19,5;19,4;20,1;19,2;20;19,4;19,8;19,9;19,5;20;19,9;19,9;20,2;19,3;19,3;19,4;19,6;19,4;19,4;19,4;19,3;19,3;19,4;19,6;19,9;19,9;19,6;19,3;19,3;19,6;19,3;19,6;19,4;19;18,8;19;18,9;18,9;19,4;19,5;19;19,8;19;18;18,8;18,9;19,3;19,2;18,7;19;19,2;18,9;18,7;18,7;19,2;19,2;19,3;19,2;19,4;18,720,5;20,4;20,4;20,1;20,7;20,4;20,5;20,5;20,5;20,4;20,4;20,4;20;19,8;20,1;20,2;20,2;20,6;20,2;19,6;19,8;20,4;20,2;20,8;20,1;20,2;20,6;20,1;20;20,1;20,4;20,1;20,1;20,4;20,1;19,8;19,6;19,3;19,8;20,2;19,6;19,5;19,9;20,2;20;19,2;19,8;20;19,6;19,9;19,9;19,8;20;19,2;20;19,9;19,6;19,4;20,1;19,5;19,5;19,9;19,9;20;19,3;19,8;20;19,8;19,9;19,9;20;19,5;19,9;19,8;19,9;20;19,9;19,9;19,9;19,8;19,6;19,9;20;19,8;19,8;19,8;20,2;19,9;19,4;19,6;19,9;19,8;19,4;19,4;19,6;19,9;19,8;20;19,6;20;19,9;19,2;19,6;19,5;19,5;19,9;18,9;19,5;19,9;19,8;19,9;19,9;19,6;19,5;19,8;20;19,6;20;19,8;19,5;19,5;20,1;19,8;20,1;19,6;20,1;19,9;19,5;19,8;19,9;20;20,2;19,6;20,1;20;19,8;20,2;20,2;20,6;19,9;20,1;20;20,1;20;20;20,2;20,4;20,2;20,1;20,6;19,9;20,2;20,4;20,2;20,4;20,6;20;20,4;19,8;20,1;20,1;20,4;20;19,9;20,1;20,5;19,8;19,8;19,9;19,8;20,1;20;19,8;19,9;19,6;20;19,8;20;19,5;19,9;19,6;19,5;19,6;19,9;19,5;19,5;19,5;19,8;19,3;19,8;19,4;19,9;19,8;20,2;21,6;25,6;26,7;26,8;27,1;27,3;27,2;28;29,4;30,8;30,7;31,1;31;31,3;31,4;31,6;31,7;31,8;31,8;32,2;31,8;31,8;31,7;31,8;32,1;32,5;31,8;31,4;31,6;31,8;31,8;31,4;31,5;32;31,8;31,7;31,6;31,6;31,5;31,5;31,4;31,3;31,2;30,9;31;30,8;30,5;30,3;30,6;30,3;30,5;30,4;30,1;30,1;29,9;30,2;30,1;30;30,4;30,3;29,5;29,9;30;29,5;29,7;30;28,8;29,3;30;29,2;29,9;28,9;29,1;28,9;29,5;29;29,2;29,3;29,9;29,1;29,2;29;29,1;29,2;29;29,5;29,4;29,5;29,9;29,2;29,3;29,5;29,7;30;29,9;29,7;30;29,7;29,5;30;30;29,9;29,9;29,7;29,9;30,3;30,4;30,2;30,4;30,3;30,1;30;30;30,1;30,2;30,2;30;30,4;30,1;30;30,1;29,9;30;30,5;29,4;30,3;30;30;30,6;30,8;30,2;30,3;30,5;30,3;30,4;29,5;30,5;30,6;30,6;30,5;30,2;30,3;29,9;29,9;30,1;30,7;30,4;30,2;30,2;30,2;30,1;30,3;30,6;30,4;29,9;30,2;30,4;30,2;30;29,7;30,1;30,2;30,3;30,1;30,1;30,1;30;29,3;29,4;29,9;29,4;29,9;29,5;29,5;30,1;29;29,3;29,7;29,3;29,1;29;29,3;29,3;29,1;29,2;29,2;29,1;29,5;29,3;29,7;29,1;29,3;29,9;30,2;29,9;29,5;29,5;29,5;29,9;29,4;29,4;29,7;30;29,7;30,2;30,1;30,6;30,4;30;30,1;30,3;30,5;30,5;30,6;30,6;30,6;30,5;30,6;30,5;30,6;30,9;31,1;31,1;31;31;30,9;31,1;31,6;31,4;31,3;31,2;31,1;31,3;31,3;31,3;31,3;31,1;31,3;30,7;31,2;30,9;30,7;30,6;31;30,4;30,4;30,4;30,3;30,2;30,4;30,6;30,6;30,4;30,1;30;30,3;29,4;29,1;29;28,5;27,5;27,5;26,5;26,7;26,3;25;23;21,1;20,2;20,1;20,5;20,5;20,4;20,6;20,2;19,8;19,6;19,6;19,9;19,5;20,1;19,4;19,5;20;20,1;19,8;19,8;19,6;19,8;20;20;19,6;19,9;20,5;20;19,8;19,8;19,6;19,9;19,9;19,6;19;19,6;20;19,3;20,1;19,6;20;19,8;19,4;20,1;19,5;19,9;19,4;20;20;19,8;19,8;19,4;19,5;19,6;19,6;19,5;20,1;19,3;19,3;19,6;19,8;20,2;19,9;20;19,6;18,9;18,8;19,5;19;19,8;20,1;19,3;20,5;19,5;19,8;19,4;19,5;20;18,9;19,8;19,5;19,4;19,6;19,8;19,9;20;19,8;19,6;20;19,8;19,2;19,4;19,6;19,6;20;20;19,8;19,8;20;20,1;20,1;19,9;19,8;19,6;19,4;19,5;20;19,8;19,6;19,9;19,8;20;19,4;19,4;19,4;19,9;19,5;19,6;19,4;20;19,6;20;19,5;20,2;19,9;19,6;19,4;19,5;19,8;19,3;19,9;20;19,3;19,8;19,4;19;19,2;19,5;19,3;19,6;19,6;19,3;19,2;19,2;19,5;19,6;19,4;19,4;19,3;19,5;19,4;19,8;19,6;19,3;19,2;20,1;19,6;20;19,3;19,2;20,2;19;18,8;19;19,3;18,8;19,2;19,3;19,2;18,9;18,7;18,8;19,3;19,6;19,4;19,3;19,3;18,8;18,720,6;20,2;20,2;20,1;20,4;20,4;20,5;20,4;20,4;20,5;20,5;20,1;19,9;20,1;20,1;20,1;20,1;20,6;20,6;20;20;20,2;19,5;19,6;19,9;19,8;20;20,4;19,8;19,5;20,1;20,1;19,9;20,1;20,2;20;20,1;20,1;20,1;20,1;19,8;19,8;19,9;19,6;19,5;19,5;19,6;19,6;19,9;19,3;19,8;20;19,9;19,5;20;19,9;19,5;19,5;19,8;19,6;19,9;19,5;19,8;19,8;19,4;19,9;20,1;19,9;20,2;19,6;20;19,9;20,1;20;20,2;19,8;19,6;19,6;19,5;19,9;20,1;20;19,6;19,8;19,9;19,4;19,2;19,4;19,8;19,9;19,8;20,1;20,4;19,9;19,5;20;19,8;19,8;19,8;19,9;20,2;19,9;19,6;19,8;20;20,2;19,4;20;20,1;19,6;20,2;20;19,3;19,8;20,4;20,2;19,5;19,5;20,4;19;19,9;20;20,1;19,9;19,6;19,9;19,9;19,4;19,6;19,6;19,6;20,1;20;19,9;19,9;19,9;20,2;19,9;20,4;19,9;20,1;19,8;20,2;19,9;19,9;20,4;20,1;20,5;20,1;20,8;20;20,1;19,9;20,2;20,1;20,7;20,2;20,2;19,9;20,5;20;20,5;19,9;20,1;20,5;20,5;20,1;19,9;20,1;20;20;20;19,8;20;19,4;19,9;20;19,8;19,9;19,9;19,6;19,8;19,6;20;19,4;19,4;19,5;19,8;19,4;19,2;19,4;19,4;19,9;19,9;22,1;25,5;26,6;27,2;26,8;26,7;26,8;27,9;29,3;30,5;30,8;31,1;31,1;31,4;31,4;31,4;31,6;32;32;31,8;31,4;32;32,1;31,8;32,4;32,2;31,4;31,2;31,3;31,4;31,5;31,5;31,7;31,3;31,2;31,2;31,3;31,2;31;30,9;31;31;31;30,7;30,7;30,7;30,4;30;30,2;30,3;30,2;30;29,9;30,1;30,3;30;30;30;29,4;29,1;29,3;29,3;29;29,1;29,3;29;29,2;29,5;29,3;28,9;29,4;28,6;28,8;28,7;28,9;29,4;29,2;28,8;28,6;29;29,1;29,4;28,9;29,1;29;28,9;29,2;29,3;29,3;29,4;29,4;29,3;29,3;29,3;29,4;29,4;29,5;29,2;29,4;29,7;29,4;29,7;30,1;29,5;29,2;29,7;29,9;29,5;29,9;30;30;30;29,7;29,7;30,2;30;30,5;30,2;29,7;29,9;30;30,1;30,2;30,1;29,9;30;30,5;30;30,1;30,3;29,4;29,4;29,9;30,2;30,3;30,2;30;30,4;30;30,4;30,6;30,4;30,2;30,1;29,9;30,1;30,4;30,3;30,1;30,2;30,2;30,1;30,1;30,3;30,4;30,1;30,1;30,1;29,9;29,9;30,1;30,1;29,7;29,7;29,3;29,7;29,4;29,2;29,2;29,5;29,9;29;29,5;29,5;29,4;29,3;29,4;29;29,3;29,1;29,2;28,5;29,2;28,8;29,7;29,1;28,7;29;29,3;29,3;28,7;29,2;29,1;29,5;29,4;30;30,1;29,5;29,2;29,3;29,1;29,4;29,9;29,5;29,7;30;30;29,9;29,9;30,3;30,4;29,9;29,9;30,1;30,3;30,5;30,3;30,3;30,4;30,7;31;30,8;30,6;30,9;31,1;30,9;30,8;31,3;31,4;31,2;31,3;31,3;31;31,2;31,1;31,1;30,9;30,9;30,9;31;30,7;30,9;30,7;30,8;30,2;29,9;30,1;30,1;30,1;30;30,7;30,4;30,3;29,5;30;30,1;29,7;29,2;28,9;28;27,4;27,7;27,1;26,8;26,7;24,7;23;21,2;20;20,2;20,6;20,2;20,2;20,2;20,1;19,6;20;19,6;19,9;20;20,4;19,4;19,6;20,1;19,9;19,6;19,6;20,2;19,5;19,9;20,4;19,9;19,6;19,8;19,6;20,2;19,6;19,8;19,9;19,6;19,5;19,5;19,9;19,9;19,5;20,1;19,6;19,9;19,6;19,6;20,4;20,1;19,8;19,6;19,6;19,6;20,1;20;19,2;19,8;20,1;19,3;19,8;19,8;19,8;19,4;20,2;20,5;19,6;20,2;19,9;20,1;19;20,2;19,6;19,8;19,6;20,1;20;20,1;20;19,8;19,4;20,7;20,5;20,4;20,2;19,9;19,6;19,5;19,6;20,4;19,8;19,2;19,6;20;19,5;19,3;19,4;19,9;19,8;19,8;19,6;19,9;19,9;20;20,1;19,9;19,9;19,8;19,6;19,8;20;19,9;19,8;19,9;19,9;19,5;19,3;19,2;19,8;19,4;19,8;19,6;19,5;19,4;19,4;19,4;20,1;19,6;20,2;19,8;19,6;19,6;19,5;19,8;19;19,8;19,6;19,8;20;19,9;19,6;19,4;19,9;20,1;19,9;19,6;19,8;19,4;19;18,9;18,9;19,4;19,5;19,3;19,4;19,4;19,4;18,7;18,9;18,4;18,9;18,8;19,5;19,6;19;18,8;19,3;19,3;19,3;18,8;18,9;19,3;19,2;19;18,9;19,2;19,3;19;19,4;19;18,7;18,7;18,9;18,920,6;20,8;20,2;20;20,2;20,4;20,4;20,4;20,5;20,7;21,1;21,2;20,8;20,4;20,4;20,4;20;20,4;19,9;20,1;20,4;19,6;20;20,1;19,9;19,8;20;20,2;20,2;19,9;19,9;20,2;20,1;20,1;20,2;20;19,9;19,8;19,9;20;19,9;20;20,1;19,8;19,9;19,5;19,6;20,1;20,4;19,8;19,5;19,9;20,1;19,9;19,9;19,6;19,6;19,4;19,6;19,8;20,1;19,5;19,9;19,6;19,6;19,9;19,6;19,8;20,2;19,4;20;20;19,9;19,9;19,9;19,9;19,8;19,9;19,8;20;19,9;19,8;19,8;19,6;19,9;19,8;19,8;19,5;19,5;19,6;19,8;19,4;19,9;19,9;19,6;19,6;19,3;19,6;20,1;19,6;20;20;19,4;20,4;20,1;19,6;19,8;19,6;19,6;19,4;19,6;19,9;20;19,6;19,8;19,3;19,9;19,8;19,6;19,6;19,6;20;20;19,6;19,4;20;19,4;19,8;19,8;20,4;19,9;20,1;19,9;19,5;20,1;19,6;19,9;20;20,1;19,9;20;19,8;20,2;20,4;20,2;20,1;20,4;20,1;19,8;20,8;20;19,9;19,9;20,4;20,1;20,2;20,1;20,4;19,9;20,2;20,1;20,4;20,5;20,2;20,2;20,4;20,1;20,2;20,2;20,4;19,9;19,9;19,6;20;19,5;20,1;19,9;19,9;19,9;19,5;19,5;20;20;19,6;19,3;20,1;19,9;20;19,6;19,4;19,5;19,5;19,9;20;21,6;25,8;27,2;26,8;27,2;27,3;27,6;28,1;29,3;30,4;30,8;31,2;31,1;31,4;32;31,5;31,6;31,8;32,5;32,2;32,5;32,2;31,8;31,7;32,4;32,4;32,1;31,6;31,7;31,6;31,8;32;32;31,7;31,6;31,7;31,7;31,6;31,7;31,2;31,1;31,1;30,9;31,1;31,3;30,9;30,6;30,6;30,5;30,6;30,6;30,1;30,1;30,5;30,2;30;30,5;30,3;29,9;29,9;30,2;29,7;30,2;29,4;29,4;28,9;29,4;29,5;30,1;29,1;29,4;29,2;29,1;28,9;29,3;29,3;29,3;29;29,2;29,2;28,8;28,9;29,1;29,2;29,7;29,7;29,4;29,5;30;29,4;29,5;29,7;29,4;29,1;29,4;30;30,1;29,9;29,9;29,7;29,9;30,4;30,3;30,1;30,3;30,2;30,1;30;30,4;30,3;30;30,2;30;29,9;30,2;30,2;30,6;30,6;30,1;30,2;30,3;30,7;30,2;29,4;30,4;30,3;30,6;30,5;29,9;30,5;30,7;30,2;30,4;30,3;30,2;30,2;30,2;30;30,2;30,5;30,1;30;29,9;30,2;30,2;30,3;30,2;30,1;30,7;30,9;30,5;30,2;30,4;30,7;30,3;30,1;30,4;30,3;30;29,9;30,2;30;30,3;30,4;29,9;30;29,7;29,9;29,5;29,5;29,7;30,1;30,1;29,5;29,4;29,7;29,7;29,7;30,1;29,1;29,3;29,3;29,2;29;29,5;29;29,4;29,1;29,7;29,4;29,1;30,1;29,5;30,2;29,7;29,9;29,9;30,1;30,3;29,5;29,5;29,7;29,7;30,1;30,4;30,3;30,5;30,4;30,4;30,4;30,5;30,4;30,6;30,5;30,6;30,8;30,9;30,9;30,8;30,9;31;30,8;31,1;31,2;31;30,8;31;31,4;31,5;31,3;31,2;31,6;31,5;31,4;31,5;31,3;31,1;31,2;30,9;31;31,1;30,8;30,6;30,6;30,4;30,4;30,4;30,1;30,4;30,3;30,5;30,5;30,3;29,7;30,5;30,1;30;29;28,9;27,7;27,8;27,6;27,2;27,4;26,8;25;22,9;20,8;20,5;20,5;20,4;20,5;20,2;20,4;20,2;20,2;19,9;19,6;20,2;20,1;19,5;19,5;19,8;20;19,8;19,8;20,1;20,4;19,8;19,8;20,1;19,8;19,8;19,9;19,5;20,1;19,8;20,2;19,6;19,4;19,4;20,2;19,5;19,6;19,3;20;19,8;19,9;19,9;20,1;20,4;20;19,6;19,4;20,1;20;20,2;19,8;19,8;19;19,3;19,5;19,3;19,3;19,5;19,5;19,6;19,6;19,6;20,6;19,2;19,8;19,6;20;19,9;19,2;19,3;19,6;19,4;20,5;20,1;19,6;19,3;20,2;19,5;19,5;19,6;20,1;19,5;19,8;19,3;19,4;19,8;19,8;19,8;19,8;19,6;19,4;19,5;19,8;19,6;20;20;19,6;19,5;19,8;19,8;19,5;19,4;19,8;19,9;19,6;19,8;19,6;19,4;19,6;19,9;19,8;19,3;19,5;19,8;19,8;19,6;19,3;19,3;19,5;19;19,5;20,1;19,4;20,4;19,3;19,6;19,9;19,8;20;19,3;19,6;20;20;19,5;19,9;19,8;19,8;19,9;19,4;19,6;19,6;19,5;19,8;19,5;19;19,2;19,5;19,5;19,4;19,9;19,5;19,9;20,2;19,9;19,9;19,2;19,6;19,5;19,5;18,8;18,9;19,4;19,4;19,2;19,2;19,6;19,5;18,7;18,8;18,9;18,9;19,2;18,9;19;18,8;18,4;18,8;18,7;18,920,5;20,8;20,2;20,2;20,1;20,1;20,4;20,7;20,7;20,6;20,6;20,4;20;20;20;20,5;20,6;20,2;20;20,1;20;20,2;20;20;20,1;19,8;20,1;20,4;19,8;20,1;19,8;19,8;20,4;20,1;19,8;19,6;19,9;19,9;20,1;20,2;19,8;19,6;20,1;20,1;20,1;20;19,4;19,4;20,1;19,9;19;19,4;19,9;19,9;19,8;19,8;19,5;19,3;20;20;19,9;19,8;20;19,8;19,8;19,8;19,3;19,9;20,1;19,8;20;19,9;19,9;20;20;20;20,2;20,2;20;20,1;20,1;20,1;20;19,8;19,9;19,9;19,8;20;20,2;20,5;20,1;20,1;20,5;20,4;20,4;20;20;20,2;20,2;20,1;19,8;19,9;20;20,1;20,1;20,1;19,5;20,4;20,1;19,6;19,4;19,2;19,5;20;20,1;19,5;20,1;19,8;20;20;19,9;19,8;20,1;19,9;19,5;20,1;19,8;19,4;19,8;19,9;20;20,1;19,6;19,9;20;20;20,1;19,9;20,1;20,2;20,1;20,2;20;20,6;20,5;20,5;20,2;20,4;19,9;20,5;19,5;20,4;20,2;20,5;20,1;20,2;20,4;20,4;20,1;19,9;20,5;19,9;20,5;20,2;20,2;20,2;19,9;20,1;20,2;20,1;19,9;19,6;20;19,6;19,5;20,2;19,9;20,1;20,1;19,6;19,5;20,1;20,1;19,5;19,5;20,2;19,4;20,1;19,6;19,5;20;19,6;19,9;20,4;21,5;25,7;27,1;27,1;27,2;27,3;27,5;28;29,3;30,4;30,9;31,2;31,4;31,5;31,8;31,7;31,8;31,8;31,7;32,1;31,8;32,2;31,7;31,7;32,2;32,2;32,1;31,5;31,5;31,7;31,8;31,4;31,3;31,7;31,6;31,7;31,6;31,4;31;31;31;31,2;31,3;31,1;31,1;30,9;30,8;30,7;30,8;30,6;30,5;30,2;30,4;30,4;30,3;30;30,5;29,9;29,5;29,9;29,4;30,1;29,3;29,9;29,4;29,2;29,2;29,4;29,4;29,2;29,9;29,2;29,1;28,9;29,1;29;29,1;29,2;29,1;29,2;28,9;29,4;29,1;29,5;29,5;29,3;29,3;29,5;29,9;29,1;29,3;30;29,7;29,7;29,7;29,3;29,3;29,3;29,7;29,9;29,9;30;30;30,3;30,1;30;29,9;30;30,1;29,9;30,1;30,2;30;30,3;29,7;29,5;30;29,4;29,7;29,4;30,5;30,1;30,3;29,2;29,9;30;30;30;30,3;29,9;30;30,2;30,1;30,3;30,1;30,7;30,4;30,4;30;29,9;29,9;30,1;30,4;30,1;30,3;30,3;30,2;30;30,1;30,2;30;30,2;30,3;29,9;29,9;30,2;30,2;30;30;30;29,9;29,7;29,4;30;29,9;30;30,1;29,7;30,2;30,2;30,1;30,2;30,1;29,4;29,3;29,1;29,5;29,1;29,1;29,7;29,2;29,2;29,9;28,9;29,3;29,3;28,8;29,9;28,9;29,2;29,4;29,2;29,4;28,9;29,2;29,5;30;29,7;29,3;29,7;30,2;30,2;30,1;30;30,2;30,5;30,4;30;30;30,4;30,4;30,1;30,4;30,5;30,6;30,8;30,7;30,6;30,3;30,5;30,9;30,9;30,9;31;31,3;31,3;31;31,4;31,5;31,2;31,1;31,4;31,4;31,3;31;31,2;31,1;31,1;31;30,8;30,7;30,9;30,5;30,9;30,7;30,3;30,2;30,1;30,1;30,5;30,3;30,7;30,4;30,3;30,6;30,1;30,1;29;28,8;27,9;27,9;27,4;26,7;27,2;26,6;25,2;23,1;20,7;20,6;20,5;20,1;20,6;20,6;20,1;20,2;20,4;20;19,9;20,5;20;19,2;20;19,9;19,6;20,1;19,8;20,1;19,6;20,2;19,9;19,9;19,9;20;19,8;20;20,4;20;20,4;20;19,9;19,9;20,2;19,4;19,8;20;20,1;19,8;19,5;20,2;20,5;20,1;19,8;20,2;20,4;20;20;20,4;19,8;19,2;20;19,5;20,8;20;20,2;20;19,4;19,8;19,3;20;20,5;19,5;20,1;19,4;19,9;20,2;19,9;19,5;20,4;20,1;19,9;20;19,6;19,9;19,9;19,8;20,1;20,1;19,9;20;19,9;20,1;20;20;20,1;19,9;20,2;20;19,6;20;20,1;19,8;19,9;19,9;19,6;20;19,8;19,6;19,9;19,9;20;20,4;20;19,9;19,6;19,8;20;19,9;20,1;19,9;19,9;19,6;20;19,6;19,8;19,6;19,8;19,5;19,4;19,5;19,8;19,9;19,2;19,3;20;20;19,9;19,6;19,6;19,6;19,6;19,4;19,5;19,6;19,6;19,9;19,8;19,3;19,4;19,6;19,5;19,5;19,2;19,3;19,9;19,4;18,9;19;19,4;18,8;20;18,9;19,4;19,4;20,2;19,4;19,2;18,9;19,2;19,2;19,9;19,5;19,6;19,3;18,8;18,9;18,9;19;19,2;19;19;18,9;18,9;19;19,2;18,8;18,720,6;20,6;20,4;20,2;20,5;20;20,4;20,7;21,1;20,6;20,4;20,6;20,4;20,4;20,2;20,1;20,1;20,7;20,6;20;19,6;20,2;20,1;20,1;20;20,6;20,6;20,2;20,5;20,5;20,6;20,4;20,4;20,1;20;19,9;20,1;20,2;20,1;20;19,6;19,5;19,6;19,9;20;19,8;19,8;19,5;20;19,8;19,6;19,9;19,8;19,8;19,6;19,9;19,6;19,5;19,9;20,1;19,6;19,8;20,2;19,8;20;20;19,5;20;20;19,9;20;19,6;20,1;19,9;20;20;19,9;19,6;19,8;20;20,1;20,1;20;19,6;19,8;19,9;19,9;20;19,8;19,6;19,6;19,6;19,9;20;20;19,9;19,6;20;20,1;20,1;19,8;19,9;20;20,1;20;19,4;19,2;20,1;19,9;19,5;19,6;19,5;19,8;19,8;19,8;20,1;20;20,2;19,9;19,3;19,9;19,9;20,2;19,9;19,6;19,8;19,8;19,9;20;19,5;20;20;19,6;19,6;19,6;19,6;19,6;19,8;20;19,8;20,1;19,5;19,8;20,5;20,4;20,1;20,1;20,4;20,2;20,6;20,2;20,4;20,6;20,2;19,8;20,7;20,2;20,2;20,1;20,1;20,5;19,9;20;20;20,4;20,2;20,1;20;20,2;20;19,9;20,1;19,8;19,8;19,5;20;20,1;19,8;20;20;19,5;19,9;19,6;19,9;19,5;20;19,4;19,9;19,6;19,6;19,8;19,6;20,4;20,6;21,9;25,6;26,8;27,4;27,1;27,3;27,3;27,8;29,4;30,6;30,7;31;31;31,3;31,3;31,5;31,7;31,8;31,8;32;32;32,4;32,1;31,7;31,7;31,7;32,4;31,7;31,7;31,7;31,8;31,5;31,6;32;31,4;31,4;31,5;31,5;31,5;31,1;31,1;31,5;31,4;31,1;30,8;30,9;30,8;30,4;30,4;30,4;30,3;30,4;30,4;30,4;30,1;30,1;30,1;30,3;30;30;29,9;29,3;29,7;29,4;29,7;29,1;29;29,7;29,4;29,1;29,4;29,2;28,4;28,6;28,8;29,4;29,5;29;29,1;29,2;29,1;29,2;29,2;28,9;29,2;29,7;29;29;29,3;29,3;29,1;29,3;29,3;29,3;29,7;29,9;30;30;29,7;29,4;29,7;29,7;29,3;29,4;29,5;29,4;29,5;29,7;29,4;30;29,5;29,5;29,7;30,1;29,9;29,7;30,3;29,7;29,7;29,4;30;30,1;30,4;29,9;29,9;30;30,1;30,7;30,1;30;30;30,6;30,4;30;30;30,2;30,1;29,5;30,2;30;30,1;30,2;30;30,1;30,3;30;29,9;30,3;30,1;30,4;30,5;30,4;30,2;30;29,5;29,9;30,1;30,3;29,9;29,4;29,4;29,9;30,2;30,1;29,9;30;29,7;29,9;30,2;29,9;29,9;29,7;30,1;29,5;29,7;29,9;29,9;29,5;29,4;29,3;29,1;29,7;29,5;29,3;29,5;29,3;29,2;29,4;29,4;29,5;28,9;29,7;30;29,2;29,1;29,9;30,1;29,5;29,7;29,4;29,7;30,3;30;29,9;30,2;30,2;30,1;29,5;29,7;29,9;30,1;30,3;30,4;30,4;30,5;30,5;30,5;30,4;30,8;31,1;30,9;30,6;30,7;30,9;30,9;31;31,2;31,1;30,9;30,9;31,2;31,2;31,3;31,3;31,3;31;31,1;30,8;31;31;30,7;30,7;30,6;30,4;30,3;30,4;30;30,1;30,3;30,7;30,5;30,5;30,7;30,3;30,3;29,9;29,9;29,2;29,1;27,8;27,5;27,3;26,8;27,2;26,6;25,1;22,8;21,1;20,7;20,5;20,4;20,8;21,1;20,2;20,2;20,6;20;20;20,4;20,2;19,6;20,2;20;19,6;20,1;19,6;20;19,6;19,9;19,6;19,6;20;19,9;19,9;19,5;20,4;19,5;20;19,9;19,9;19,8;19,5;19,4;20,1;19,5;20,1;20,1;19,4;19,8;20,4;20,2;20,1;19,8;19,9;19,8;19,8;20,1;19,6;19,4;20;19,6;19,5;19,8;19,2;19,9;19,3;19,9;19,5;19,3;20,2;19,3;19,3;20,1;20,1;20;19,8;19,9;20,4;19,2;19,8;20,1;20,6;20;20,4;20,2;19,5;19,5;20,1;19,6;19,9;19,8;19,5;19,8;20,2;20;19,8;19,9;19,8;19,5;19,6;19,8;19,9;19,6;19,5;19,9;20,2;20,1;20,1;20,1;19,9;19,9;19,8;19,9;20;20;20,2;20,1;19,9;19,8;19,6;19,8;19,9;19,9;20,2;19,6;19,9;19,9;19,5;19,8;19,9;19,6;19,4;18,9;19,9;19,9;19,9;19,8;20,2;19,8;20,1;19,9;19,8;20;19,9;19,4;19,4;19,6;19,8;19,9;20;19,5;19,3;19,5;19,8;20,7;19,4;19,3;19,6;19,5;19,3;19,2;19,5;19,2;19,6;19,6;19,5;19,6;19,6;19,6;19,2;19,5;19,6;19,6;20;19,6;19,4;19,2;18,9;19;19,4;19,4;18,7;19,8;19,2;19;18,720,5;20,7;20,4;20,5;20,9;20,2;20,5;20,5;20,8;20,8;20,7;20,1;20,2;20,4;20,1;20,4;20,4;20,1;20,4;20,2;20,2;20,1;20,5;20,2;20,1;19,9;20,2;20,1;19,9;20,5;20,1;19,8;20;20,1;20,2;19,9;20,1;20,1;20;19,8;19,5;20,1;20,6;20,2;19,9;20;20;19,8;19,9;19,9;19,8;19,8;19,5;19,9;19,4;19,6;19,8;19,4;19,5;20,1;19,6;19,9;19,9;19,6;20,1;20;19,8;19,8;19,6;20,1;20,2;20,1;20,2;19,8;20;20;20,1;19,9;19,8;19,8;19,8;19,9;19,8;19,8;20,1;20,2;19,9;19,8;20;20,1;20;19,8;19,8;20;20;20,2;19,4;19,6;20,2;20;20;20,1;20;19,6;19,8;20,2;19,9;20;20,1;19,5;19;19,8;20,1;19,9;19,8;19,8;20,4;19,3;20,5;20,4;19,9;20;20,1;20,1;20,2;19,4;19,9;19,4;20;20,5;19,5;19,8;20;19,9;20,1;20;19,8;19,4;20,1;20;19,6;19,4;19,5;19,8;20,2;20,1;20,4;20,1;20,2;20,4;20,2;19,9;20,1;20;19,9;20,4;20,1;20,2;19,8;20,2;20,1;20;20,1;20,1;20,5;20;19,9;20;20;20;19,9;20;19,3;20;19,6;20;20;19,6;19,8;19,9;19,8;19,5;19,5;19,9;19,5;19,5;19,8;19,4;19,4;19,6;19,6;19,9;20,1;20,5;21,6;25,5;26,4;26,8;26,8;27,1;27,3;27,8;29,3;30,5;30,5;31;31,1;31,1;31,2;31,5;31,3;31,2;31,6;31,4;31,4;31,5;31,6;31,7;31,5;31,6;31,3;31,2;31,5;32;32;31,5;31,4;31,3;31;31,4;31,5;31,2;31;30,8;31,1;31;31;30,9;30,8;30,8;30,6;30,3;30,2;30,2;30;29,9;30,3;30,1;30,3;30;29,5;29,9;29,4;29,5;30;29,3;29,1;29,5;29,9;29,2;29,3;29,5;29,3;28,8;28,9;29;28,6;29,2;28,8;28,8;29,1;29,1;28,6;28,7;28,8;28,9;28,9;28,7;28,9;29;29;28,9;29,3;29,2;29;29,1;29,1;29;29,1;29,2;29,1;29;29,3;29,2;29,4;29,2;29,2;29,7;30;29,9;29,4;29,3;29,3;29,7;29,9;29,7;29,4;29,9;29,9;29,7;29,7;29,7;29,9;29,4;29,4;29,3;29,4;30,1;30,4;29,9;29,5;30,1;29,9;29,7;29,5;29,9;29,4;30,1;29,5;29,7;29,5;29,7;30,1;29,5;29,5;29,4;29,7;30;30,2;30;29,7;29,5;29,7;30,1;30;29,7;29,5;30;30,1;29,7;29,5;29,5;29,9;29,7;29,4;29,4;29,2;29,5;29,4;29,2;29,4;29,7;29,4;29,7;29,5;29,4;29,4;29,7;29,1;29;29,1;29,4;29,4;29,3;28,8;29,3;29,3;28,8;29,9;30;28,8;29,2;29,4;29,7;28,6;29;29;28,7;29,4;29,1;29;29,4;29,4;29,2;29,9;29,4;29,9;29,3;29,5;30,1;29,9;29,5;30;30,3;30,3;30,4;30,4;30;30,4;30,4;30,5;30,4;30,4;30,5;30,7;30,7;30,8;30,7;30,6;30,7;30,9;31;30,7;30,7;30,9;31,1;30,8;30,8;31;30,9;31,1;30,8;30,7;30,8;30,7;30,4;30,3;30,3;29,7;30;29,7;29,7;30,2;30,5;30,1;29,9;30,8;30,5;30,4;29,3;29,9;28,9;28,6;27,5;27,2;27,3;27,1;27,1;26,3;24,6;22,3;21,1;20,7;20,4;20,5;20,6;20,2;20,4;20,1;20,5;19,3;20,1;19,9;20,1;19,8;20,1;19,6;20;19,8;19,6;19,9;20;19,8;19,6;19,3;19,5;19,8;20,5;19,8;20,1;19,5;19,5;19,8;19,6;20;19,5;19,4;20,1;19,3;20,2;20;19,5;19,6;19,6;20,1;19,4;19,8;20,2;20,2;20,1;19,5;20,1;19,6;19,9;19,5;20,2;20;20;19,6;19;19,6;20,2;19,5;19,9;19,9;20;20;19,6;19,4;19,6;19,4;19,4;19,6;20,2;20,1;20;19,6;19,5;19,9;19,6;19,9;20,1;19,6;19,6;19,8;20,1;20;19,8;19,6;19,5;19,5;19,8;20,1;20,2;19,8;19,5;19,3;19,5;19,6;20,1;20,2;19,8;19,8;20;19,9;19,5;19,6;19,9;19,8;19,6;20;19,8;19,8;19,5;19,4;19,9;19,6;20,1;19,6;19,5;20;19,5;19,6;19,9;20,1;19,6;19,5;19,4;19,9;19,9;19,6;20;19,5;19,4;19,9;19,4;19,2;20;19,8;19,6;20,1;20;19,6;20;20,5;19,8;18,8;18,8;19,5;19,4;19,4;19;19,5;19,2;20,1;19,2;19,9;19,5;19,4;18,8;19,2;19,3;18,7;19,3;19,5;19,4;19;19,5;19,6;19,3;19,2;19,3;19,5;19,5;19,5;18,8;19,8;18,8;19,3;19,220,6;20,8;20,4;20,5;20,8;20,2;20;20,1;20,6;21,1;20,6;20,1;20;20,4;20,4;20,4;20,7;20,6;20,2;19,8;20,7;20,5;20,6;20,4;19,6;20,7;20;19,5;20,1;20,2;19,6;20;19,9;20;20,2;19,9;20,1;20,1;19,9;19,9;19,9;20,1;20,4;20,1;19,8;19,5;19,6;19,8;20;20;20,1;19,8;19,9;19,6;20,1;19,5;19,6;19,6;19,6;19,6;19,6;20;19,8;19,6;19,8;19,8;19,6;19,8;19,6;20,2;20;20,2;19,9;19,4;19,5;19,9;20;19,3;19,6;19,6;19,6;19,8;19,6;19,6;19,6;19,6;19,5;19,4;19,2;19,4;19,5;20;20,1;19,6;19,4;19,5;19,3;19,6;19,9;19,8;20;19,9;19,8;19,5;19,9;19,4;19,4;19,4;19,8;19,6;20,2;19,5;19,5;19;19,5;19,5;18,9;19,3;20;20,1;20,2;19,6;19,4;19,4;19,5;19,6;19;18,8;20;19,8;19,5;19,9;19,3;19,4;20,5;19,6;20;19,5;20,2;19,8;19,8;19,4;19,9;19,8;19,9;20;20;20;20,1;20;19,6;20;19,8;19,9;20;19,9;19,8;20,2;19,9;20,2;20,4;20;19,9;20;20,1;20,2;19,5;20,2;19,8;19,9;20;20,1;19,6;19,9;19,9;20;19,9;19,6;19,3;19,5;19,6;19,6;19,4;19,8;19,6;19,8;19,8;19,8;19,9;19,8;20,2;20,4;20,4;20,4;22;25,7;26,6;26,5;27,1;27,1;27,2;28;29,2;30,4;30,8;31;31,3;31,2;31,2;31,6;31,7;31,8;31,7;31,7;31,8;31,8;31,5;31,7;32,2;32,1;31,5;31,3;31,6;31,5;31,8;32;31,5;31,5;31,4;31,5;31,5;31,3;31,4;31,3;30,9;31,1;31,1;30,8;30,9;30,9;30,8;30,8;30,8;30,7;30,9;30,4;30,1;30,1;30;29,9;30;30,2;29,3;29,2;29,4;29,4;29,5;30;30;29,2;29,2;29,1;29,5;29,4;29,7;28,8;29,3;28,6;29,2;29,1;28,8;29,1;29;28,8;29,3;29,5;29,3;29,5;29,3;29,5;29,2;29,1;29,2;29,3;29,3;29,7;29,9;29,2;29;29,2;29,9;29,4;29,2;29,1;29,2;29,2;29,7;30,1;29,9;29,4;29,5;29,7;29,5;29,9;30,1;29,7;29,7;30,5;29,9;29,4;29,7;30,5;29,7;29,9;29,4;29,7;29,7;29,7;29,9;29,4;29,5;30,1;29,3;29,7;29,7;29,7;30;29,9;30,2;29,9;29,5;30,1;30;30,1;29,9;30,2;29,7;30,2;30,3;30,2;30,3;29,9;29,5;30;29,5;29,7;29,9;29,4;29,7;30,1;30,3;29,9;29,5;29,9;29,5;29,7;29,9;29,7;29,4;29,3;29,7;29,7;29,5;29,5;30;29,3;29,3;30;29,4;28,9;29,7;29,5;29,1;28,9;29,2;29,2;29,9;29,2;29,5;29,2;29,7;29,9;29,5;29,4;29,1;29,7;29,5;29,4;29,4;29,9;29,5;30;29,5;29,2;29,7;29,7;29,7;29,7;29,7;30,2;29,7;29,9;30,1;30,2;30;30,2;30,3;30,3;30,5;30,6;30,6;30,5;30,5;30,5;30,5;30,8;31;30,6;30,8;30,8;30,8;30,8;30,9;31,2;31,2;31;31,1;31,2;31,3;31,3;30,8;30,7;31;31;30,8;30,5;30,5;30,6;30;30,2;29,9;29,5;30,1;30,3;30,1;30,2;30,6;30,7;30;30,2;30,4;29,2;28,8;27,8;27,3;27,1;26,7;27,1;25,8;24,6;22,3;20,9;20,5;20,6;20,4;20,4;19,5;20,2;20,4;20,4;19,3;20;19,8;20,2;19,5;19,9;19,3;20;19,5;19,8;20,1;19,8;20,1;19,6;19,5;19,8;19,6;20;19,6;19,8;19,4;19,5;19,5;19,8;19,8;19,5;19,4;19,5;19,3;20;19,4;19,8;19,5;19,6;19,5;19,5;20,1;19,9;19,6;19,5;18,4;19,6;19,2;19,2;19,8;19,6;19,4;20,2;19,4;19,3;19,3;19,8;19,8;19,9;19,6;19,5;20,1;19,5;19;19;19,9;19,8;19,9;19,2;19,3;18,7;19,2;19,4;19,4;19,5;19,8;19,8;18,9;18,4;19,2;19,2;19,6;19,8;19,2;19,5;19,6;19,6;19,5;19,8;19,6;19,5;19,4;19,6;19,8;19,5;19,6;19,8;19,9;19,8;19,9;19,3;19,5;19,6;19,4;19,4;20,1;19,8;19,8;19,5;19,2;19,5;19,6;19,5;19,8;19,6;19,8;19,5;19,9;20;20;19,4;19,9;19,5;19,8;19,6;20;19,5;19,5;19,4;19,8;19,4;19,3;19,6;19,9;19,9;19,6;19,3;19,5;19,6;19,4;19,4;19,4;19,9;19,5;18,7;19,3;19,3;19,4;19,3;19,3;19;18,4;19,2;18,6;19,8;18,6;19;18,7;19,2;19,3;19,3;19,2;19;18,7;18,4;18,7;19;19,4;19,5;20;19,2;19,5;18,8;19,3;19,220,7;20,7;20,1;20,1;20,2;19,8;19,9;20,4;20,7;20,7;20,2;19,9;20,2;20,4;20;20;20,1;20,2;20,2;19,6;20;19,6;19,6;20;20,5;20,1;20,5;19,9;19,8;20,4;19,8;20;19,8;20;19,6;19,3;19,9;20,2;19,8;19,5;19,5;19,3;19,5;19,9;19,9;19,9;19,8;19,6;19,9;19,5;19,5;19,9;19,9;20;20,2;19,5;19,2;19,3;19,9;19,4;19,8;19,8;19,8;20,1;19,5;19,6;19,2;19,8;20;20;20,2;19,9;19,9;19,3;19,5;20,2;19,6;19,4;20;19,6;19,4;19,6;19,8;19,8;19,6;19,6;19,9;19,8;19,8;20,1;19,9;20;20,2;20,2;19,8;19,8;19,6;19,8;20;19,9;19,8;20;20;19,4;19,9;20;19,6;19,6;19,9;19,2;19,5;19,8;20;19,8;19,4;19,9;20,1;19,3;20,1;19,6;19,6;19,8;20,2;19,8;20,2;19,3;19,9;20;19,9;19,4;19,6;20,1;19,8;19,6;20,2;19,6;19,9;19,9;19,8;19,8;19,9;19,6;20;20;20,1;19,8;19,6;20,1;20,2;20,6;19,9;20,2;19,9;20,2;20,1;20,1;20;20,1;20,4;20,2;20,5;20,2;20;20,1;20,1;20,1;19,6;20,5;20;20;20,1;20,5;19,8;20;19,8;20;20;19,8;19,3;19,6;19,5;19,9;19,5;19,9;19,6;19,9;20,1;20;19,8;20;20,5;20,5;20,5;20,6;22,1;25,6;26,7;26,5;26,6;27,5;27,1;27,8;29,4;30,5;31,1;30,9;30,8;31,1;31,4;31,4;31,4;31,7;31,7;32;31,8;32;31,8;31,7;32;32,1;31,8;31,5;31,4;31,4;31,7;32;31,7;31,6;31,5;31,7;32;31,6;31,3;31,3;31,2;31,1;31;30,7;30,9;31,3;31,1;30,6;30,3;30,2;30,1;30,1;30,3;30,3;29,5;29,9;29,5;29,5;29,7;29,4;29,7;29,7;29,7;29,2;29,5;29,4;29,2;29,1;29,4;29,2;29,3;29,7;29;28,6;28,8;29,2;28,7;28,8;29,1;29,1;29;28,7;29;28,9;29,1;29;29,1;29;29,1;29,3;29,3;29;28,9;29;29,2;29,1;29,1;29,2;29,3;29,3;29,3;29,2;29,3;29,3;29,3;29,4;29,5;29,5;29,7;29,7;29,5;29,5;30,1;30,2;29,7;29,3;29,4;29,9;29,9;29,3;29,3;29,7;29,9;29,3;29,4;30,1;29,9;29,9;29,9;30;30;30,1;29,4;30;29,5;29,4;30,2;30,2;30,2;30,3;30,3;30;30,1;29,9;30;29,7;30,3;30,2;30;29,9;29,4;29,5;29,7;29,5;29,5;29,9;29,7;29,9;30,2;30;30;29,9;30,1;29,9;29,7;29,5;29,7;29,7;29,5;29,4;29,4;29,4;30;29,4;29,7;29,7;29,3;29,2;29,4;29,5;29,2;29,2;29,9;29;29,5;29;29,2;29,7;29,9;29,4;29,3;29,3;29,4;29,3;29,4;29,3;29,5;29,7;29,4;29,9;30;30,1;30,1;30,1;30,1;30,2;30,2;29,5;29,7;30,2;30,7;30,9;30,8;30,5;30,5;30,3;30,3;30,1;30,4;30,7;30,8;30,8;31;30,7;30,7;31,2;31,3;31,3;31,1;31,1;31,2;31,5;31,5;31,3;31,1;30,8;30,7;30,7;30,7;30,9;30,7;30,8;30,6;30,5;30,3;30,2;29,4;29,9;29,9;30,6;30,2;30,3;30,4;30,2;29,5;30,1;30,4;29,2;29;27,8;27,5;26,8;26,3;26,8;26,2;25;22,6;20,8;20,5;20,6;20,2;20,6;19,9;20,1;20,4;20,1;19,9;19,4;20;20;19,5;20;19,4;20,1;20;20;20,1;20,1;20,1;19,3;19,8;19,9;19,6;19,8;19,4;19,9;19,5;19,6;19,5;19,8;20;19,5;20;19,8;19,9;20,1;19;20;20,1;19,3;19,5;19,8;19,5;19,3;19,6;20,1;20,1;19,3;18,8;19;19,6;19,9;19,8;19,5;19,3;19,5;19,9;19,8;19,6;19,3;19,6;19,4;19,2;19,6;19,8;18,9;19,6;20,4;19,4;19,5;19,9;19,5;19,3;20,1;19,3;19,5;19,6;20,2;20;20,1;20;19,6;19,6;20,1;20;20,1;19,9;19,8;19,9;19,8;19,5;19,3;19,3;19,8;19,6;19,3;19,5;19,8;19,9;19,5;19,8;19,4;19,8;20;19,4;19,8;20,2;19,5;19,5;19,4;18,9;19,5;19,6;19,3;19,6;19,8;19,2;19,4;19,9;20,1;19,3;19,4;19,9;19,8;19,3;19,4;19,9;19,3;19,2;19,4;19,4;19,3;19,4;19,4;19,4;19,3;18,9;18,9;19,4;19,8;19,5;19,3;19,3;19;19,4;19;18,7;19;18,8;18,6;19,2;19,2;19,2;18,6;19,3;19,2;18,4;19,3;18,6;18,9;18,9;19,2;19;18,8;18,8;18,9;18,9;18,8;18,9;19,2;19,6;18,9;19,3;18,8;19,3;18,820,4;20,5;20,1;20,2;20;19,9;20;20,2;20,4;20,5;20,4;20,1;20,4;20,2;20;19,9;19,8;20,1;20,4;19,9;19,9;19,9;20,2;19,9;19,8;20,7;20,6;20,2;20,6;19,8;19,9;20,2;19,9;20,2;20,1;19,5;19,9;19,8;19,8;20,1;19,9;19,9;20,2;20,1;20;19,9;19,6;19,4;19,8;19,5;19,6;19,9;20,1;20;20;20,2;19,8;19,6;20,4;19,9;19,8;20;19,8;20,1;19,8;19,9;19,5;19,8;19,9;20;20,4;19,4;19,9;19,9;20;20,4;19,9;19,4;19,9;19,6;19,5;19,6;19,9;19,9;19,8;19,6;19,6;19,9;19,9;19,8;19,6;19,5;19,8;19,9;19,8;19,8;20;19,9;19,8;19,6;20;20;19,9;19,6;19,8;20,1;20;19,8;19,5;19,4;19;19,6;19,8;19,2;19,8;20,1;18,7;19,4;20,7;20,1;19,4;20,2;19,2;19,2;19,8;20,2;19,8;20,1;19,8;19,5;18,9;19,4;19,8;19,8;20,1;20,1;19,6;20;20,2;19,9;19,9;20;19,9;20,2;19,8;19,4;19,9;19,9;20,5;20,6;20;20,1;19,8;20,1;19,9;20,2;19,6;20,1;20,4;20;20,2;20,2;19,9;20,1;20,1;19,9;20;20,4;20,1;20,6;20;20,2;19,9;20,1;19,8;19,9;19,9;20;19,8;19,9;20;19,8;19,9;19,8;19,9;19,6;19,9;20,5;19,8;20,5;20,6;20,6;20,4;20,8;22,1;25,7;26,8;26,7;26,8;27,4;27,3;27,8;29,7;30,5;31,1;31,1;30,8;31,3;31,6;31,6;31,7;32,1;31,8;32;32;31,8;31,7;31,6;32,1;32;31,7;31,5;31,5;32;32;31,6;31,6;31,7;32;31,7;31,4;31,2;31,3;31;30,9;31,1;31,1;30,9;30,8;31,1;30,9;30,8;30,3;30,3;30,7;30,4;30,2;30,5;30,2;30,1;30,2;30,2;30;30;29,1;29,5;30,1;29;28,9;29,7;29,2;29,4;29,5;29,7;29,9;28,9;28,8;28,8;29,3;29,1;28,9;29,2;29,2;29,2;29;29,3;29;29,2;29,4;29,3;29,3;29,3;29,9;29,9;29,7;29,3;29,3;29,3;29,4;29,4;29,5;29,4;29,4;29,7;29,5;29,5;29,2;29,2;29,7;29,9;29,7;29,4;29,1;29,7;30;29,9;29,7;29,3;29,5;30,1;29,4;30,3;30,1;30,1;29,4;29,4;29,2;30,2;29,4;30,2;29,5;29,5;29,9;30,2;29,5;29,2;30,2;29,7;30,4;30,1;29,5;30;30,2;30,4;29,9;30,1;30,4;30,4;30,2;30;30,2;30;30;29,4;30;30,1;29,7;29,5;29,4;29,9;29,9;29,7;29,3;29,7;30,3;30,1;29,9;30;30,1;30;29,9;29,9;29,9;29,9;29,9;30,3;30,3;29,9;29,7;29;29,1;29,3;29,5;29,4;29,4;29,1;29,3;29,5;29,3;29,2;29,4;29,7;30;29,5;30,1;29,3;29;30,2;29,2;29,7;30,1;30;30;30;30,3;29,9;30,2;29,5;29,9;30,2;30,3;29,9;30,1;30,1;30,3;30,5;30,7;30,5;30,5;30,8;30,7;30,8;31;30,7;30,9;30,7;30,9;30,9;30,7;30,9;30,9;31,2;31,3;30,9;31;30,8;30,8;31,1;31;30,8;31;31;30,8;31;30,9;30,8;30,7;30,4;30,1;30;30;29,4;30,3;30,4;30,3;30,6;30,2;29,9;29,9;29,7;30,1;29,3;28,8;27,7;27,2;27,4;26,8;27,1;26,4;24,7;22,7;20,9;20,7;20,7;20,5;20,6;20;20,6;20,1;20,2;20;19,3;20;19,9;19,8;20;19,4;20;20,5;19,9;19,9;19,9;19,9;19,8;19,5;19,8;19,5;20,1;19,9;19,8;19,6;20,2;19,4;20,2;19,6;19,5;19,8;19,9;19,8;20,1;19,3;19,6;19,6;19,8;19,9;20;19,4;19,2;19,4;19,6;20,1;19,4;19,3;19,9;19,5;18,8;19,5;20;19,5;19,2;20;20;19,4;20,2;19,6;19,2;19,8;19,9;19,6;19;19,3;19,5;19,9;19,6;19,5;19,4;19,3;19,5;19,8;19,8;19,5;19,4;19,4;19,4;19,8;19,9;19,6;19,5;19,6;20;19,8;19,5;19,6;19,3;19,4;19,4;19,6;19,9;19,5;19,3;19,4;19,6;19,8;19,8;19,5;19,5;19,8;19,9;19,6;19,8;19,9;19,8;19,9;19,3;19,5;19,6;19,9;19,6;20,1;19,9;19,2;19;20,1;19,8;19,5;20;19,2;19,8;19,4;19,5;19,8;19,4;19,9;19,9;19,4;19,6;19,9;19,8;19,8;19,5;19,2;19,4;19,6;19,5;19,8;19,6;19,2;19,4;19,5;19,6;19,5;19,5;19,2;18,6;19,6;18,7;20,2;19,4;19,9;19,4;18,9;19;19;19,2;19,3;19,5;19,5;19,6;19,5;18,9;18,7;18,9;19;19,2;19,5;18,6;19,3;18,7;19,3;18,720,2;20,4;20,4;20,2;20,1;20,4;20,2;20,4;20,6;20,6;20,4;20,2;20,4;20,6;20,5;20,5;20,1;20,2;20,5;20,1;20,5;19,8;19,9;19,9;20,4;20,2;20,4;19,9;20;20,2;20,2;20,6;20,1;19,9;20,1;19,9;19,6;19,9;20;19,5;19,4;20;20,5;20,4;19,9;19,6;19,3;19,5;19,9;20,1;20,1;20;20,5;19,5;19,9;19,9;20,2;20;20;20,2;19,8;19,9;19,8;19,9;19,9;20;20;19,9;19,8;19,9;20;19,3;19,9;20,1;19,9;20,2;19,6;19,6;20;19,8;19,8;20;20;20,1;20;19,9;19,9;19,9;20,1;20;19,8;19,9;20,1;20,1;20,1;20,1;19,9;19,9;19,6;19,9;19,8;19,8;19,9;20;20,1;19,5;19,2;19,5;19,8;19,3;19,6;19,9;19,8;20;19,9;19,9;19,3;19,9;20;19,6;19,4;20,1;19,2;19,8;20,2;20,1;19,8;19,2;19,8;19,9;19,5;20,2;20,2;20,2;19,9;20,2;20,4;19,8;20,5;19,9;20,1;20;19,6;20,2;19,8;20;19,9;20;20,4;20,4;19,6;20,1;19,9;20;19,9;20,5;19,8;19,9;20;20,1;20;20,5;19,6;19,5;20;20,1;20,1;20,2;19,9;20,5;19,9;20;19,6;19,9;19,4;20;19,9;19,8;19,8;19,5;20;19,4;19,8;19,8;19,5;19,5;19,8;20,1;19,8;20,5;20,2;20,5;20,4;21,4;22;25,8;26,6;26,1;26,7;27,2;27,2;28,2;29,7;30,6;31,4;31,2;30,9;31,3;31,7;31,5;31,4;31,6;31,6;31,8;32,1;31,8;31,4;31,6;31,7;31,6;31,7;31,5;31,5;31,6;31,4;31,4;31,5;31,4;31,3;31,5;31,4;31,2;31,2;31;31;31;30,9;30,9;30,8;30,7;30,7;30,7;30,5;30,5;30,5;30,5;30,4;30,3;30,3;30,1;30,3;30,2;29,5;29,4;29,4;29;29,5;29,1;29;29,3;28,7;29;29;29,1;29,1;29,1;28,9;28,7;29,4;28,6;29,2;28,7;28,7;29,1;28,9;28,9;29,1;28,9;29,1;28,8;29,1;29,2;29,1;29;29;29;29,2;29,1;28,9;29,2;29,4;29,4;29,3;29,3;29,5;29,4;29,5;29,2;29,1;29,1;29,4;30;29,5;29,5;30;29,4;29,1;29,3;30,1;29,9;30,2;29,4;29,3;29,3;29,5;29,7;30;29,4;29,5;29,7;29,3;29,3;29,1;29,7;29,4;30;29,1;30;29,2;29,1;29,3;29,5;30,1;29,4;29,3;29,5;29,5;29,4;29,5;29,3;29,7;29,7;29,3;29,9;29,7;29,4;29,5;29,9;29,7;29,5;29,3;29,5;30,1;30,1;30,1;29,7;29,7;29,7;29,3;29;29,4;29,4;29,5;29,4;29,4;29,5;29,7;29,2;29,7;29,4;29,3;29,2;29,1;29,5;28,8;29,4;29,5;28,9;29,3;29,7;29,5;29,4;29,9;29,2;29,2;29,5;29,7;29,9;29,9;29,5;29,4;30;29,9;29,4;29,2;29,4;29,7;29,5;30;29,9;30;30;30;30;30,3;30,4;30,4;30,7;30,7;30,6;30,6;30,4;30,5;30,6;30,9;31;30,8;30,7;30,8;30,8;31,1;31,2;31;31,1;31,3;31,4;31,3;31;30,7;30,7;30,9;31,1;30,9;30,8;30,7;30,8;30,7;30,1;30;29,7;30,2;29,5;30,4;29,7;30,3;30,6;30,2;30,2;30;30,2;29,7;29,3;28,5;27,9;27,3;27,4;27,2;26,5;26,3;24,7;22,6;20,9;20,5;20,5;20,4;20,4;20,1;20,7;20;20,2;19,8;19,8;19,8;20,1;19,5;19,4;19,6;19,6;20,5;20;19,6;19,5;19,5;19,8;19,5;19,5;19,3;19,8;19,6;19,5;19,8;19,9;19,3;19,8;19,6;19,5;20;20,2;19,5;20,6;19,9;19,2;20,1;20;20,1;19,6;19,6;19,8;20,1;19,3;19,8;19,5;19,2;19,3;20,1;19,9;19,2;19,8;19,8;19,6;20,2;20,4;20,2;19,5;19,8;19,6;20,1;19,2;20,1;19,4;19,4;19,6;19,6;19,8;20,2;19,9;19,6;19,3;19,5;19,9;19,3;19,9;19,9;19,8;20;19,6;19,8;19,9;19,9;19,8;19,8;20;19,8;19,3;19,6;19,6;19,8;19,9;19,8;19,6;19,5;19,8;20,1;19,9;19,9;19,6;20;19,2;19,8;19,9;19,8;20,1;19,9;19,6;19,8;19,5;19,9;19,5;20;19,4;19,4;18,8;20,1;19,3;20,1;20,2;19,6;19,6;19,8;19,9;19,5;19,8;20;19,3;19,4;19,3;18,9;19,2;19,8;19,6;19,6;19,8;19,5;19,3;19,2;19,8;19,4;19,4;19,4;18,9;19;19,8;19,3;18,2;19;19,8;18,7;18,6;19,5;19,5;19,8;19,6;19,3;18,8;19;19,2;19,3;19,5;19,4;19,2;18,8;18,8;18,9;19;19,2;18,6;19,4;18,6;19;18,920,2;20,6;20,7;20,2;20,5;20,2;20,4;20,5;20,7;20,6;20,5;19,9;19,9;20,2;20,2;20,4;20,5;20,4;20,5;20;20,4;20,2;20,4;19,8;20,4;20,4;20,6;20;19,9;20,1;19,6;20,1;20,6;20;20,1;20;20,4;20,4;20,5;20,6;20;19,9;20,1;19,9;19,5;19,6;20;19,9;20,1;19,9;20,1;20;20,4;19,5;20,1;19,9;19,6;20,1;19,9;20,1;19,6;19,6;20,2;19,6;19,9;19,6;20,1;20;19,8;19,6;19,9;19,5;19,9;19,9;19,8;19,9;19,6;19,8;19,9;19,8;19,8;19,8;19,8;20;20;19,6;19,6;19,5;19,4;19,8;19,9;20;20,4;20,2;19,9;19,9;19,6;19,8;19,6;19,4;19,5;19,6;19,5;19,2;19,8;19,4;19,3;19,8;19,3;19,4;19,8;19,3;19,3;18,7;19,5;19,3;19,9;19,2;19,9;19,6;18,6;19,8;19,2;19,9;19,4;19,9;19,5;19,4;19,6;19,6;19,5;20,1;19,2;19,8;19,8;20,2;19,9;19,5;20;19,4;19,8;19,6;19,8;19,6;20;20,2;20;20,2;19,8;20,2;20,2;20,5;20;20,2;20,4;20,1;20;19,6;19,9;20,1;19,9;20,2;19,8;19,5;20,1;20,1;19,6;20;20,1;20;19,4;20,1;19,6;19,5;19,2;19,9;20;19,9;19,5;19,5;20;19,9;19,8;20,1;19,8;19,9;20,1;20,1;20,1;20,1;20,4;20,8;20,4;21,2;22,5;26,2;26,7;26,7;26,8;27,4;27,2;28,4;29,9;30,5;30,7;31;31;31,5;31,5;31,8;31,5;31,7;32,2;32,1;31,7;31,8;31,7;31,8;32;31,7;31,3;31,4;31,8;31,7;31,7;31,5;31,5;31,6;31,5;31,4;31,4;31,5;31,4;31,1;31,1;31,3;31,5;31,2;30,8;30,7;30,7;30,6;31,1;30,9;30,5;30,7;30,4;30,5;30,2;30;30,4;30,1;29,9;29,9;29,3;30,1;29,4;29,3;30,1;29,3;29,7;29,4;29,7;29,2;29,4;29;29,1;28,7;29;28,8;30;29;29,2;28,8;29,3;29,3;29,5;28,9;29,2;29,3;29,2;29,4;29,3;29,3;29,1;29,1;29,3;29,4;29,3;29,2;29,5;29,2;29,3;29,5;29,4;29,3;29,5;29,9;29,7;29,1;29,2;30;29,7;29,9;29,3;29,9;29,7;29,2;29,9;29,7;29,4;29,5;29,5;29,5;29,7;30,3;30,1;29,5;29,5;29,7;30,1;30,1;30;29,7;30;30,2;29,5;30,4;30,2;29,3;29,4;29,9;29,5;30,2;30,1;30;30;30,1;29,9;30;30,1;29,5;29,7;30,2;30,1;30,2;30,1;30;30,1;30,3;30,2;30,1;30;29,9;30,1;30;30;29,4;29,9;30;30;29,5;29,4;30,1;30;29,9;29,7;30,1;30,1;29,1;29,4;29,9;29,1;29,3;29,1;28,9;30,1;29,2;29,4;29,7;29,1;29,7;29,7;29,5;30;29,3;29;29,7;30;29,7;29,3;29,3;29,5;29,4;29,9;29,9;29,5;29,7;30,5;30,2;30,2;29,7;29,3;29,9;30,3;30,6;30,4;30,6;30,7;30,4;30,7;30,9;30,8;30,6;30,6;30,8;30,8;30,5;30,4;30,9;31,3;31,4;31;30,9;30,9;30,8;30,8;30,8;31;31,1;30,5;31;30,9;30,8;30,9;30,8;30,4;30,2;30,1;29,4;30,1;30;30,3;30,1;30,3;30,7;30,7;30,3;30,2;30,3;29,9;29,5;28,8;27,9;27,7;27,4;27,3;26,5;26,2;24,7;22,8;20,5;20,4;20,2;20;20,6;20,2;20,1;20;20,1;19,9;19,6;20,1;20,5;19,5;19,5;19,8;19,6;19,9;20;19,4;19,2;19,6;19,6;19,4;19,4;19,3;19,4;19,4;19,5;19,8;19,9;19,5;19,3;19,5;19,6;19,9;19,9;19,5;19,8;19,5;18,9;19,3;19,5;19,8;19,2;19,8;19,3;19,9;18,9;19,2;19,2;19,3;19;19,5;19,8;19,6;19,4;19;19,3;20,4;19,5;19,8;19,8;19,3;19,5;19,3;19,5;19,8;19,3;19,5;19,5;19,2;19;19,9;19,4;19,2;19,2;19,4;19,5;19,8;19,8;19;19,4;20,2;19,9;19,5;19,4;19,3;19,4;19,8;19,8;19,6;19,8;19,5;19,5;19,5;19,5;19,8;20;20;19,8;20,1;19,5;19,6;19,5;19,4;19,3;20;20,2;19,5;20;19,3;19,3;19,5;19,5;19,6;19,4;19,6;19,2;19,5;19,2;19,8;19,6;19,6;20,1;19,8;19,6;19,4;19,5;19,4;19,6;19,9;19,8;19,5;19,6;20,1;20,1;19,9;19,4;19,3;19,5;19,9;20,2;19,5;19,5;19,5;20,2;19,3;19,5;18,9;18,4;19,2;19,5;18,7;19,2;18,6;18,8;20,2;19,5;19,4;18,9;18,9;18,9;19,2;19,3;19,5;19,5;19;18,7;19;19,3;18,9;19,3;19,2;18,9;19,5;18,7;18,4;1920,5;20,7;20,5;20,4;20,7;20,1;20,2;20,1;20,2;20,6;20,5;20;19,9;20;20,2;20;19,8;20,2;20,4;19,6;19,8;20,2;20,1;20;19,9;20,1;20,1;20;19,6;20;19,9;20,1;19,8;20,1;20;19,8;20;20,4;19,8;19,4;19,5;19,9;20,1;20;19,6;19,3;19,3;19,5;19,8;19,4;19,5;19,9;20;19,9;19,8;19,8;19,6;20;19,3;19,8;19,6;19,6;20,1;19,5;19,6;19,8;20;19,8;19,5;19,5;19,9;19,6;19,5;20,1;19,9;19,6;19,9;19,9;19,9;19,8;19,9;19,9;19,6;19,6;19,8;19,4;19,3;19,6;19,6;19,6;19,6;20,1;20,4;20;19,6;19,5;19,9;20;19,9;20,1;19,5;19,6;19,6;19,8;20;19,9;19,6;19,9;19,2;19,2;19,8;19,8;19;19,2;19,5;20;19,4;19,4;20,2;20;19,5;19,6;19,6;19,2;19,8;19,4;20;19,9;19,4;20,1;19,6;19,4;19,5;19,8;19,4;19,9;20,1;19,8;19,5;19,3;20;19,8;20;19,2;20,5;20,2;20,1;19,9;20,5;20,4;20,4;20,5;19,9;20,7;20,5;20,4;20,1;20,1;20;20,4;19,9;20,2;19,6;20;20;19,9;20;20,2;19,8;20;19,5;20,2;19,9;19,6;19,5;19,9;19,8;19,6;19,6;19,6;19,9;19,9;19,5;19,8;20,2;20;20;20,4;20,2;20,5;20,6;21,2;20,5;20,9;22,8;26;26,5;27,3;27,2;27,1;27,6;28,9;30,1;30,5;30,7;31;30,9;31,6;31,6;31,5;31,5;31,7;32,2;32,2;31,5;31,7;31,7;31,7;32,1;31,8;31,4;31,4;31,5;32,1;32;31,8;31,8;31,8;32,1;32,1;31,6;31,6;31,3;31,3;31,2;31;31;31;31;30,9;30,8;30,5;30,7;30,7;30,5;30,2;30,6;30,4;30,2;30,4;30,4;30,1;30;30,1;29,9;29,4;29,7;29,7;29,2;29,3;29,2;29,9;29,9;29,4;29,5;28,9;28,7;29,2;29,7;28,9;28,9;29,1;28,9;29,3;29,2;29,1;29,1;28,9;29,4;29,2;28,9;28,9;29;29,2;29,5;29,4;29,2;29,2;29,3;29,3;29,3;29;29,3;29,4;29,9;30;29,3;29,4;29,4;29,3;29,7;29,4;29,5;29,7;29,7;29,9;29,4;29,4;30;29,7;29,3;29,7;30,2;29,7;30;30,1;30;30,1;29,1;30,1;29,7;29,5;30,1;30,1;30,1;29,5;29,7;29,9;30,4;29,9;30;29,7;29,7;30,1;30,2;29,7;29,7;30,4;30,3;30,2;30,2;30,2;30,2;30,2;29,7;29,7;29,5;29,5;29,7;29,4;29,9;30,1;30,1;29,9;29,7;30,1;30;29,3;29,3;29,5;29,5;29,3;29,4;29,3;29,7;29,2;29,9;29,9;29,5;29,4;29,2;29,7;29,4;29,1;29,4;29,2;29,3;29,1;29,5;29,5;29,7;29,4;29,5;29,9;29,1;29,9;29,5;29,5;29,5;29,3;30;29,3;30,5;29,4;29,9;30,1;30,4;30,3;30,2;30,3;30,5;30,1;30,3;30,7;30,6;30,3;30,3;30,5;30,4;30,7;30,8;30,8;30,9;30,7;30,7;30,8;30,8;30,8;30,8;30,9;31,2;31,4;31,2;31,4;31,2;31,3;31,3;31,2;31,2;31,3;30,9;30,8;30,6;31;30,9;31;30,5;30,6;30,1;29,9;30,1;30;30,1;30,6;30,2;30,7;30,4;30,1;30,2;30,3;29,9;29,9;28,9;27,8;27,5;27,6;27,3;27,1;26,5;24,4;22,6;20,9;20,7;20,1;19,6;20,4;20,1;20;20,1;20,2;20;19,9;20,6;20,2;19,8;20,1;19,9;19,6;19,8;19,9;20;19,4;20,2;20,1;19,8;19,5;20;20,2;19,8;19,9;19,4;19,9;20;19,8;20;19,9;20,4;20,4;19,9;19,9;19,6;19,2;19,6;19,4;19,9;19,4;19,8;19,2;19,5;19,5;20,5;19,3;18,9;19,3;20,1;20,1;19,8;19,9;19,4;19,2;19,4;19,2;20;19,5;19,8;19,3;19,6;19,3;19,8;19,5;19,9;19,9;19,8;19,8;19,8;19,9;19,5;19,9;19,8;19,4;19,2;19,5;20,1;19,9;19,8;20,1;19,6;19,8;19,8;19,5;19,8;19,6;19,5;19,8;19,5;19,5;19,6;19,6;20;19,8;19,8;19,6;19,8;19,8;19,6;19;19,4;19,6;19,6;19,8;19,4;19,8;19;18,9;19,5;19,4;19,6;19,8;19,6;19,3;18,8;19;19,5;19,6;19,6;19,5;19,2;19,6;19,5;19,6;19,6;19,8;19,6;19,5;19,8;19,8;19,6;19,3;19;19,2;19,3;19,2;19,6;19,5;18,8;18,8;19,3;19,4;18,9;18,8;18,8;18,9;19,2;19,3;18,8;19,4;19,3;19;20,1;18,9;18,7;18,8;19;19,2;19,4;19,2;19;19,2;18,8;18,2;18,6;18,9;19;19,3;19,5;19,2;18,9;18,9;18,2;18,920,5;20,5;20,4;20,1;20,1;20,1;20,2;20,1;20,4;20,4;20,2;20,1;20;20,1;20,2;20,1;20;20,2;20,4;19,9;20,2;20,1;20,4;20,5;19,9;20;20,1;20,6;20;20,1;19,8;19,3;19,9;20;20;19,9;19,9;19,9;20,2;20,2;19,6;19,6;19,9;19,9;19,8;19,6;19,6;19,8;20,1;20,1;20,1;19,8;19,8;19,6;19,6;19,9;19,4;19,5;20;19,8;19,8;19,6;19,9;20,1;20;19,9;19,5;19,8;19,9;19,8;20,1;19,9;19,4;20;20;19,9;19,6;20;19,9;19,6;20;19,9;19,6;19,8;19,8;19,6;19,6;19,6;19,8;19,6;19,5;19,8;20,2;20;19,8;20;19,9;20;19,8;20,1;20,4;19,8;20;19,3;19,4;19,8;19,6;20,2;19,9;19,5;19,4;19,6;19,6;20,1;19,8;19,5;19,2;19,8;20,1;20;19,4;19,5;19,4;19,4;20,5;19,6;19,5;20;19,9;20,1;19,9;19,6;19,3;19,2;19,8;19,9;20,2;19,8;19,6;19,5;19,8;19,8;19,6;20;20,1;20,1;20,1;20,1;20,4;20,4;20,2;20,5;20;20,5;20,5;20,2;20,2;20,2;20;20,1;20,1;20,4;19,8;20;20,1;19,6;20,2;20;19,4;19,9;19,6;20,1;20;19,6;19,4;20,2;20;19,9;19,8;19,6;19,5;19,5;19,2;19,9;20,4;20,1;19,8;20,4;20,4;20,8;20,5;20,6;20,9;21,1;22,6;26;26,7;27,1;27,2;27,2;27,6;28,5;30;30,7;30,8;31,2;31,3;31,8;31,7;31,4;31,3;31,4;32,1;32,5;32,1;32;31,8;32,1;32,1;32;31,6;31,5;31,6;31,7;31,7;31,5;31,6;31,4;31,3;31,7;31,5;31,1;31,2;30,9;31,2;31,3;31,3;30,8;30,8;30,8;30,6;30,7;30,7;30,6;30,3;30,6;30,4;30,1;30;30,1;30;30,1;29,5;29,1;30;29,7;29,2;29,5;29,7;29,3;29,7;29,3;30;29,2;29,2;28,9;29;29;29,4;29,4;29,2;29,7;29,1;29,5;29,1;29,1;29,7;29;28,9;29,2;29,2;29,2;29,4;29,2;29,1;29,1;29,3;29,2;29,3;29,7;30,2;30;29,2;29,2;29,4;29,3;29,5;30,1;29,9;29,3;29,9;30;29,3;29,7;30;29,5;29,4;29,4;29,5;30,2;29,4;29,9;29,9;30,3;29,7;30,4;30,3;29,3;29,5;29,7;29,9;29,5;29,7;29;30,1;30,1;29,9;29,7;30;29,7;29,2;29,7;30,2;29,9;29,3;30;30,2;29,9;30,1;29,5;29,9;30,1;30,2;30,1;29,7;29,5;29,5;29,9;30,1;29,9;30;29,9;29,3;29,4;29,9;30;29,7;30;30,1;30;29,7;29,5;30;29,5;29,5;29,5;29,9;29,9;29,9;29,3;29,9;29,7;29,3;29;30;29,1;29,7;28,9;29,4;30,1;29,7;29,3;29,9;29,2;29,9;29,4;29,7;29,2;29,7;29,9;29,9;30;30,1;30,1;29,9;29,9;29,9;30;30,2;30,6;30,3;30,2;30,3;30,3;30,5;30,9;30,8;30,5;30,7;30,8;30,8;30,9;30,8;30,7;30,9;31;31;31,2;31,1;30,4;30,7;31,1;31;31;31,2;31,5;31,4;31,1;30,9;30,8;31,3;31,2;30,6;31,1;31;31,1;30,5;30,7;30;29,9;30;29,9;30,4;30,4;29,9;30,6;30,5;30,4;30,4;30,4;30;29,7;28,7;27,8;27,5;27,9;27,3;27,2;26,4;24,4;22,3;20,8;21,2;20,5;19,9;20;20,4;20,2;20;20;19,6;19,9;20,2;19,9;19,9;19,9;19,5;19,9;20;19,6;20,1;19,3;19,9;20;20;19,5;19,6;20,1;19,4;20,1;19,5;19,9;20;19,5;19,9;19,6;20;19,8;20;19,9;19,9;18,8;20;19,5;19,9;19,4;19,6;19,4;19,5;20;20;20;19,5;19,4;19,4;19,3;19,8;19,3;19,4;19;19,8;20,4;19,8;20;19,6;20,4;19,6;19,4;19,4;19,3;20;19,8;19,6;19,9;19,5;19,5;19,5;19,9;20;19,3;19,3;19,4;19,3;19,6;19,9;19,8;19,9;19,6;19,5;19,9;19,9;19,4;19,6;19,8;19,5;19,4;19,6;19,9;20;19,4;19,6;19,9;19,6;19,8;20,2;19,2;19,8;19,6;19,5;19,8;19,6;19,8;19,8;19,6;19,6;19,4;20;19,6;19,4;19,8;19,5;19,5;19,3;19,8;20,1;20;19,6;19,4;20,1;19,8;20;19,9;20;19,8;19,6;19,4;19,4;19,8;19,9;19,6;19,8;19,9;19,5;19,3;19,3;18,8;19,2;19,5;18,7;19;19,6;19,5;19,6;19,4;19,6;19,9;19,3;18,7;19,5;19,4;19;19,4;19,4;19,5;19,8;19,5;19,2;19,3;19,2;18,9;18,7;18,9;18,7;19,5;19,3;19,2;18,8;19;18,4;18,920,2;20,6;20,5;20;19,9;20,1;20,2;20,4;20,6;20;20,2;20,4;20,1;20,4;20,5;20,5;20,4;20,2;20,6;20,1;20,2;20;20,6;20,1;20,2;20;20,5;20,1;20;19,9;19,8;20,1;20,1;20,1;20,1;20;20,4;20,2;20,1;19,6;19,9;20,5;20,6;20,2;19,6;19,6;19,6;19,6;19,9;19,9;19,6;20;20,1;19,8;20,1;20,1;19,6;19,6;20,2;19,9;19,4;19,6;19,9;20,2;19,4;19,6;19,5;19,9;20;19,8;20,1;19,9;19,3;19,5;19,9;20;19,5;20,2;20;19,9;20,1;19,6;19,8;20;19,9;19,8;19,6;19,8;19,9;19,9;19,8;19,8;20;20,2;19,9;19,6;19,4;19,4;19,4;19,8;19,9;19,8;20;19,8;19,9;20,1;19,9;19,3;19,6;19,8;19,8;20;19,8;20,1;19,6;19,3;19,9;19,9;19,5;19,9;19,9;19,8;19,2;20,1;20,1;19,6;19,8;19,9;19,8;19,8;19,6;19,6;19,8;19,9;19,8;19;20,5;19,5;19,8;20,1;19,8;19,6;19,8;20,2;20,2;20;20,2;20,6;20;20;19,9;20,4;20,4;20,5;20,4;20,5;20,4;20,2;20,2;20,4;20,4;20,5;20;19,8;20,4;20,1;20,2;20,4;19,6;20,5;19,8;20,2;20;20;19,5;20,1;20,1;20,1;19,9;19,9;19,6;19,4;19,5;20,1;20,1;20,2;20;20,2;20,7;20,7;20,8;20,7;21,4;21,2;22,5;26;27,1;27,2;27,5;27,4;27,6;28,4;29,5;30,8;31,1;31,2;31,2;31,6;32,1;31,4;31,5;32;32,1;32,4;32;32;31,7;31,7;31,8;31,8;31,8;31,7;31,6;31,8;31,6;31,5;31,8;31,6;31,6;31,8;31,6;31,8;31,5;31,4;31,6;31,5;31,3;31,3;31,3;31,2;30,9;30,7;31;31,2;30,9;30,2;30,4;30,2;30,7;30,4;30,4;30,5;30;30;30,1;30,2;30,1;29,7;30;29,2;29,5;29;30,1;29,5;29,9;29,7;29,3;29,1;28,9;29,5;29,3;29,3;30;30;29,4;29,4;29,5;29,1;29,3;29,2;29,2;29,3;29,4;29,4;29,3;29,4;29,7;29,4;29,4;29,4;29,3;29,4;29,4;29,4;29,5;29,9;29,9;29,9;29,7;29,4;29,7;30,1;29,9;29,9;29,5;29,9;29,4;29,5;30;29,5;29,2;29,5;29,3;30,1;29,4;30,3;29,5;29,5;29,5;29,7;30,3;29,9;30,1;29,3;29,5;30,4;29,4;30;30;29,4;29,2;29,9;30,1;30,4;30;30;30;30,1;29,7;29,9;29,2;29,4;29,9;30,1;29,5;29,9;30,3;29,9;29,5;29,9;30,4;30,3;29,9;30;30;29,7;30;30,2;29,9;29,4;29,9;29,7;29,7;30,1;30,2;30,3;29,9;30,2;30,1;29,5;30,1;30,3;29,7;29,9;29,5;30,1;29,5;29,4;29,9;29,5;30;29,4;29,3;30,2;30,2;29,7;29,4;30,1;30,1;29,9;30,3;30,4;29,9;29,7;30,2;30,2;30,3;30,3;30,3;30,3;30;30,4;30,7;30,5;30,5;30,6;30,9;31;30,8;30,6;31;31,1;31,1;30,8;30,6;30,7;30,8;31,1;31,2;31,2;31,6;31,5;31,1;31;30,8;31,1;31;31;31,2;31;30,7;31;30,9;31,2;31;30,9;30,9;30,8;30,3;30,2;30,2;29,9;30,8;30,4;30;30,4;30,6;30,6;30,4;30,5;29,9;29,5;28,6;27,7;27,7;27,5;27,4;26,6;26,3;24,7;22,6;20,8;20,8;20,4;20,1;20,2;20,5;20,2;19,9;19,6;19,6;20,2;20;19,8;19,9;20;19,3;20;20,5;19,4;19,9;19,5;19,4;19,8;20,2;19,5;19,4;20,1;19,8;19,4;19,5;19,8;19,9;19,5;19,6;19,8;19,6;20;19,9;20;20,2;19,9;19,8;19,8;19,9;20,1;19,9;19,3;19,4;20,6;19,8;19,9;19,2;19,4;19,4;20,2;19,4;19,3;19,8;19,5;19,9;19,6;19,5;20;19,6;19,5;19,5;19,5;19,9;20,2;19,9;19,6;19,6;19,6;19,9;19,3;19,6;19,6;19,8;19,9;19,5;19,2;19,3;19,5;19,8;19,9;20;19,6;19,2;19,4;19,4;19,3;19,5;19,9;19,8;19,5;19,5;19,8;19,8;19,5;19,8;20,1;19,8;19,8;20,2;19,5;19,4;19,6;19,6;19,9;19,6;19,5;20;19,6;19,9;19,8;19,8;19,4;19,4;20,1;20,2;19,6;19,8;19,6;20;19,9;19,5;19,6;19,9;19,9;20;19,3;18,9;19,4;19,8;19,9;19,8;19,4;19,3;19,4;19,6;19,8;19,5;19,6;19,8;19;18,9;19,4;19,8;19,8;19,3;19,3;19,2;19,9;19,5;19,9;19,3;19,2;18,9;19,2;19;19,8;19,3;19,5;19,9;19,6;19,3;19,5;19,4;18,8;18,8;19;18,9;19,4;19,4;19,2;19,3;19,3;18,7;18,720,4;20,5;20;20,1;20,5;20,4;20,1;20,1;20,6;20,2;20,6;20,6;20,4;20,4;20,4;20,2;20,2;20;20,4;20,4;20,2;20,1;20,6;20,8;20;20,5;20,4;20,5;20,1;20,1;20;19,4;20,4;20,5;20,1;19,6;20;20,4;20,2;19,8;20;20,1;20;20,1;20,1;19,9;19,9;19,8;19,8;20;19,9;20,2;20,5;19,9;20,5;20,1;19,9;19,8;19,8;20,2;19,6;20;19,9;20,1;19,3;19,6;19,8;20,1;20,1;19,6;20;19,9;19,3;19,6;20;20,1;19,9;20,2;20,4;19,9;19,9;20,1;20,1;20;19,9;19,9;19,9;19,9;20;19,9;19,8;20;20;20,1;19,9;19,9;19,9;19,9;19,9;20;20,5;20;20,1;20,1;20,2;20,4;20,5;19,8;20;20,2;19,8;19,8;20,1;20,8;19,9;19,8;20,5;19,9;19,9;20,1;20;20,1;20,1;20,6;20,1;19,8;20;19,9;20,1;20,2;19,8;19,6;19,4;19,8;19,6;19,2;20,2;19,8;20,1;19,8;19,8;20,4;19,5;20;20,4;19,9;20,4;20,2;20,4;20,5;20;20,5;20,2;20,5;20,6;20,7;20,4;20;20,1;20,4;20,2;20,2;20,2;20;20,5;20,5;20,1;20,4;19,9;20,5;20,1;20,1;20;20,1;20;20;19,9;19,6;20;19,9;19,6;19,2;19,5;19,6;20;20,1;20;20,1;21,1;20,8;20,7;20,9;21,4;21,5;22,5;25,8;27,3;26,8;27,3;27,4;27,5;28,4;29,5;30,5;31;31,3;31,3;31,4;31,6;31,6;31,6;31,7;32,4;32,5;32,2;31,8;32,2;31,8;31,7;31,7;31,6;31,7;31,8;31,5;32;32;31,7;31,6;31,5;31,5;31,5;31,7;31,8;31,6;31,5;31,4;31,5;31;30,9;31,4;31,1;30,7;30,8;30,7;30,5;30,2;30,5;30,8;30,4;30,3;30,4;30,3;30,2;30,2;30,1;29,7;29,7;29,5;29,9;29,7;29,3;29,5;29,5;29,3;29,5;29,9;29,2;29;29,2;29,2;29,5;29,2;29,4;29,1;29,3;29,3;29,3;29,9;29,7;29,2;29,4;29,3;29,7;29,7;29,7;29,4;29,4;29,9;29,4;29,2;29,5;29,5;29,5;29,5;29,7;29,5;29,4;29,7;30;29,9;30,1;29,7;29,3;29,9;30,3;29,7;29,9;29,7;29,7;30,1;29,5;29,9;29,7;30;30;29,7;29,9;30,1;29,9;30,2;29,5;30,2;29,7;29,7;29,9;29,9;29,3;29,9;29,3;30;30;29,7;30;30,4;30,1;30,1;30;30,2;30,1;30,2;30,3;29,7;30;30,3;30,2;30,1;30;29,5;29,4;29,9;30,1;30;29,7;29,5;29,7;30,1;30,3;30,3;29,9;29,5;30,2;30;30,1;30,2;29,7;29,9;29,9;29,4;29,9;30,2;29,9;30;30;30,1;29,1;29,4;30,7;29,3;29,5;30,4;30;30,1;30;30,3;29,7;30,2;29,5;30;30,1;29,9;30,2;29,9;30,4;30,2;30,2;30,2;30,1;30,3;30,3;30,3;30,7;30,4;30,1;30,2;30,7;30,6;30,7;30,5;30,9;30,9;30,9;30,8;30,9;30,9;30,9;30,9;30,9;30,7;30,9;31,1;31,1;31,1;31,1;31,1;30,9;31;31,1;31,1;31,1;31,1;31;31,2;31;31;30,8;30,9;30,8;30,7;30,2;30;30,3;30,2;30,5;30,6;30,4;30,4;30,8;30,5;30,4;30,4;29,7;29,7;28,7;27,9;27,7;27,2;27,3;26,8;26,3;24,5;22,3;21,1;20,2;20,2;20,2;20,4;20,1;20,2;20;20;19,4;20,6;20,1;19,9;19,9;19,9;19,4;19,5;20,6;20;19,8;19,9;19,6;19,8;20,5;20;19,8;20;20,1;19,6;19,9;20;19,9;19,6;19,8;19,9;20;20,1;19,9;20,1;20,2;20,2;19,8;19,3;19,9;20,2;19,5;19;20,2;20;19,6;20,1;19,6;19,8;19,9;20,4;19,8;19,5;19,5;19,8;19,8;19,3;19,9;20,4;19,9;20,5;20;20,1;19,9;19,9;20;19,8;20,4;20,2;20,1;19,8;20;19,6;20,1;20,1;20;20;19,8;19,8;20;20,2;20,1;19,9;19,8;19,8;19,8;19,6;19,8;19,6;19,5;19,6;19,5;19,6;19,9;19,9;20;19,9;19,6;19,6;20,2;19,9;19,2;20,1;19,6;19,5;19,9;19,9;20;19,3;20;20,1;19,4;19,6;19,6;19,8;20;19,3;20,1;19;20,1;19,4;18,8;19,3;19,8;20,1;19,3;18,8;19,3;19,8;19,8;19,6;19,3;19,4;19,5;19,2;19,5;19,9;19,6;20;19,5;19,3;19,6;19,3;19,4;19,2;19,4;19,9;19,5;19,4;19;19;19;19,9;18,9;19,2;19,3;19,4;18,8;19,3;19,6;19,4;19;19,3;19,3;18,7;18,7;18,8;19,3;18,9;19,9;18,9;18,9;19;18,8;18,820,9;20,5;20,1;20,5;20,5;20,5;20,2;20;20,8;20,6;20,9;20,8;20,4;20,1;20,1;20,4;20,5;20,2;20,1;20,5;20,6;20,2;20,4;20,8;20,2;20,6;20,8;20,6;20,1;20,1;20,1;20;20,2;20,2;20,2;20,4;20,4;20,4;20,1;20,1;20;20;20;20;20,1;20,1;19,9;19,8;19,8;20;20;20,1;20,4;20,4;20,5;20,2;19,5;19,8;20,2;20;20,1;20,1;19,8;20,1;19,9;20;19,9;19,9;19,9;20;19,9;20;19,6;19,6;20,1;20,2;20,1;20;20,2;19,9;20;20,1;19,9;20;19,9;19,9;19,9;20;20,1;19,9;19,9;20,1;20;19,9;19,9;20,1;20,1;19,8;19,9;20;20;20,1;20,2;20;19,9;20,1;19,9;20;20;19,8;19,8;20,1;20;20,2;19,8;20,1;20;19,8;20,2;20;20;20,4;19,5;19,6;19,6;20,2;20,1;19,9;19,8;19,8;19,4;20,1;20,1;19,2;20,1;19,9;20,2;19,6;19,6;19,8;20;20,1;19,9;20,4;20;20,2;20,2;20;20,1;20,4;20,2;20,2;19,8;20,2;20,4;20,6;20,5;20,1;19,9;20,4;20,2;20,1;20;20,1;20,4;20,2;19,9;19,9;20,4;19,9;20,1;20,2;20;19,9;19,8;20;20;19,5;19,6;19,6;19,5;19,2;19,2;19,8;19,9;20;20,1;20,1;20,2;20,7;20,4;20,8;21,1;21,1;22,5;26,1;27,1;26,8;27,1;26,8;27,3;28,5;30;30,6;30,6;30,9;31;31,3;31,5;31,7;32;32,1;32,4;32,4;32,1;32,1;32,1;32;31,8;31,7;31,6;31,6;31,7;31,8;31,8;31,7;31,5;31,5;31,7;31,7;31,5;31,6;31,6;31,5;31,3;31,4;31,3;31,1;30,9;30,9;31;30,7;30,9;30,7;30,7;30,5;30,5;30,3;30,1;30,1;30;30,4;30,3;29,9;29,3;29,4;30;29,2;29,4;29,5;29,9;29,5;29,1;29,4;29,4;28,9;29,4;28,7;29,7;29,1;29,2;28,6;29;28,8;29,2;29,4;29,7;29,1;29,2;29;29;29,1;29,4;29,4;29,3;29,2;29,3;29,1;29,4;29,7;29,5;29,5;29,4;29,7;29,4;29,2;29,5;29,9;29,9;29,5;29,7;29,5;29,7;29,5;29,4;29,7;29,7;29,3;29,7;29,7;29,1;30,1;29,1;30;29,9;30,2;29,9;29,4;29,7;29,7;29,3;30,5;29,7;29,2;29,9;29,1;30;30,4;29,7;30,1;29,7;29,9;29,7;29,7;30,1;30,1;29,4;30;29,7;29,9;30,1;29,9;29,5;30;30,1;30,1;29,7;29,9;30,2;30,5;30,3;30,1;30;29,7;30;30;30,2;29,5;29,3;29,7;29,9;29,7;29,7;29,5;30;30;29,7;29,9;30;30;29,5;29,4;29,9;30,1;29,5;29,5;30,3;29,7;29,2;29,7;29,5;29,7;29,3;30,4;29,9;29,5;29,7;30;29,5;29,7;30,2;29,9;30,3;30,3;30;30,5;30,7;30,5;30,6;30,7;30,7;30,3;30,5;30,5;30,5;30,5;30,5;30,6;30,6;30,5;30,6;30,8;30,7;30,8;31,2;31,1;30,8;30,9;30,9;30,9;30,9;30,8;31,1;31,2;31,2;31,2;31,2;31,2;31,2;30,8;30,4;30,6;30,9;31,2;31;31;30,6;30,5;30;30,5;30,4;30;30,1;30,6;30,2;30,6;30,5;30,3;30,4;30,3;29,5;29;28,7;27,9;27,7;27,2;27,2;27,1;26,1;24,4;22,5;20,8;20;20,4;20;20,1;19,8;19,8;19,9;19,9;19,6;20,2;19,8;19,5;20,1;19,3;19,5;19,2;20;19,9;19,5;19,9;19,6;19,6;20,4;20;19,9;19,8;19,6;19,5;19,9;19,9;19,6;20;19,4;19,6;20;19,9;19,6;19,6;20;19,4;19,9;19,3;19,8;19,5;20,2;19,2;19,3;19,6;19,5;19,4;19,5;20,1;19,4;20,2;20;19,8;19,9;19,8;19,5;19,5;19,6;19,8;19,5;19,5;20,1;20,4;20;20,1;20,5;20;19,8;19,8;19,6;19,9;19,5;19,8;19,4;20;20;20,1;19,9;19,5;19,6;19,6;19,8;20,2;20,1;19,8;19,8;19,9;19,9;19,6;19,6;19,6;19,8;19,8;20;19,8;19,9;19,3;19,6;19,6;20,2;20,1;19,9;20,2;20,1;19,5;19,9;19,6;19,9;19;19,9;20,1;19,5;19,8;20;19,9;20;19,5;19,8;19,3;20;20;19,6;19,9;19,8;19,8;20,2;19,9;19;19,4;19,8;19,6;19,6;19,5;19,9;19,4;18,8;19,5;19,9;19,9;20,1;19,4;19,8;19,5;20,4;19,2;18,7;19;20;18,9;19,8;19,6;19,2;19,6;19,3;19,4;19,8;19,4;19;19,4;19,4;19;18,9;19,2;19,3;19;18,9;18,8;19,2;18,7;19,5;18,6;19;18,7;18,7;19,221,1;20,5;20,2;20,5;20,4;20,6;20,2;20,2;21,1;20,7;20,9;20,5;20,2;20,2;20,4;20,5;20,5;20,4;20,4;20,4;20,6;20,2;20,2;20,5;20,4;20,6;20,8;20,5;19,8;20,1;19,6;19,9;20,1;20,4;20,2;20,7;20,2;20;20,2;20,1;19,8;19,9;20,1;20,4;20,2;20;19,8;19,8;20;20,2;20,1;20;19,6;19,5;20;19,4;19,8;19,9;19,8;20,1;19,8;19,9;20;19,9;19,8;20,1;19,9;20;19,5;20,1;20,4;20,4;19,8;19,4;20;20;19,9;19,4;20;19,9;19,8;19,9;19,9;20,1;19,9;19,6;19,8;19,9;19,9;19,6;19,6;19,9;20;19,6;19,6;20;20;20,1;20,2;20;20,2;20,1;20;19,9;19,6;20,1;19,9;19,9;19,8;19,6;19,6;19,9;19,8;19,9;19,9;20,1;19,9;19,4;19,5;19,5;19,2;20;19,3;19,6;19,8;19,8;19,6;19,4;19,3;19,4;19,4;19,4;19,4;20,1;19,6;19,5;20,7;19,8;19,9;19,6;19,9;19,5;19,9;19,9;20;20,1;20,1;19,9;19,9;20,4;20,2;20,4;20,1;20,1;20,1;20,2;20,4;20,5;20,4;20,5;20,1;20,4;19,5;20,2;19,9;19,9;20;20;20,5;20,1;19,9;20,1;20;19,6;19,8;19,8;19,9;20,4;19,8;19,5;19,9;19,6;19,9;20,1;19,8;20,2;20,1;20,1;19,9;20,7;20,5;20,8;20,7;20,9;22,8;25,8;27,2;27,4;27,3;27,2;27,6;28,5;30,1;31;31;31,3;31,3;31,8;31,8;31,8;31,6;32;32,2;32,4;32;32,1;32,2;32;31,8;31,7;31,7;31,7;32;32,1;32,2;31,7;31,6;32;31,8;31,5;31,7;32,1;31,6;31,4;31,4;31,3;31,8;31,3;31;31,3;31;31,1;30,9;30,6;31;30,4;30,5;30,4;30,5;30,7;30,6;30,2;30,3;30;30;30;30,5;30,4;30;29,2;30;29,4;29,9;28,6;30,1;29,4;29,2;29,4;29,4;29;29,3;29,3;29;29,3;30;29,7;29,1;29;29,5;29,5;29,2;29,1;29,4;29,4;29,2;29,4;30,1;30,2;30;29,4;29,2;29,2;29,4;29,4;29,7;29,7;30;29,9;29,1;29,4;30,2;30,1;30,2;30;30;29,7;29,9;29,9;30;29,9;30;30;30;29,5;29,9;30,1;29,7;30,4;29,2;30,2;30,1;30,1;29,7;30,2;30;30,2;30,2;30,2;29,7;29,7;30,1;29,4;30;30,1;29,9;29,9;29,7;29,9;30,1;30,2;30,2;30,1;30;30;29,9;30;30,2;30,2;30,2;30,3;30;30,1;29,9;29,9;30;30,1;30,1;30,1;30;29,9;30;30,1;30;30;30,2;30,1;30;30,1;30,1;30,1;29,7;30,2;30,6;29,4;29;29,7;30,6;29,2;30,2;30,1;29,3;30,2;30,2;29,9;29,5;30,4;30,1;29,9;30,3;30,3;30;30,3;30,8;30,3;30;30,5;30,4;30,1;30,6;30,5;30,6;30,6;30,7;30,7;31;30,6;31;30,7;30,8;30,7;31,1;31,1;30,8;30,8;30,9;31,4;31,4;31,3;31,5;31,5;31,4;31,5;31,3;31,3;31,5;31,4;31,3;31,4;31,3;31;31;31;31;31,2;31;30,8;30,6;30,9;30,4;30,1;30;30,1;30,2;30,7;30,2;30,6;30,2;30,4;30,3;30,2;29,9;28,8;28,6;28;27,6;27,1;27,4;26,6;26,5;24,4;22,6;20,9;20;20,5;19,8;20,1;20;20;19,9;19,5;20;20;19,8;19,6;20,2;18,9;19,8;19,8;19,5;19,9;19,8;19,4;20;19,5;19,9;20;19,6;20;19,6;19,3;19,8;19,9;19,8;19,6;19,9;19,9;19,2;20;19,2;19,6;19,5;19,4;19,9;19,6;19;19,5;19,8;19;19,9;19,4;19,3;19,4;19,9;19,6;19,4;19,6;20,4;19,8;19,8;19,6;19,3;19,2;19,5;20,1;19,9;19,9;19,9;19,8;19,4;19,3;19,2;20;20;19,8;20,2;19,6;19,4;19,6;20,1;20,5;20,1;19,8;19,4;19,2;19,4;19,9;19,9;19,9;19,5;19,5;19,5;19,6;19,5;19,8;20;19,8;19,8;19,9;19,6;19,5;19,6;19,4;19,8;19,8;19,9;19,9;20,1;19,6;19,6;19,8;19,6;19,8;19,6;19,2;19,8;19,9;19,6;19,6;20;19,8;19,8;19,2;20,1;20;19,4;19,8;19,8;19,6;19,4;19,9;19,9;19,3;18,7;18,6;19,2;19,8;19,9;19,9;19,9;20,1;19,9;19,8;19,4;19,9;19,4;19,4;19,4;19,9;19,6;19,9;19,3;19,8;19,6;19;20;19,5;19,6;19;19,5;19,5;19,5;19,6;19,4;19,3;19,3;19;19;19,4;19,5;19,3;19;18,8;18,9;18,6;19;18,8;19,5;19,2;18,7;1920,9;20,2;20,4;20,4;20,4;20,7;20,1;20,1;20,5;20,4;20,7;20,2;20,4;20,6;20,5;20,4;20,2;20,2;20,1;19,9;20,1;20;20,2;20,2;19,6;20,2;20;20,1;20;20;20,2;20;20;19,8;20,1;19,8;19,9;20;20,2;20;19,9;19,8;19,9;20,2;20,2;19,9;19,6;19,9;20,1;20,1;19,9;20,1;20,1;19,8;20,6;20,1;19,5;19,5;20,2;20,2;19,6;20,1;20;19,8;19,6;19,5;19,6;20,2;19,9;19,9;20,4;20,5;19,9;19,8;20,2;20;19,6;19,4;20;20;19,9;19,8;20;20;20,1;20;20;19,9;19,9;19,8;20;20,4;20,4;20,1;19,8;20;20,1;20;20,4;20,5;20,1;19,9;20,1;20;19,6;19,5;20,1;20,4;19,6;19,6;19,5;20;20,1;20,1;19,8;19,6;19,5;19,9;19,5;19,6;20;19,6;19,6;19,6;19,8;20;19,5;20,4;20,4;19,8;19,6;20;19,8;19,6;20,4;19,9;20,2;19,8;20,1;19,9;20,4;19,6;19,9;19,9;19,6;20,1;20,6;20,2;19,9;20,8;20,6;20,4;20,5;20,2;20,4;20,8;20,6;20,6;20,4;20;20,2;20,4;19,8;20,1;19,9;20;20;20,1;19,6;20,1;19,9;20,1;19,8;19,8;19,8;19,8;19,6;20,4;19,5;19,6;19,6;20;19,6;19,9;19,6;20,2;19,9;20,1;20,1;20,7;20,7;20,8;20,6;21,4;22,3;25,5;27,3;27,1;27,4;27,4;27,6;28,4;30;30,7;30,9;31,2;31,2;31,6;31,8;31,3;31,3;32;32,4;32;32;32,2;32;31,8;32;32;32;31,6;31,6;31,8;32;31,7;31,7;31,7;31,7;31,5;31,4;31,3;31,2;31;31;31;31,1;31;30,7;30,6;30,8;30,6;30,6;30,5;30,4;30,5;30,4;30,5;30,1;29,9;30,3;29,5;30;29,4;29,5;29,4;30,1;30,1;29,9;29,7;28,8;29,9;29,2;29,7;29,3;29,2;29;28,9;29,1;28,8;28,9;29;28,5;29;29;29,3;29,1;29,1;29,4;29,5;29;28,9;28,8;29;29,1;29;29,2;29,2;29,2;29,1;29,1;29,2;29,5;29,5;29,9;30,1;30;29,5;29,4;29,2;29,3;29,5;29,7;30;30;29,9;29,9;29,4;29,1;29,1;28,8;29,4;29,9;29,4;29,4;30;29,4;29,4;29,3;29,4;29,2;29,9;29,1;29,7;29,4;29,9;29,5;29,2;29,7;30;30,1;30,1;30,2;30,1;30,1;29,7;29,7;30;30,1;29,7;29,7;29,5;29,5;30;29,5;29,4;29,5;29,5;29,5;29,7;29,9;29,7;29,5;29,4;29,5;29,5;30;29,9;30,1;29,7;30;30;30;29,9;29,4;29,3;29,4;30;29,7;30,4;29,5;29,7;29,3;29;29,7;28,7;29,4;29,3;29,5;29,7;29,2;29;30;29,7;29,9;29,4;29,5;29,2;29,9;29,9;30,1;29,7;30,4;30,3;30,3;30,6;30,9;30,5;30,5;30,5;30,8;30,5;30,6;30,6;30,8;30,7;30,9;30,8;30,8;30,6;30,9;30,7;30,8;30,9;30,7;30,8;30,9;30,9;30,7;30,9;31;31,1;31;30,6;31;31,5;31,1;30,7;30,6;30,9;30,9;31;31,1;30,9;30,8;30,6;30,2;30,6;30,1;29,7;30;30,1;30,3;30,7;30;30,5;30,1;30;29,9;30,2;29,9;28,9;28,4;28,2;27,3;27,3;27,3;26,6;26,5;24,6;22,3;20,9;19,6;20,5;19,6;20;20;20,5;19,8;19,8;19,6;19,6;19,9;20,1;20;19,4;19,5;20,1;19,5;20;20;19,9;19,9;20,1;19,9;19,8;19,5;20,1;20,1;20;20;19,4;19,8;19,6;19,3;19,9;19,8;20,2;19,2;19,9;19,9;19,4;19,6;20,2;19,9;19,9;19,9;19,8;19,6;20,5;20;20;19,9;19,4;20,4;20,1;19,6;20,1;19,8;19,6;19,8;20,2;19,9;20;20;19,9;20;20,2;20,2;20,2;19,8;20;20,4;20,4;20,4;19,9;19,5;19,4;20;20,1;19,6;20,1;19,5;19,2;19,5;20,1;20,2;19,9;19,8;19,8;19,6;19,5;19,4;19,5;19,9;19,6;19,6;20,1;20,1;19,8;19,9;19,8;19,8;19,6;19,9;19,8;20;19,6;19,5;20;19,9;19,9;19,9;19,5;19,4;19,8;19,8;19,2;19,8;19,4;19,6;19,4;19,9;19,5;20;20;19,4;19,9;19,8;19,6;19,5;19,3;18,8;19;19,5;19,5;19,5;19,6;19,5;19,4;19,2;19,6;19,4;19,5;19,2;18,7;18,2;19;19,4;19,3;18,9;19,9;19,3;18,8;19,6;19;19,2;18,9;19,3;19,3;19,3;19,6;19,3;18,9;19;19,3;19,2;19,3;19,4;19,4;18,9;18,8;18,7;18,7;19;19;19,4;19;18,8;1920,8;20,4;20,6;20,5;20,6;20,5;20,6;20;20;20,7;20,7;20,2;20,5;20,4;20,2;20,2;20,4;20,4;20,1;19,9;20,1;20,2;20,2;20,4;20,1;20;20,2;20,2;20,2;20;20;20,4;20,2;20,1;20,4;20,8;20,5;20;19,9;20,1;20,2;20,1;20;20;19,8;20;20;19,6;19,8;20,1;20,1;20;20,1;20,2;20,4;20,5;20,4;20,5;20,4;20,5;19,8;19,8;20;19,5;19,6;19,6;19,9;20,1;20,1;19,9;20,2;19,9;19,8;20,1;20,1;20;19,5;19,8;20,2;19,6;19,9;19,8;20;19,8;20;20;20;19,8;19,8;20,1;20,2;20,1;20,1;20;19,9;19,8;19,6;19,6;19,9;19,6;19,6;19,6;19,6;19,4;19,6;19,8;19,8;19,9;19,8;19,5;19,6;19,4;19,8;20,1;20;19,5;19,4;19,8;20,1;19,6;19,6;19,6;19,3;19,8;19,8;19,5;19,5;19,5;20;19,2;19,5;19,4;19,5;19,8;19,5;20;19,3;19,5;19,2;19,3;20;19,5;19,8;19,6;19,8;19,6;20;20;20;20,6;20,1;20,1;20;20,4;19,9;20,1;20,5;20,4;19,9;19,9;20,4;20,4;19,9;19,9;20;19,9;20;20;19,5;19,9;19,9;20,1;19,9;20,1;19,5;20;19,5;20,1;19,5;20;19,6;20,1;19,2;19,9;19,8;20,1;19,8;20,4;20,4;20,5;20,5;20,7;20,9;20,9;22,2;25,7;26,7;27,1;27,6;27,7;27,5;28;29,5;30,6;31;31,2;31,6;31,6;31,8;31,7;31,3;31,7;32,2;32,1;31,8;32,4;32,5;32,1;32,1;32,5;32,5;31,7;31,7;32,1;32,1;32,2;31,8;31,6;31,8;31,8;31,8;31,8;31,7;31,4;31,2;30,9;31,5;31,2;31;31;31,1;30,7;30,6;30,7;30,4;30,2;30,2;30,8;29,5;30;30,4;30,2;30,1;30,2;30;29,7;30,3;29,1;29,9;30,1;30;29,1;29,3;29,5;29,3;29,1;29,1;29,5;29,5;29,3;29,4;29;29,1;29,4;29,3;29,7;29,5;29,4;29,9;29,4;29,3;29,5;29,4;29,7;29,7;29,5;29,5;29,7;29,4;29,2;29,3;29,3;29,5;29,5;29,4;29,3;29,4;29,9;29,9;29,5;29,7;29,5;29,5;29,3;29,1;29,9;30,2;29,9;29,3;29,7;29,4;29,7;30;29,4;29,7;29,7;29,7;29,9;29,4;29,7;30,2;30;29,9;29,5;30,1;29,9;30,3;30,1;30,1;29,5;30,1;30;29,7;30;30,3;30;30;29,7;30;29,5;29,7;30;30,2;30,3;29,7;29,7;30,1;30,3;30,4;30,1;30,1;30,3;30,2;30,1;30,1;30,1;30,2;30,4;30,3;30;29,9;29,3;30,1;29,9;30,1;29,9;30,2;30,1;30,1;29,9;29,7;29,5;30,2;29,5;29,4;29,7;30,3;30,1;30,1;30,1;29,7;30,1;30,1;30,4;30;30,1;30,1;30,3;30,6;30,4;30,1;29,9;30,6;30,5;30;30,3;30;30,3;30,5;30,2;30,3;30,5;30,8;30,8;30,8;30,9;30,7;30,7;30,8;30,7;30,9;31,1;31,1;30,9;30,9;31;31,1;31,3;31,2;30,9;31;31,5;31,1;30,9;31,1;31,1;31,3;31,3;31,4;31,3;31;30,8;30,8;30,7;30,9;31;30,6;30,6;30,4;30,1;29,9;29,7;30,3;30,6;30,2;30,7;30,3;30,4;30,3;30,4;29,5;29,1;28,6;27,8;27,3;27,9;27,1;27,1;26,2;24,5;22,3;21,2;19,5;20,4;20;20,1;19,9;20,1;19,6;20;19,4;19,6;19,6;20,1;20,1;19,9;19,3;19,9;19,6;20,2;19,8;20,2;19,6;20,4;20;19,5;19,3;20,1;20,2;20,4;19,8;19,8;19,3;19,8;18,9;19,4;19,8;20,1;19,5;19,8;19,8;19,8;19,3;20,1;19,3;20,4;19,9;19,3;19,6;19,9;19,8;19,8;19,6;19,9;19,3;19,6;19,4;20,1;19,4;19,2;19,4;19,9;19,6;19,4;19,5;20,1;19,9;19,6;20;19,9;19,5;19,5;19,5;19,5;19,9;19,2;19,2;19,4;19,6;18,9;18,9;19,5;19,5;19,6;19,4;19,8;20,1;19,8;19,8;19,6;19,4;19,4;19,5;19,3;19,5;19,6;19;19,8;20,1;19,6;20;19,3;19,4;19,5;20,1;19,4;19,9;19,6;19,9;19,9;19,5;19,9;19,9;19,6;19,3;19,9;19,9;19,4;19,3;19,6;19,6;19,9;20;19,6;19,9;19,6;19,5;19,6;20,5;20,1;19,6;19,9;19,9;19,8;19,8;19,9;19,5;19,2;19,8;20,1;19,8;19,5;20;19,6;19,5;19,5;19,3;19,3;20,4;19;19,6;19,6;19,3;19,4;19,4;19,6;19,3;19,4;19,8;19,5;19,2;19,5;19,6;19;19;19,4;19,2;19;19,3;19,4;19;19;18,7;18,8;19,2;19,2;18,9;18,9;19;1920,9;20,5;20,8;20,1;20,6;20,1;20,8;20,1;20,1;20,9;20,6;20,4;20,2;20,2;20,1;20,1;20,4;20,4;20;19,8;20;20,2;20,1;19,9;20,2;19,6;20,1;20,5;20,4;19,9;20,1;20,1;20,5;20;20;19,8;20,2;20,1;20;20;19,9;20;20,1;19,9;19,5;19,9;19,9;19,6;19,9;20,1;20,2;19,9;19,5;19,8;19,9;19,8;20;19,8;19,8;19,8;19,6;19,9;19,9;20;19,6;19,9;19,8;19,6;19,8;19,8;20,1;19,8;19,5;19,9;19,9;20;19,5;19,8;20;19,2;20,1;19,8;19,8;19,6;19,8;19,9;20;19,8;19,9;20,2;20,1;20;19,9;19,9;19,8;19,8;19,8;19,9;20,2;20,5;20,2;20;20;19,8;19,9;20;19,8;19,5;19,9;20;20,1;19,6;19,6;19,8;19,6;20;20,4;19,4;20;20,2;19,8;20,1;20;20,1;20;20,1;20,2;19,8;19,6;19,9;19,6;20,1;20,1;19,9;20;20;19,6;20,1;19,5;20,5;19,6;20,1;19,4;19,9;20,1;19,9;19,6;20,1;20,2;20,5;20,4;20;20;20,1;20,2;20,1;20,8;20,5;20;20,2;20,2;20,6;20,4;20;20,1;19,9;20,4;20,1;19,9;20,2;19,6;19,9;20,2;20,1;19,6;20,1;19,9;20,1;19,6;19,9;19,6;20;19,8;20;20,4;20,4;20;20,5;20,4;20,7;20,7;20,6;21,1;21,1;22,2;26,1;26,7;26,8;27,6;27,6;27,5;28,1;29,5;30,7;31,1;31,1;31,2;31,3;31,7;31,8;32,1;32,5;32,5;32,2;32;32,2;32;32;32,1;32,1;32;31,8;32,2;31,8;31,6;31,6;31,7;31,7;31,5;31,6;31,8;31,8;31,7;31,5;31,6;31,4;31,2;31,1;31,1;31;31,2;30,7;30,6;30,6;30,7;30,5;30,6;30,6;30,9;30,4;30,6;30,3;30;30;30,2;30,3;30;30;29,5;29,7;29,9;30;30;29,4;29,3;29,4;29,2;28,9;29,4;29,1;29,2;29,4;29,3;29,5;29,4;29,9;29,3;29,1;29,5;29,9;29,3;29,4;29,3;29,7;29,4;29,2;29,7;29,5;29,5;29,7;29,7;29,5;29,3;29,1;29,4;29,4;29,7;30,2;29,9;29,7;29,5;29,4;29,7;29,7;29,7;29,7;29,9;30,1;29,5;29,7;29,7;29,9;29,7;30;29,5;29,5;29,7;30,2;29,7;30,1;29,3;30,3;29,9;29,4;29,5;29,5;30;29,1;30,2;30,4;30,4;30,1;30;30,4;30,1;29,9;29,9;30;30,1;30;30,2;29,9;30,2;30,1;29,5;30;30,3;30,2;30;30;30;29,7;30;29,9;29,9;29,9;30;30;30,3;30,3;30,1;29,9;30;30,1;30,2;30,3;30,3;30,3;30,3;29,3;29,5;30;30,4;29,9;29,3;29,7;29,9;29,1;30,2;29,9;30,1;30,3;29,9;30;29,7;29,7;30,7;30,8;29,4;30,1;30,6;29,4;30,4;30,3;30,6;30,6;30,6;30,3;30,6;30,5;30,6;30,9;30,9;30,6;30,8;30,8;30,6;30,7;30,9;31,1;31,2;31;31;30,9;30,5;30,6;31,2;31,4;31,1;31;31;31;30,9;31;31,3;31,3;31;31;31;31,3;31,1;30,8;30,6;30,5;30,9;31;30,9;30,8;30,4;30,2;29,7;30;30,1;30,3;30,4;31,1;30,3;30,7;30,6;30,3;29,7;29,2;28,7;28;27,3;27,9;27,1;27,4;26;24,4;22,3;20,9;19,8;20,4;20,4;20;20;20;19,8;20,1;19,4;20;19,8;20,2;20,1;19,5;19,3;20,2;19,6;20,4;19,6;19,9;19,8;20,2;20;19,8;19,6;20,1;19,8;20;20,1;20,6;19,8;19,9;19;19,9;19,8;19,6;19,6;19,8;19,8;20,4;19,6;19,8;20,2;20,6;20;18,9;19,3;19,9;19,9;19,9;19,9;20,1;19,2;19,8;19,9;20;20;19,8;19,6;20,2;19,8;19,5;19,4;19,9;19,8;19,8;19,8;19,8;20;19,6;19,2;19,8;20;19,9;19,6;19,4;19,8;19,5;19,4;20;20,1;19,6;19,5;19,9;19,9;19,6;19,5;19,5;19,8;19,6;19,6;19,6;19,5;19,5;19,5;19,8;20,2;19,4;19,6;19;19,6;19,9;19,9;19,5;19,6;19,4;19,3;19,5;19,3;19,5;19,5;19,4;18,9;19,5;20;19,6;19,6;19,3;19,5;19;18,6;19,8;19,5;19,2;19;18,8;19,3;19,4;19,8;20;19,4;19,2;19,4;19,5;19,5;19,5;19,6;19,3;18,9;19;19,3;19,5;19,6;19,2;19,6;19,3;19,8;19;19;19,8;19,2;19,4;19,2;19,3;19,3;19,4;19,5;19,4;19,2;19,3;19,5;19,2;19;19,2;19;19;19,3;19,2;19,5;19,3;19;18,7;19,2;19,2;18,7;19,3;19,2;19,320,5;20,5;20,8;19,9;20,2;20,2;20,7;20,5;20,2;20,7;20;20,2;20,5;20,2;20,1;20,2;20,4;20,2;20;19,9;20,4;20,6;20,5;20;20;20,1;19,9;20,5;20,1;20,1;19,9;19,6;20,4;20,2;20;19,4;20,2;20,6;20,8;20;20,2;20,4;20,5;20,5;19,9;19,8;20;20,1;20,6;20,8;20,6;20,5;20,4;20;19,9;20,2;20,4;20,1;19,5;20,5;19,6;20,4;19,9;19,8;20,1;20;19,9;20;20,2;20,1;20;20,2;20,1;20,1;20;19,9;20,1;19,8;20;19,8;20,4;19,6;20;20,1;19,8;20,1;20,2;20;20;20,2;20,1;20;20,1;19,9;19,6;19,8;19,9;20;20,1;20,2;20,2;20,2;19,6;19,3;19,9;20;20,1;19,9;20;20,2;20,1;20,4;20,4;20,1;20;20;20;19,9;20,1;19,8;19,9;20;19,9;20,2;20,2;19,9;19,9;20,1;20,5;19,9;19,9;20,4;19,6;19,8;20,1;20,1;20,2;19,8;20,2;20,4;19,4;20,1;19,5;20,4;20,1;20,4;20;20,1;20,1;20;20,4;20,6;20,2;20,4;19,9;20,1;20,7;20,6;20,1;20,1;20,4;20,6;20,4;20,1;20,4;20,1;20,1;20,1;20;20,2;19,6;19,8;20,4;20;19,9;20,1;19,8;20;19,5;20;19,8;19,8;19,8;20;20,5;20,7;20,2;20,4;20,7;20,7;20,8;20,5;20,7;21,4;22;26,4;26,6;26,7;27,6;27,7;27,5;28,6;30;30,6;31;31,3;31,2;31,3;31,7;31,7;32;32;32,2;32,1;31,6;31,6;31,7;31,7;32,1;31,7;31,7;31,8;31,6;31,7;31,8;31,5;31,7;32;32;31,8;31,4;31,3;31,5;31,5;31,4;31,4;31,2;31,3;30,9;30,9;30,8;30,7;30,7;30,3;30,6;30,3;30,3;30,1;30,4;30,9;30,3;30,3;29,5;30,4;30,4;30,3;30,2;29,4;29,5;30;29,7;29,7;29,5;29,5;30,3;29,2;29,3;29,2;29,4;29,5;28,9;29,2;29,3;29,5;29,2;28,9;29,1;29,3;29,4;29,4;29,3;29,3;29,1;29,3;29,3;29;29,5;29,3;29,2;29,3;29,7;29,4;29,3;29,4;29,4;29,5;29,5;29,9;30;29,7;29,7;30;29,9;29,9;29,5;29,4;29,4;29,2;29,7;29,9;29,5;30,2;29,5;30,1;29,2;29,5;29,7;30;30,2;29,7;29,5;30;29,9;29,9;29,5;29,3;29,5;29,7;29,7;29,7;30;29,9;30,1;29,4;30,2;29,7;29,9;30,2;30,2;29,7;30;30,1;29,9;30,2;30,1;30,4;30,3;29,9;29,9;30,3;30,5;30,4;30,1;29,7;29,9;30;29,7;30,1;30,2;30;30,1;30,1;30,3;30,1;30;29,7;29,9;30,1;30,3;30,2;29,7;30,1;30,3;29,9;29,7;30;30,3;29,7;30,1;30;29,9;29,9;30;30,1;29,7;29,5;30,6;29,9;29,5;30;30,5;30;30,5;30,3;30,1;30,3;30,4;30,5;30,6;30,4;30,8;30,6;30,7;30,9;31,1;30,9;30,8;30,7;30,9;30,9;31,1;31,4;31,4;31;31,1;31,2;31,2;31,2;30,9;30,8;31,1;31,4;31,2;31,2;31,4;31,5;31,4;31,6;31,4;31,3;31,1;30,8;30,6;30,7;31,1;31;31;30,7;30,1;30,2;30;29,9;30;30,5;30,5;30,5;30,4;30,8;30,4;30,6;29,5;29,1;28,8;28,1;27,3;27,4;27,2;27,2;26,2;24,5;22,2;20,4;20;20,1;20,4;19,8;20,1;20;20,1;20,5;19,4;20,1;20;20,2;19,9;19,5;19,4;19,9;19,9;19,9;19,6;19,9;19,8;20;19,6;20;19,9;19,9;19,8;19,3;20,1;20,1;19,8;19,5;19,5;20;19,5;19,8;19,6;20,2;19,6;19,6;19,6;19,9;19,9;20,2;19,8;19,5;20;20,5;19,9;19,6;19,8;20,1;20;19,4;19,5;19,6;19,6;19,3;20;20,4;19,6;19,8;19,4;19,6;19,5;20,1;20;19,5;20,1;20,1;19,8;20,1;20,2;19,8;19,5;19,5;19,8;19,4;19,4;19,9;19,5;19,5;19,9;20;20;20,1;20;19,9;20;19,9;19,8;20;19,6;19,3;19,3;19,8;20,4;19,6;19,4;19,6;20,1;20,1;19,9;19,6;19,8;19,4;19,5;19,9;19,6;20;19,5;19,2;20,1;20;20;19,9;19,9;19,8;19,8;19,4;19,5;20;20;19,9;20;20;19,6;19,8;19,9;19,8;19,5;19,9;19,8;19,4;19,9;19,9;20;20;18,9;19;19,3;19,9;20,1;19,2;19,5;18,9;19,6;19,6;19,4;19,6;19;19,2;19,6;19,3;19;19,5;19,8;19,3;19;19,3;19,2;19;19,2;19,2;19;19,2;19;18,7;19,3;19;19;18,9;19,2;18,9;19,2;18,8;18,9;18,720,7;21,1;20,8;20,4;20,6;20,8;20,7;20,7;20,7;20,8;20,2;20;20,6;20,5;20,4;20,4;20,5;20,5;20,1;19,9;20,2;20,7;20,7;20,2;20,1;20,6;20,4;20,8;20,4;20,6;20,1;20,5;20,2;20,5;20,6;20;20,2;20,6;20,9;20,2;19,9;19,9;20,1;20,2;20,5;20,5;20,2;20,2;20,2;20,2;20,6;20,4;20,1;20,4;20,1;20,1;20,2;19,9;20,1;20,1;19,4;20,4;19,9;19,8;20,4;20;20,6;20;20,2;20,5;20;20;19,9;19,8;19,8;19,8;20,2;19,9;19,9;20,1;20,4;19,6;20,1;20;19,9;20,1;20;20;20,1;20;20;20,1;20,1;20,1;19,8;19,6;19,9;19,8;20,1;20,2;20;20,2;20;19,6;19,9;19,6;19,9;19,6;19,8;19,6;19,9;20,1;20,1;20,1;19,8;19,9;20,1;20,2;20,2;19,8;19,8;20;19,5;19,6;19,9;20,2;19,6;19,6;20;19,8;19,9;19,5;19,9;20,1;19,5;20;19,9;19,6;20,1;19,9;20;19,6;20,4;20,2;19,9;20,1;20,4;19,9;19,8;20;20,5;20,5;20,6;20,2;20,5;20,4;20,2;20,5;20,1;20;20,5;20,4;20,4;20,1;20,2;20,4;19,9;20;20;20,5;19,9;20;20,2;19,8;19,8;20,1;20;20,1;19,8;20,1;19,8;19,5;19,3;20;20,1;20,6;20;20,2;20,5;20,4;20,7;20,9;20,8;21,5;23;26,5;26,6;26,6;27,3;27,7;27,6;28,8;29,9;30,4;30,9;31,3;31,2;31,4;32;31,7;31,6;31,8;32,4;32,4;31,7;31,7;31,7;32;32,1;32;31,5;31,7;31,7;31,6;31,7;31,7;31,5;31,6;31,8;31,8;31,6;31,4;31,4;31,1;31,2;31,3;31,2;31,2;30,9;30,8;30,9;30,9;30,9;30,6;30,3;30,3;30,1;30,7;30,1;29,9;29,9;30,1;30;29,5;30,3;29,9;30,3;30;30;29,2;29,4;30,3;29,2;29,4;29,9;29,2;29,5;29,2;29,9;29,4;30,1;29,2;29,9;29,7;29,2;29,2;29,2;29,2;29,9;29,5;29,5;29,2;29,4;29,4;29,4;29,7;29,9;29,5;29,2;29,2;29,7;30;29,4;29,3;29,3;29,3;29,7;29,5;29,7;29,7;29,5;29,4;29,5;30;29,9;30,1;30;29,7;29,5;29,4;29,5;29,4;29,3;29,2;29,7;29,5;29,7;29,4;29,4;29;29,2;30;29,9;29,9;29,5;29,9;29,1;29,7;29,4;29;29,9;29,7;30,1;30,2;29,3;29,7;29,7;29,9;30,1;29,5;29,5;30,2;30;30,3;30,2;30,1;30,2;30,1;30;30,1;30,1;29,7;29,5;29,2;29,4;29,9;30,3;30,5;30,2;29,7;30,3;30,3;30,1;29,7;30,1;30,2;30;30;29,9;29,4;29,5;29,5;29,7;29,1;29,2;29,1;29,4;29,9;30;29,5;30,2;30;29,2;29,7;29,5;30,3;29,9;30,4;30,5;30,4;30,1;30,2;29,9;30,1;30,2;30;30,4;30,2;30,4;30,6;30,8;30,6;30,6;30,5;30,6;30,9;30,6;30,5;30,5;30,8;31,1;31;31;30,9;31,2;31,1;30,9;31,3;31,4;31,3;31,1;31,1;31;30,7;31,1;31,5;31,4;31,5;31,2;30,7;30,7;30,8;30,8;30,8;31;30,7;30,6;30,5;30,2;30;30,2;30;30,3;30,5;30,4;30,3;30,6;30,5;30,2;30,8;30,1;29,7;28,7;28;27,5;27,1;26,8;26,8;26,1;24,6;22,6;20,7;19,9;19,9;20,1;20;19,6;20,1;20,1;20,5;19,3;20;19,9;20;19,6;19,8;19,6;19,3;19,5;19,6;19,9;20,4;20;20,5;19,5;20;19,6;19,9;19,8;19,5;19,6;20;20;20,1;19,6;20;20,1;20;19,8;20;19,9;19,5;19,9;19,9;20,5;19,4;19,3;19,4;20,2;20,4;20,1;20,6;19,6;19,9;19,6;19,9;19,9;19,8;19,3;19,3;19,8;20,2;20,2;20,5;19,9;19,8;20,1;20,4;20,1;19,6;20,1;20;19,8;19,5;19,8;20;19,6;19,8;20;19,8;19,6;19,8;19,8;19,9;19,6;19,4;19,6;20;19,8;19,8;19,9;19,8;19,9;20;20,1;19,6;19,4;19,3;20,2;19,9;19,5;20,1;20,1;19,9;20,4;19,9;19,5;19,8;19,6;19,6;19,6;19,9;20,1;19,3;20,2;19,8;19,8;19,4;19,8;19,8;19,3;19,6;19,4;19,5;20,1;20,1;20,4;20;19,6;19,9;19,6;19,5;19,9;19,9;19,6;19,6;19,4;19,5;19,8;19,9;19,6;19,4;19,5;19,4;19,5;19,8;19,4;19,8;19,6;19,4;19,6;19,9;19,9;19,4;19,8;19,3;19,3;19,5;19,5;19,2;19;19,2;19,2;19;19,3;19,4;19,2;19,2;19,2;18,8;18,6;19,2;18,9;19,2;19,3;18,8;19,4;19,2;18,9;19,320,6;20,8;20,9;20,4;20,6;20,4;20,7;20,6;20,6;20,7;20,5;20,5;20,4;20,5;20,6;20,5;20,5;20,5;20,4;20,1;20,2;20,6;20,7;20,4;20,1;20;20,2;20,6;20,4;20,4;19,9;20;20,5;20,2;20,2;20,1;19,6;20,1;20,4;20,5;20,1;20,2;20,6;20,5;20,2;20,1;20;20;20;20,1;20,2;20,4;20,2;20,1;20,4;20,1;20,2;20,4;20,2;19,9;20,1;20,4;20;20,1;20;20;20;20,1;19,5;20;19,6;20;19,8;19,6;19,9;19,9;20,2;20,1;20;19,6;20,5;19,9;20;20;19,9;19,8;19,9;19,6;19,9;19,6;19,8;20,1;19,9;19,9;20;20;19,9;19,9;20;20;19,9;19,9;20;20,1;19,9;19,8;19,8;19,5;19,9;20,2;20;19,6;19,5;19,5;19,5;19,9;19,8;19,5;20;19,6;19,5;20;20,1;20;19,9;19,9;19,8;20,2;19,8;20,4;19,6;20,7;20,1;19,6;19,5;20,2;19,6;19,3;20,1;20;19,8;19,5;20,1;19,8;19,8;19,9;20,4;20;19,8;20,1;20,2;20;20,4;20,2;20,5;20,6;20,4;20,4;19,9;20,1;20,6;20,6;20,5;20,1;20;20,2;20;20,1;20,2;20,6;19,9;20,1;20,1;20;19,6;20,1;20,4;20;19,9;20;19,9;19,8;19,5;20;19,8;20,4;19,9;20;20,1;20,4;20,9;20,9;20,8;21,1;23,4;26,4;26,8;26,6;27,2;27,5;27,7;28,9;30;30,5;30,9;31,2;31,4;31,6;31,7;31,6;31,7;31,6;32;32,4;31,8;32,2;32,2;31,6;31,6;31,8;31,8;31,5;31,6;31,7;31,6;31,6;31,4;31,4;31,8;31,8;31,4;31,5;31,6;31,5;30,9;31,1;31,6;31,3;31;30,7;31;30,7;30,6;30,7;30,5;30,4;30,4;30,2;30,7;30,3;30,1;30,6;30;29,7;29,9;30,1;30,5;29,9;30,1;29,5;29,5;29,9;29,2;29,3;29,3;29,7;29,9;29;29,9;29,3;29,5;29,3;29,5;30,1;29,5;29,7;29,9;29,5;29,5;29,4;29,4;29,4;29,4;29,9;29,9;29,5;29,7;29,7;29,9;29,3;29,3;29,7;30;29,9;29,5;29,4;29,9;30;30;29,5;29,3;29,5;30;30,2;29,7;29,4;29,4;30;29,9;29,7;29,2;29,9;30;29,5;29,9;29,7;29,9;29,5;29,4;29,2;29,3;30,2;30,4;29,4;29,2;30;29,7;30,2;30,1;30;29,3;30;30,1;30,3;30,1;30,1;29,9;30,1;30,1;29,7;29,9;29,9;29,9;30,1;29,9;30,1;30,1;30;30,1;30,3;30;30;30;30,1;30,3;30,4;30,2;30;29,9;30;30;29,4;29,5;29,7;29,5;29,9;30;30;29,5;30,1;30;29,7;30,1;30,1;29,3;29,7;29,9;29,3;30,2;29,9;29,7;30;29,2;30,1;29,9;30,2;30,5;30,3;30,4;30,2;30,1;30;30,4;30,4;30,4;30,3;30,7;30,6;30,2;30,3;30,7;30,7;30,6;30,6;30,7;30,6;30,6;30,9;31,1;30,9;30,7;30,5;30,8;31;31;31,2;30,9;30,7;30,9;31;31,2;31,1;31;31,2;31,4;31,3;31,3;31,3;31,2;30,8;30,8;31,2;31;30,9;31,4;31,1;30,8;30,8;30,4;30,5;30,3;29,7;30,2;30,5;30,4;30,6;30,6;30,6;30,3;30,5;30,1;29,3;28,5;28,4;27,5;27,5;27,2;26,8;26,1;24,6;22,7;21,1;20,4;19,8;20;20,2;19,8;20,1;19,8;20,1;19,5;19,6;19,5;19,6;19,6;19,9;19,9;19,4;19,3;19,6;19,6;20,4;19,6;20,2;19,5;19,5;19;20,2;19,8;19,6;19,4;20,4;20,2;20;19;19,6;19,6;20,4;19,8;20,4;19,4;19,4;19,8;19,8;19,3;19,6;19,8;18,6;19,8;19,9;19,3;20,4;19,6;19,9;20,1;19,8;19,6;20,1;19,9;19,6;19,5;19,9;19,9;19,6;19,9;19,9;19,8;20,2;20;19,8;20,1;20;19,8;19,3;19,4;19,2;19,5;19,9;19,8;19,8;19,9;19,9;19,4;19,3;19,3;19,4;19,5;19,8;19,8;19,6;19,8;19,8;19,8;19,8;19,9;19,6;19,4;19,4;20,4;19,9;19,9;20;19,8;19,5;20,2;19,9;19,5;20;19,6;19,5;19,8;19,4;20,1;19,5;19,6;20;19,8;19,4;19,8;19,5;20,5;19,8;19,9;19,9;20,1;20;19,8;19,9;19,6;19,5;19,5;19,3;19,6;19,9;19,5;19,5;19,5;19,5;19,9;19,5;19,8;19,9;19,5;19,8;19;19,4;19;20,5;19,8;19,5;19,6;19,6;19,6;19,6;19,5;19,2;19,6;19,6;19,4;19,5;19,3;19,3;19,3;19,2;19,4;19,3;19,2;19,4;19,2;19,6;18,7;18,9;19,2;19,5;19,6;19,2;19,5;19,2;19;18,920,7;20,5;20,5;20,4;20,5;20,2;20,5;20,8;20,6;20,5;20,2;20,4;20,5;20,2;20,6;20,4;20,4;20,4;20,4;20,5;20,5;20,5;20,4;20,4;20,1;19,9;20;20,5;20,4;20,5;20,1;20,2;20,4;19,9;20;20;20,1;19,8;20,6;20,6;19,9;20,5;20,7;20,2;20;20,2;20,1;20,2;20,4;20;19,6;19,6;19,8;19,9;20;20,1;20,1;19,6;19,6;20;19,4;20,7;19,3;20,5;19,9;20;19,8;20,4;19,6;19,8;19,8;19,6;19,8;19,9;20,4;20,1;20,1;20,1;20,1;19,5;20,1;19,9;20,1;19,8;20;19,8;19,9;19,6;19,9;19,9;20;19,9;19,8;19,8;19,9;19,8;19,8;20;19,8;19,8;19,9;19,4;19,3;19,3;19,5;19,6;19,9;20,4;20,4;20;19,9;20,2;19,8;19,4;19,6;19,8;20,1;19,6;19,6;19,8;20;20;19,9;20;20;19,8;19,8;19,8;19,9;19,9;19,9;20,1;20,1;20,1;20;19,9;19,9;20,4;20,7;19,9;20,2;19,6;19,9;19,8;20,2;20;20,4;20,4;20;19,5;20;19,9;20,1;20,5;20;20,1;20,4;20,5;19,8;20,1;20,4;20,2;20,5;20,1;20,2;20,1;20,1;20,2;20,2;20,6;19,8;20,4;19,6;20,1;20,4;20,5;20,1;19,9;19,9;19,5;19,8;20;19,5;19,8;19,8;20,6;20;20,1;20,4;20,7;20,4;20,4;20,6;21,2;23;26,3;27,2;26,6;27,1;27,4;27,6;28,7;30;30,8;31;31,1;31,1;31,4;32;31,7;31,6;31,7;32,2;31,8;31,5;31,5;31,6;31,5;31,5;31,4;31,7;31,7;31,3;31,6;31,5;31,3;31,5;31,8;31,8;31,6;31,7;31,6;31,8;31,5;31,5;31,7;31,5;31,3;31,3;31;31,2;30,8;30,7;30,5;30,7;30,3;30,2;30,6;30,1;30;30,3;30,1;30,3;30,1;29,3;30,3;30,3;29,4;29,7;29,7;29,4;29,5;30;29,4;30;29,9;29,4;28,9;29,2;29,7;29,2;28,8;29,3;29,4;29,1;29,1;29;29,2;29,4;29;29,2;29,2;29,4;29,5;29,1;29,2;29,9;29,4;29,2;29,4;29,5;29,2;29,4;30;29,7;29,7;29,3;29,3;29,3;29,7;29,9;29,5;29,5;30,1;29,3;29,4;30,1;30;29,4;29,4;29,3;29,7;29,4;30,1;30,1;29,5;29,7;29,5;29,5;29;30;30,1;29,3;29,5;29,4;29,5;29,9;30,2;29,5;29,9;29,9;30,2;30,1;30;30;30;29,5;29,7;30;29,5;29,7;29,5;29,5;29,9;30;29,9;30,1;30;29,9;29,9;29,4;29,7;29,9;29,9;30,1;30,1;30,1;30,2;29,9;29,2;29,4;29,9;29,9;29,3;29,9;30;29,4;30;29,9;29,9;30;30,2;30,1;29,3;30,1;30,2;30,3;29,4;29,3;29,4;29,2;30;30;29,3;29,5;30,1;29,9;30,4;29,3;29,9;30,3;30,3;30,5;29,7;30,7;30,5;31;30,8;30,8;30,5;30,8;30,6;30,8;30,2;30,4;31;30,8;30,9;31,2;31,3;30,9;31;31;31;30,9;30,9;31;31,1;30,8;30,6;30,8;30,9;30,9;30,7;30,6;31,1;31,3;30,9;31;31;30,7;30,8;30,8;31;31,4;30,9;30,8;30,7;30,3;30,3;30;29,9;30,5;30,6;30,5;30,6;30,3;30,4;30,6;30,3;29,9;29,4;28,5;28,2;27,1;27,8;27,2;26,8;26,3;24;22,2;21,2;20,4;19,8;19,9;19,9;19,9;19,6;20;20,5;20;19,5;19,8;19,5;19,9;19,8;20;20;19,6;19,9;19,6;20,2;19,8;20,1;19,5;19,8;19,3;19,9;19,6;20,1;19,6;20,5;19,9;19,6;19,6;19,4;19,4;20,1;19,3;19,9;19,9;19,9;19,8;19,5;20,1;19,6;19,6;19,9;19,5;20,1;20;19,8;19,9;19,9;19,8;19,6;20;19,8;19,2;19,4;19,4;19,9;19,6;19,8;19,6;19,9;20,2;19,8;20,1;20;19,9;19,8;19,8;19,9;20,1;19,4;19,4;19,8;19,8;19,8;19,6;19,9;19,5;19,6;19,8;19,8;19,6;19,5;19,8;19,8;19,9;19,8;19,6;19,9;19,9;19,6;19,8;19,3;20,1;20;20;19,5;20;19,6;19,6;19,8;19,8;19,9;20;19,8;19,8;19,2;20;19,4;19,6;20,2;20,2;19,8;19,9;19,6;19,5;19,2;19,8;19,6;19,8;19,5;19,3;19,3;19,9;20,1;20;19,9;19,6;19,4;19,6;19,8;19,5;19,4;19,6;19,6;19,3;18,7;18,7;19;19,2;18,9;19,2;20,2;20,1;19,6;19,3;19,4;19,2;19,8;19,3;19,3;19,6;19,5;19,3;19,3;19,3;19,5;19,4;19,2;19,3;19,3;19,2;19,4;19,2;19,8;18,6;18,8;19;19;19;19,2;19,6;18,9;18,8;18,620,2;20,7;20,4;20,4;20,4;20,5;20,4;20,6;20,9;20,5;20,6;20,1;20,5;20,2;20,4;20,4;20,4;20,1;20,2;20,6;20,7;20,6;20,4;20,4;20,2;20,5;20,5;20,4;20,4;20,5;20,5;20,4;20,5;19,5;19,9;20,1;20,4;20,7;20;20,2;20,2;20,2;20,2;20,4;20,4;19,9;19,9;20,5;20,4;20,1;20,4;20,2;20;20;20,2;19,8;19,8;19,9;19,8;20;20,1;20,5;20,2;20,2;19,6;20,2;19,8;20,2;19,8;20,1;20;19,8;19,9;20;20,4;20,5;20,1;20,1;20,2;19,8;20;19,8;19,6;20;19,5;19,8;19,6;19,9;19,9;20;20;19,9;20;19,8;19,8;20;19,9;19,8;19,9;19,9;19,8;20;20;20,1;20,5;20,4;19,9;19,9;20;20;19,8;19,9;19,6;19,6;19,8;19,6;19,5;19,8;19,6;19,8;19,6;19,8;19,9;20,2;19,9;19,9;19,8;20;20,1;19,5;19,6;19,5;20;19,9;19,9;20,2;20,5;19,8;19,6;19,8;20,2;19,8;20,1;19,6;19,9;20,2;20,1;20,4;20,6;20,2;19,9;20,2;20,1;20,1;20,1;20,4;20,1;20,5;20;20,1;20,2;20,1;20,5;20,1;20,4;20,1;20,1;20,5;20,2;20,5;19,6;20,5;19,3;20,5;20,5;20,6;19,9;20,2;19,6;19,6;19,9;19,9;19,5;20;20,1;20,4;19,9;20,2;20,5;20,5;20,5;20;20,8;20,9;22,8;26,1;27,2;27,3;27,2;27,4;27,7;28,7;30,1;30,8;30,9;31,4;31,3;31,2;32,1;31,7;31,8;32,1;32,2;32,4;31,8;31,5;31,6;31,7;31,6;31,8;31,4;31,2;31,7;31,6;31,3;31,6;31,7;31,6;31,5;31,5;31,5;31,6;31,6;31,3;31,1;31;31,1;30,9;30,7;30,7;30,8;30,8;30,8;30,4;30,6;30,6;30,5;30,5;30,5;30,5;30,2;30,2;29,9;29,9;30,2;30,3;29,7;29,7;29,9;30;29,7;29,5;29,7;29,5;29,2;29,3;29,5;29,5;29,4;29,2;29,3;29,3;29,4;29,7;29,3;29,5;29,7;29,3;29,3;29,7;29,2;29,3;29,3;29,4;29,7;29,5;29,7;30,1;30,5;30,3;29,5;29,7;29,9;29,7;29,7;29,4;29,5;29,9;30;29,9;30;29,9;29,4;30;29,4;29,3;29,5;30;29,5;30;29,7;30;29,7;30,3;30;30;29,7;30;29,3;30;29,7;30,2;29,4;29,9;29,9;29,7;29,7;30;29,4;30;29,9;29,5;30;30,1;30,3;29,9;30,1;30,1;29,9;29,3;30,2;30,1;30;30,1;30,1;30,1;29,9;30;30,2;30,1;30;29,5;29,9;30;29,7;30,1;30,3;30,1;29,9;29,9;29,7;30,2;30,3;30;29,9;29,9;29,7;29,9;30,3;29,7;30,2;29,7;30,1;29,9;29,9;29,9;30,6;29,7;30,4;29,3;30,1;30,4;30,3;30,2;30,1;30,4;30,2;30,6;30;30;30,9;31,1;30,5;30,6;30,5;30,5;30,4;30,5;30,7;30,7;31;30,6;30,8;31,2;30,8;31,3;31,3;30,9;31,1;30,9;30,9;31,1;31,1;31,1;31,2;31,5;31,3;31,1;31,1;30,9;30,8;31,1;31,2;31,3;31,1;31,1;31,4;31,6;31,3;31,2;30,9;30,7;30,7;31,1;31,1;30,8;30,7;30,7;30,4;30,3;30,2;30,2;30,3;30,5;30,7;30,9;30,4;30,3;30,8;30,3;30,3;29,4;28,7;27,7;26,8;27,5;27,1;27,2;26,5;23,9;22,1;20,9;20;20,1;19,8;19,6;19,9;20;20;20,2;19,6;19,6;19,8;19,6;20;19,5;20;20,1;19,5;20,1;19,8;20,2;19,9;19,6;19,3;19,9;19,5;20,2;19,4;20,4;19,6;20;19,8;19,9;20,1;19,4;20,1;19,6;19,8;20,6;19,2;19,6;20;18,7;20,2;19,5;19,5;19,5;19,4;19,3;20;19,6;19,6;20;19,9;19,2;19,6;19,8;19,6;19,5;19,3;19,9;19,5;19,6;20;19,5;19,9;19,9;19,9;19,3;19;19,6;19,9;19,8;19,8;19,5;19,4;20,1;20,2;19,6;19,6;19,8;19,4;19,6;20;19,9;19,9;19,6;19,5;19,5;19,8;19,8;19,5;19,5;19,8;19,5;20;19,4;20;19,9;19,8;19,8;19,9;19,8;19,6;20;19,5;19,9;20;20,1;19,4;19,8;19,9;19,5;19,6;19,8;20,2;19,8;19,6;19,8;19,8;19,4;19,5;19,4;19,8;19,4;19,4;19,8;19,9;19,9;19,6;19,8;19,6;19,4;19,8;20;19,5;19,4;19,8;19,4;19,5;18,8;18,8;19,5;19,3;18,8;19,3;19,4;20;19,6;19,5;19,6;19,2;18,9;19,2;19,3;19,6;19,5;19;19,2;19,3;19,3;19,3;19,2;19,2;19,2;19,2;19,5;19,5;19,2;18,8;18,9;18,8;19;19,3;18,6;18,9;18,7;19;18,920,2;20,4;20,4;20,2;20,4;20,6;20,4;20,2;20,6;20,5;20,5;20,7;20,4;20,5;20,2;20,5;20,5;20,5;20,4;20,2;20,6;20,7;20,4;20,2;19,9;20,2;20,7;20,1;20,2;20,6;20;20,4;20,1;20;20,1;20,1;20,4;20,2;20,4;20,1;19,9;20,8;20,9;20;19,6;19,9;19,8;20,1;20,6;20,1;20,1;20,4;20;20;20,1;20;19,6;19,6;20,2;20,2;20,1;20;20,4;20,4;20;19,6;19,6;20,6;19,8;20,4;20,2;20,1;20;20,4;20;20,1;20,1;20,2;20,1;19,6;20,5;20,1;19,8;20,2;19,3;19,8;19,9;20,2;20,1;19,9;19,8;20;20;20;20;20;20;19,9;19,8;20;20,4;20,2;20,4;20,2;20,1;20,1;20;20;19,9;19,6;20;20,4;20;19,6;19,6;19,6;19,3;19,4;20;20,4;20;20,1;19,9;19,5;19,5;19,6;19,9;19,8;19,8;19,5;19,6;20,1;20,4;20,6;20,1;20,1;20,4;19,9;20,1;19,6;20;19,9;19,6;19,9;20,4;20,2;20,4;20,8;20,1;20,1;20,1;20,5;19,9;19,9;20,2;20,5;20,4;20,4;20;20,2;20,6;20,4;20,4;20,1;20,1;19,6;19,9;20,5;20,4;20,2;19,6;20,2;19,6;20,6;20,1;20,2;19,9;20,4;19,6;20,1;19,9;19,9;19,9;20;20,1;20,2;19,8;20,1;20,1;20,5;20,2;20,2;20,5;20,7;22,8;25,8;27,1;27,2;27,4;27,1;27,6;28,6;29,4;30,6;30,8;30,9;31,2;31,5;32;31,5;31,3;31,7;32,2;32;31,6;31,3;31;31,2;31,4;31,4;31,1;31,4;31,7;31,4;31,4;31,4;31,4;31,7;31,7;31,3;31,6;31,8;31,7;31,1;31;31,3;31,5;31,1;30,9;30,8;30,8;31;30,5;30,3;30,4;30,3;29,9;30,4;30,2;30,3;30,3;30,1;29,9;29,4;29,7;30;30,2;29,9;29,5;29,9;29,4;29,1;29,4;28,9;29,4;29,2;30;29;29,4;29,1;29,1;28,9;28,7;28,8;29,1;29,3;29,2;29,4;29;29;29,3;29,1;29,5;29,4;29,3;29,3;29,5;29,7;29,5;29,3;29,2;28,8;29,2;29,7;29,4;29,1;29,5;29,7;29,2;29,4;29,5;29,3;29,2;29,2;29,7;29,9;30;29,3;29,5;29,5;29;29,2;29,4;30;29,4;29,2;29,3;29,5;29,4;29,5;29,5;30;30,2;29,9;29,4;30,2;29,5;29,7;30,1;30,1;29,9;30,1;30,1;30,3;29,9;29,9;30,1;29,9;29,7;29,2;29,5;30,1;30;29,5;29,4;30;29,9;29,5;29,7;29,9;29,9;30,1;30,2;29,9;29,5;30,2;30,1;30;30,2;29,5;29,4;29,5;29,4;29,4;29,7;29,7;29,9;29,9;29,5;29,4;29,7;29,9;29,3;29,4;29,5;29,1;30,3;29,3;30,3;29,7;30,6;29,4;30,3;30,2;30,4;30,1;30,3;30,1;30,6;30;30,3;30,2;30,6;30;30,5;30,5;30,2;30,4;30,6;30,2;30,4;30,5;30,7;30,6;30,5;30,7;30,6;30,9;31;30,8;30,8;30,7;31;30,9;31,1;31,1;31,1;31,1;30,8;30,8;31,1;31,1;31;31,2;31;31,2;31,2;30,9;30,9;31;30,8;30,8;30,7;30,6;30,9;31;30,7;30,7;30,5;30,4;30,2;30,2;30,2;30,6;30,9;30,8;30,4;30,4;30,7;30,2;30,1;29,7;28,9;27,7;27,4;27,4;26,8;26,8;26,4;24;22,3;20,7;20,1;20,2;20;19,5;19,9;20,4;19,3;19,9;19,6;19,8;19,4;19,9;19,6;19,8;20;19,6;19,6;19,8;19,9;20,1;19,9;19,5;19,5;20,1;19,6;20,4;20;19,9;19,6;19,8;19,4;20;19,8;19,6;19,4;20,7;19,8;20;19,4;20,1;19,9;19,5;19,6;20,6;19,8;19,5;19,9;20,4;20,2;20,2;19,5;19,8;19,8;20;19,9;20;20;20;20;20,2;19,8;19,8;20;20;20;19,9;19,8;20,4;20,2;19,5;19,6;19,5;19,3;19,5;19,8;19,3;19;19,6;19,9;19,5;19,4;19,4;19,8;19,8;19,8;19,9;19,6;19,6;19,5;19,3;19,8;19,8;20;19,3;19,8;19,8;20,5;19,5;19,9;19,9;19,6;19,6;19,6;20,1;19,5;20;19,8;20,2;19,5;19,6;19,3;19,6;19,4;19,6;20;19,2;19,6;19,2;19,3;19;19,4;19,4;20;19,9;20;19,8;19,5;19,5;19,8;19,9;19,9;19,8;19,5;19,8;19,8;19,3;19,5;19,9;19,4;19,5;19,2;20,1;19,4;19,5;19,3;19,6;19,5;19,4;19,5;19,6;19,4;19,2;19,2;19,6;19,6;19,5;19,2;19,4;19,3;19;19,3;19,4;19,5;19,5;19,3;19,3;19,3;19,4;19,4;19,3;19,2;19;19,6;18,7;19;18,8;19,2;19,220,8;20,5;20,5;20,2;20,9;20,5;20,4;20,4;20,6;20,2;20,2;20,7;20,2;20,5;20,2;20,6;20,5;20,8;20,5;20,2;20,5;20,7;20,5;20,2;20,1;20,4;20,7;20,4;20,5;20,6;20,4;19,9;20,5;20,5;20,2;19,8;20,4;20,5;20,5;20,4;20,4;20,6;20,6;20,6;20,6;20,2;20;20;20,1;20,4;20,7;20,6;20,4;20,4;20,5;20,4;20,2;20,2;20,2;20,2;20;20;20,2;20;20,2;19,8;19,8;20,4;20,1;20,4;20,2;20,4;20,2;20,1;20;19,6;20,4;20;20,4;19,4;20,2;19,9;20,1;20;19,9;19,6;20;20,2;20;19,8;19,8;20,1;20,1;19,9;19,9;20;20;20,1;20;19,9;19,9;19,6;19,5;19,5;19,8;19,8;19,8;19,6;19,8;19,6;19,5;19,4;19,6;20;20,2;20;19,8;19,5;19,3;19,6;19,8;19,6;19,4;19,8;20,1;20;19,5;19,8;20,2;19,6;20;19,6;19,6;19,6;19,5;20;20,2;20,4;19,6;19,8;20,2;19,6;19,8;19,5;20,4;19,6;19,9;20;20;19,9;19,9;20,4;20,1;20,1;20;20,7;20,2;20,6;19,8;20;20,5;20,4;19,9;20,2;20,2;19,9;20,1;20,4;20;20;20,1;20,4;20,1;20,2;19,8;20;20,2;20,1;20,2;20,1;19,6;19,8;19,8;20;19,6;20,2;20,1;20;20,1;20,4;20,1;20,4;20,4;20,7;22,9;26,2;27,3;27,2;27,7;27,4;27,7;28,5;29,5;30,8;31,1;31,2;31,1;31,3;31,4;31,4;31,7;32,2;32,2;31,8;31,6;32;32,2;32,1;31,6;31,3;31,5;31,5;31,6;31,7;31,6;31,4;31,5;31,6;31,4;31,3;31,3;31,3;31,1;31,2;31,3;31,5;31,3;30,8;30,9;31;30,9;30,9;30,9;30,6;30,4;30,3;30,6;30,3;30,4;30,4;30,3;30,7;30,7;30,8;30;29,7;30,2;30;29,7;30;29,9;29,9;29,7;29,7;30;30,2;29,4;28,9;28,9;29,4;29,5;29,5;29,9;30;29,2;29,3;29,2;29,2;29,3;29,5;29,9;29,5;29,5;29,5;29,4;29,3;29,3;29,4;29,7;29,4;29,1;29,1;29,3;29,5;29,5;29,7;29,7;29,9;29,7;29,4;29,3;29,7;29,9;29,4;29,7;29,9;29,4;29,9;30;29,4;29,7;30,1;29,7;29,5;29,7;30,2;29,4;30,1;30;29,9;29,7;29,5;29,9;29,9;29,9;29,9;29,5;29,4;29,9;29,9;30;30,3;30,5;30,1;30,1;30;29,5;30;30,3;30,1;29,4;29,9;29,7;30;30,2;30,3;30,3;30,3;30,4;30,1;30;30;29,9;29,7;30;30,2;30,4;30,3;30,1;30;29,9;30;30,1;30,1;29,9;30;30,3;29,9;29,2;30,1;30,6;30,2;30,3;29,5;30,1;30,4;29,5;30,2;30,2;29,5;29,9;29,7;30;30,2;30,7;29,7;30,2;30,8;30;30,6;30;30,4;30,4;30,5;30,5;30,3;30,8;30,6;31;30,5;30,7;30,5;30,9;31;31,1;31,1;31,2;30,9;30,9;30,8;30,7;31,1;31,3;31;31,1;31,1;31,3;31,7;31,4;30,9;31,2;31;30,8;31,3;31,2;31,2;31,5;31,1;30,9;31;30,9;31,2;30,9;30,7;31,2;31,4;31;31,1;30,7;30,5;30,3;30,4;30,5;30,7;31;30,5;30,5;30,4;30,4;30,5;30;29,9;28,7;28;27,5;27,6;27,1;26,8;26,2;24,3;22,2;20,6;20,5;20,1;19,8;19,9;19,8;20,2;19,2;19,8;19,6;19,6;19,9;19,9;19,6;19,4;19,8;19,5;20,1;19,8;19,9;20;19,9;20;19,8;19,6;19,5;20;19,6;19,4;19,3;20,1;19,5;19,8;19,6;19,5;19,6;19,9;19,8;19,4;19;19,9;19,4;19,6;19,9;19,9;19,9;19,8;19,4;19,9;20,5;20,2;19;19,5;19,6;19,3;19,2;19,6;19,6;20;19,8;19,9;20;19,8;19,5;19,5;20;19,4;19,4;19,5;19,9;19,6;19;19,2;19,5;19,5;19,6;19,6;19,4;19,8;19,8;19,6;19,4;19,3;19,6;19,6;19,8;19,9;19,8;19,6;19,6;19,6;19,6;19,8;20,1;19,3;19,6;19,6;20,4;19,6;19,9;19,8;19,6;19,6;19,8;20;19,6;20,1;19,9;19,8;19,8;20;19,8;19,2;19,4;19,9;19,8;19,4;20,1;19,8;20;20;19,9;19,3;19,8;19,9;19,6;19,5;19,8;20,1;20,1;19,6;19,6;20,2;20,1;20;19,5;19,6;19,6;20,1;19,5;20,4;19,5;19,8;19,6;19,5;19,5;19,8;19,6;19,4;19,4;19,4;19,3;19,5;19,4;19,5;19,4;19,5;19,5;19,5;19,3;19,5;19,9;19,6;19,3;19,3;19;19;19,3;19,8;18,7;18,8;19,2;19,4;19,4;18,8;18,8;18,6;18,7;18,721,2;20,9;20,9;20,7;20,8;20,2;20,8;20,5;21,1;20,5;20,6;20,5;20,2;20,7;20,4;20,7;20,4;20,6;20,6;20,4;20,5;20,6;20,7;20,6;20,4;20,5;20,7;20,6;20,1;20,5;20,8;20,1;20,7;20,6;20,2;19,9;20,6;20,1;20,7;20,4;20;20,2;20,1;20,1;20,6;20,4;20,1;20,2;20,4;20,1;20,1;20,2;20,2;20,2;20,4;20,2;20,1;20,2;20,2;20,1;20;20;19,8;19,8;20,2;19,5;20,2;20,4;20,1;20,4;20,4;19,9;20,1;19,9;19,6;20;20,1;19,9;20,1;19,9;20,1;20,2;20,1;19,9;19,8;19,4;19,9;19,8;19,5;19,8;20;20,5;20;19,9;19,8;19,9;20,1;20,4;20,1;20;20;20,4;20,1;20;19,9;19,9;19,9;20,1;20;20;19,9;19,9;19,9;20;20,2;20,4;19,9;20,2;20,2;20,2;20,4;20;19,8;20,2;20,4;20;20,2;20,2;19,9;19,6;20,4;20,1;19,8;19,9;19,9;20,5;20,2;20;20,2;19,8;19,6;19,8;19,9;20,2;19,9;19,5;20;20,4;20,2;20,7;20,2;19,9;20,2;20,2;20,4;20,5;20,4;20,4;20,1;20,4;20,7;20,6;20;19,6;20,7;20,4;20,6;20,2;20,1;20,2;20,1;20,6;20;20,2;19,9;19,9;20,2;20;20,1;20;19,8;20;19,8;20;19,6;20,1;20,1;20,2;19,6;20,4;20,2;20,4;20,4;20,9;22,9;26,4;27,2;26,8;27,4;27,3;27,8;28,8;29,5;30,8;30,8;31,1;31,2;31,6;32;32;31,8;31,8;31,8;32,1;31,8;31,8;31,8;31,6;31,5;31,4;31,2;31,2;31,4;31,6;31,8;31,5;31,6;31,7;31,7;31,4;31,1;31,4;31,4;31,1;31;31;31;31;31,1;31;31,1;30,4;30,5;30,8;30,6;29,7;30,7;30,6;30,2;30,3;30,1;29,7;29,5;29,7;30,1;29,5;29,9;30;30,1;30;29;29,4;29,3;29,4;29,5;29,3;29,4;29;29,4;30;30;29,4;29,2;29,2;29,4;30;29,5;29,3;29,3;29,2;29,1;29,1;29,7;29,9;29,5;29,5;29,3;29,4;29,5;29,4;29,2;29,3;29,7;30;29,5;29,4;29,9;29,9;29,5;29,5;29,7;30;30;29,7;29,5;30;29,7;29,7;30;29,9;29,2;29,7;29,4;30,1;30;29,3;29,5;30;30;29,4;30;29,9;29,9;29,9;29,7;29,7;29,5;29,9;29,7;30,3;29,5;30,3;29,7;29,5;29,9;30;29,7;30,1;30,1;30;30;29,7;30,1;30,2;30,3;30,2;30;30,1;30,2;29,7;29,9;30,1;29,9;30;29,9;30;29,9;29,9;30,2;30;30;30,1;29,9;29,9;30,1;29,9;29,7;29,5;29,9;29,9;29,7;29,1;29,7;30,3;29,3;30,3;30,4;29,7;29,7;29,9;30,3;29,5;30;30,3;30,1;29,9;30;30,6;30,1;30,2;30,3;30,6;30,6;30,2;30,3;30,3;31;30,6;29,9;30,1;30,8;30,7;31;30,5;30,8;30,6;30,8;30,9;31,1;30,9;30,8;31;31,2;30,8;31;31;30,8;30,7;30,9;31;31,1;31,6;31,6;31,3;31,3;31,2;31,3;31,5;31,4;31,4;31;30,9;30,8;31;31,2;30,9;30,7;31,1;30,5;30,5;30,6;30,5;30,7;30,4;30,5;30,7;30,9;30,5;30,7;30,7;30,2;29,4;28,6;28,2;27,6;27,8;27,6;26,8;26,3;24;22;20,7;20,6;20,2;20;20,1;20,1;20,2;19,6;19,9;19,6;19,6;20,1;19,5;19,6;19,5;19,8;20;20,2;20,2;19,8;20,1;20;20,1;19,9;19,8;19,3;19,9;19,6;19,8;19,9;20;19,8;19,5;19,5;19,5;19,9;20;19,3;20,5;19,5;19,8;19,6;19,9;19,9;20,1;19,8;19,6;19,6;20;20,2;19,5;19,5;20;20;20;19,6;20,1;19,9;19,6;19,6;19,6;19,8;19,6;19,9;19,6;19,5;19,9;20;20,2;20,1;19,8;20;20,1;19,9;19,6;19,6;19,8;19,6;19,8;19,9;20;19,8;19,5;19,9;19,9;20;19,9;19,8;19,4;19,8;20,1;19,8;19,6;19,8;19,4;19,2;19,5;19,5;19,8;20,1;19,9;19,4;19,8;19,9;19,6;19,8;19,6;19,8;19,9;19,8;20,1;19,5;18,9;19,6;19,6;19,4;19,4;19,9;19,9;19,3;18,9;19,4;19,9;20,4;19,6;19,8;19,9;19,5;19,4;19,3;19,4;19,6;19,3;19,5;19,6;19,4;19,5;19,8;19,8;19,4;19,4;19,5;19,3;19,6;19,3;19,9;19,3;19,6;19,9;19,2;19,2;19,2;19,2;19,6;19,3;19,4;19,5;19,6;19,5;19,2;19,4;19,8;19,4;19,3;19,3;18,9;19,2;19,5;19,2;18,9;19;19;19,2;19,4;18,8;19,2;18,6;18,7;19,320,2;20,2;20,4;20,4;20,1;20,4;20,8;20,2;20,9;20,9;20,5;20,6;20,8;20,4;20,4;20,5;20,5;20,6;20,4;20,2;20,4;20,7;20,8;20,5;20,4;20,6;20,8;20,8;20,1;20,6;20,8;20,7;20,8;20,5;20,4;19,9;20,5;20,4;20,5;20,4;20,4;20,2;20,5;19,9;20,6;20,6;20,4;20,6;20,6;20,4;20,6;20,9;20,6;20,4;20,5;20,1;20,1;20,2;20,2;20,2;20,1;20;20,5;20,5;20,4;20;20,2;20,4;20,1;20;20,7;20,4;20,4;20,2;20,1;20,4;20,2;19,8;20,5;20,4;20,4;20,5;20,2;20,1;20;19,6;20,1;19,8;19,9;19,6;19,9;20,1;20;20,2;20,1;19,9;20,1;20,5;20,6;20,1;19,9;20;20,2;20,4;20,2;20;19,9;20,2;20;19,9;20,2;20,5;20,2;19,9;20;19,9;20;20,1;20,1;20,4;20,1;20;20;20,4;19,6;20;20,1;20,2;19,9;20;19,6;19,4;20;19,9;20,1;20,1;20,1;19,9;20,2;20,1;20,2;20,2;20,2;20,4;20,1;19,6;20,2;20,4;20,2;20,7;20,5;20,1;20,6;20,1;20,5;20,4;20,6;20,5;20,4;20,4;20,7;20,4;20,4;19,8;20,4;20,2;20,2;20;20,1;20,2;19,9;20,5;20,4;20,4;20,1;19,9;20;19,8;19,4;19,9;20;20,2;19,8;20;20,1;20;20;20;19,5;20,1;19,9;20;20;20,9;23;26,5;26,6;26,6;27,2;27,5;27,6;28,7;30;30,8;30,7;30,9;31,2;31,6;32,1;31,6;31,5;31,7;31,6;31,4;31,6;31,7;31,3;31,6;31,6;31,2;31,2;31,2;31,2;31,5;31,7;31,4;31,2;31,3;31,5;31,3;30,7;31,1;31,4;31;31,1;31,3;31;30,6;30,9;30,9;31,2;30,5;30,2;30,2;30,7;30,2;30,8;30,1;30,1;30,2;30,2;30,3;29,9;29,9;30,1;30,1;30,1;29,5;29,9;30;29,7;29,7;29,5;28,9;29,5;28,9;29,4;29,1;28,7;29,9;29;29,2;29,7;29,3;29,3;29,3;29;29,1;29,5;29,2;29,2;29,3;29,7;29,1;28,7;29,2;29,4;29,1;29,2;29,4;29,5;29,4;29,5;29,4;29,2;29,4;29,9;29,5;29,7;30;29,7;29,4;29,7;30,1;29,7;29,4;29;29,5;29,7;29,5;29,2;30,3;30,1;29,3;29,4;29,1;29,3;29,7;29,4;29,3;29,7;29,7;29,5;29,3;30;29,9;30,1;29,9;30,4;29,9;29,3;29,7;29,7;30,2;30,1;30;29,7;30,3;30;29,4;29,5;30,1;30,1;29,7;29,9;30,1;30,1;30;29,5;29,5;29,7;30;30;30,2;30,1;29,9;29,7;30,1;30;29,5;29,7;29,5;30,1;30;30,1;29,9;29,3;29,2;29,7;30;30,3;30;30,1;29,7;30;29,9;31;29,2;29,7;29,4;29,9;30,1;30,4;29,3;30;30,4;30,1;30;29,7;29,9;29,9;30,3;30,4;30,6;30,3;30,2;30,6;30,5;30,5;30,3;30,8;30,7;30,9;30,8;30,9;30,8;31,2;31;30,6;30,8;30,7;30,9;31,1;31,1;31;30,9;30,7;30,8;30,8;30,9;31;31;30,9;30,8;31,1;31,4;31,4;31,2;31,1;30,9;30,7;30,6;30,7;30,9;30,9;30,7;30,8;30,9;30,4;30,6;30,7;30,5;30,6;30,3;30,5;30,8;30,6;30,5;30,5;30,5;30,2;29,4;28,6;27,9;27,8;27,6;27,5;27,2;26,1;23,9;22;20,7;20;20,4;20,1;20;20;19,9;20;20,1;19,9;20;19,9;19,5;19,5;19,6;19,4;19,8;19,9;19,9;19,8;20;19,5;20,1;19,4;19,9;19,4;19,5;19,8;19,5;20,1;20;19,4;20,2;19,5;19,4;19,2;19,8;19,6;19,6;19,6;20,1;19,3;20,1;20,4;20,2;20,1;19,2;19,6;20,1;20,2;19,6;19,5;19,5;19,5;20,1;20,2;19,9;19,6;19,4;19,5;19,9;19,9;19,6;19,8;20,2;19,6;19,6;19,4;19,6;19,9;19,9;19,9;19,8;19,8;20,1;20,1;19,8;19,9;19,8;19,8;20;19,9;19,8;19,9;19,9;20;20;19,6;19,6;20;20,1;19,6;19,4;19,5;19,8;19;19,6;19,8;19,6;20,6;20,1;19,4;19,8;20;19,8;19,8;19,6;19,6;20;20,2;19,8;20;19,2;19,6;19,9;19,9;19,8;19,6;19,5;19,8;19,4;19,9;19,9;20,1;19,9;19,5;19,8;20;19,9;19,8;20;20;19,6;19,3;19,6;20;19,6;19,9;19,5;19,3;19,3;19,3;19,6;20;19,5;20,1;19,3;20;19,4;19,5;19,3;19,3;19;19,6;20;19,5;19,3;19,5;19,5;19,2;19,3;19,3;18,9;19,5;19,4;19;19,6;19,6;18,8;18,8;19,2;19,3;19;19,2;18,6;18,8;18,8;18,4;18,820,8;20,7;20,5;20,2;20,6;21,1;20,9;20,5;20,5;21,1;20,9;21,1;20,5;20,5;20,7;20,7;20,5;20,6;20,5;20,6;20,7;20,9;20,8;20,5;20,4;20,7;20,7;20,5;20,4;20,5;20,5;20,5;20,9;20,2;20,5;20,1;20,4;20,2;20,2;20,6;20,5;20,6;20,7;20,2;20,4;20,2;20,1;20,9;20,7;20,5;20,5;20,7;20,5;20,5;20,5;20,1;20,5;20;20;20,1;20,1;20,2;20,6;20,6;20,6;20,1;20,4;20,4;20;20;20,7;20,6;20,2;20;20,5;20,2;20,5;20;20,6;20,4;20;19,9;20,2;20,2;20,6;19,8;20,1;20;20,4;20,1;19,9;20,1;20,1;20,2;20,5;20,4;20,1;20,4;20,5;20,1;20,1;20,2;20,2;20,1;20,1;20;20;19,8;19,8;20;19,5;19,5;20,4;19,9;19,6;20;19,6;19,4;19,8;19,5;19,4;19,3;19,8;19,9;20,1;20;19,6;20,1;19,9;20;20,4;20,4;20,4;20,2;19,8;19,8;19,3;19,5;20,2;19,6;20;19,9;19,8;20,1;20,5;20,2;20,5;20;20,2;20,1;20,5;20,6;20,5;20,1;20,2;20,7;20,6;20,5;20,5;20,2;20,6;19,9;20,4;19,8;20,1;20,4;20,2;20,4;20;20,1;19,9;20,6;20,5;20;19,8;19,6;20,2;20,1;19,4;19,9;20;20,2;19,4;20,2;19,8;20,1;19,6;19,5;20;19,8;20,2;20,2;20,5;20,9;22,8;26,3;26,6;26,8;27,1;27,2;27,6;28,5;29,9;30,6;30,9;30,9;31;31,2;31,5;31,3;31,3;31,5;32,1;31,8;31,3;31,4;31,2;31,3;31,4;31,3;31,3;31,2;31,3;31,6;31,4;31;31;31,3;31,3;31;31,2;31,1;31,3;30,9;31,2;30,9;30,7;31;31;31;30,8;30,5;30,1;29,5;30,6;30,3;30,1;30;29,9;29,9;30,4;30,3;30,1;30;29,5;29,7;30,3;29;30,4;29,4;29,7;29,7;30;28,9;29,7;28,8;29;28,7;29;28,8;29,3;29,4;29,1;29,1;29,2;29,3;29,2;28,9;29,1;29,1;28,8;29,3;29,3;29,1;29,1;29,4;29,5;29,2;29,1;29;29,4;29,5;29,5;29,4;29,1;29,2;29,3;29,4;29,1;29,5;30;30;29,5;29,9;29,7;29,9;29,2;29,9;29,4;29,4;29,9;29,7;29,7;29,3;29,2;29,3;29,4;29,9;29,4;29,1;29,3;29,5;29,3;29,2;29,4;30;29,9;29,4;30;29,4;29,5;30,1;29,2;30;29,9;29,9;30;30;30;30,1;30;29,5;29,3;29,4;29,7;29,5;29,4;29,7;29,7;30;30,3;30,1;29,7;29,7;30;30;30;30;29,7;29,2;29,4;29,7;29,9;29,9;29,7;29,7;29,7;29,5;29,9;29,4;29,9;29,5;30;29,2;30;29;30;29,4;30,1;29,5;30,1;29,9;30,1;30,3;30;30;30,4;29,7;30;30,1;30,4;29,9;30,7;30,2;30,5;30,2;30,6;30,4;30,3;30,5;30,6;30;30,7;30,6;30,4;30,7;30,7;30,6;30,9;31,1;30,8;30,6;30,7;30,5;30,7;30,9;30,9;31;31,1;31,1;31,1;30,9;31;30,9;30,7;30,6;30,7;30,8;30,8;31;30,8;30,8;30,7;30,8;30,9;30,9;30,8;30,5;30,1;30,1;30,2;29,9;30,3;30,5;30,4;30,5;30,5;30,3;30,1;30,5;30,2;29,2;28,8;27,8;27,8;27,7;27,3;26,8;26;24,3;21,9;20,6;19,4;20,6;19,8;20,1;19,6;19,9;20,1;19,9;19,8;20,1;19,5;19,6;20,1;19,6;19,4;19,9;19,5;19,4;20,1;19,5;19,9;19,9;19,4;19,8;19,9;19,6;19,4;19,3;19,6;19,8;19;19,6;19,3;20,1;20;20;19,5;20,2;19,6;19,4;19,6;19,6;19,6;20,5;19,8;19;19,4;20;20;19,8;19,8;19,8;19,3;19,5;19,6;19,4;19,4;19,4;19,9;19,8;19,9;20,1;19,8;19,6;19,6;19,9;19,9;19,8;19,8;19,6;19,3;19,4;19,5;19,5;19,4;19,6;19,8;19,8;19,5;19,6;19,8;19,6;19,9;19,8;19,8;20,1;19,8;19,5;19,8;19,9;19,4;19,3;19,4;20,2;19,3;20;20,2;19,6;20,6;19,6;19,3;19,6;19,9;19,6;20,1;19,4;19,5;19,6;19,9;19,4;20;19,3;19,6;20;20;20;19,4;19,5;20,1;19,9;19,6;20;20,1;19,8;19,3;19,4;19,5;19,3;19,3;19,6;19,9;19,6;19,4;19,6;19,9;19,8;20,5;19,4;19,4;19;19,5;20,2;20;20,1;19,8;19,6;19,8;19,2;19,2;19,5;19,5;19,3;19,6;20,1;19,6;19,4;19,8;19,9;19,5;19,5;19,5;19,4;19,3;19,6;19,2;19,3;20;19,5;18,6;18,9;19,4;19,8;19,5;19,3;18,6;19;18,8;1920,7;20,7;20,6;20,7;20,5;20,8;20,9;20,8;21,1;21,1;21,2;20,7;20,5;20,5;20,7;20,6;20,5;20,8;20,5;20,5;20,6;20,7;20,7;20,7;20,5;20,5;20,4;20,4;20,4;20,6;20,6;20,1;20,8;20,4;20,5;20,4;20,8;19,9;20,5;20;20,2;20,6;20,7;20,5;20;20,4;20,4;20,4;20,1;20,1;20;20,1;20,2;20,4;20,4;20,2;20,2;20,4;20,2;20,6;20,4;20;20,1;20,5;20,2;19,8;20,4;20,1;20;20,4;20;20,1;19,8;19,5;20,1;20,5;20,2;20,1;20,4;20,4;19,9;19,9;20;20,5;20,4;19,8;19,6;20,2;20;20,6;20,2;19,9;20;20,2;20,4;20,2;20,1;20,2;20,1;20,1;20,1;19,8;19,8;20,2;20,4;20,2;20;20;20,2;20,1;20,1;20,1;19,8;19,8;19,8;19,5;19,4;19,4;19,6;19,5;19,9;19,8;19,9;20;20;20,1;20;20;19,3;19,9;20;19,8;19,9;20,4;20,1;20,4;19,9;20;20,2;20;19,9;19,4;20,2;20,4;20,4;20,4;20,7;20,4;20;20;20,2;20,2;20,4;20,2;20,6;20,4;19,8;20,5;20,5;19,9;20,1;20;20,1;20,1;20,1;20,6;20,1;20,6;20,2;20,1;20;20,4;20,2;20,1;20;19,9;20,5;20,4;19,8;20,2;19,8;20,1;19,4;20,1;19,8;20,2;19,8;19,6;20,1;19,9;20;19,9;20,5;20,9;23;26;26,6;27,1;26,8;27,1;27,7;28,4;29,9;30,6;30,8;31,2;31,4;31,1;31,4;32,1;32,1;32;32;31,8;31,5;31,3;31,4;31,8;31,6;31,7;31,3;31,1;31,1;31;31,5;31,3;31,4;31,6;31,4;31;31,1;31,2;31,4;30,8;31,2;30,9;31,1;30,9;31;30,9;30,7;30,6;30,3;30,4;30;30,4;30,5;29,9;30,2;30,3;30,1;30,2;29,7;29,2;30,3;30,2;29,4;29,7;29,4;28,7;29,2;29,7;29,9;29,2;29,4;29,3;29,2;29,1;29,3;29,4;29,5;29,4;29,2;29,3;29,2;29,1;29,5;29,3;29,4;29,2;29;29,1;29,4;29,4;29,2;29,4;29,5;29,5;29,4;29,5;29,5;29,4;29,2;29;29,2;29,7;29,4;29,4;29,7;29,7;29,5;29,4;29,2;29,5;29,4;29,5;29,9;29,7;29,5;29,7;29,7;29,7;30,2;29,4;30;30,3;29,5;29,5;29,7;29,5;29,9;29,9;29,9;30,3;29,9;29,9;29,4;29,9;29,5;29,3;30,1;29,7;30,5;30,5;30,1;30;29,4;30,1;30,1;30,1;30,1;30,3;30;30;30,1;30,1;29,9;29,9;29,5;29,5;29,5;30,2;30,2;30;30;29,9;30;30,1;29,5;29,5;29,9;29,5;30,1;30,1;29,4;30;30,2;29,3;30;30,1;29,5;30;30,1;29,5;30;29,4;30,1;29;30,3;29,9;29,9;30,4;29,9;30;30;30;30;30,1;30,5;30,4;30,5;30,4;30,4;30;29,9;30,4;30,2;30,4;30,3;30,7;30,7;30,3;30,7;30,6;31,1;30,8;30,6;30,7;30,4;30,5;30,7;30,6;31;30,9;31,1;31,5;31,4;30,9;30,7;31,1;31,1;30,9;30,9;30,8;30,8;30,9;30,9;30,9;31,1;30,9;30,8;30,7;30,7;31;30,9;31;30,9;30,5;30,3;30,2;30,1;30,4;30,7;30,7;30,5;30,7;30,4;30,5;30,4;30,8;30,1;29,3;28,9;27,7;27,7;27,6;27,3;26,8;26,2;23,9;21,5;20,8;19,6;20,4;19,4;19,9;19,6;20;19,6;19,9;19,5;19,8;19,8;19,6;20,1;20;19,6;19,9;19,6;19,8;19,8;19,6;19,8;20;19,5;19,3;19,5;19,9;20;19,9;19,8;20;20,4;19,5;19,4;19,8;19,8;19,5;19,8;20;19,8;19,4;19,4;19,8;20;20;20,1;19,3;19,6;19,6;19,4;19,3;18,9;19,4;20,1;20;20;20;19,9;19,3;19,5;20;19,9;20;19,8;19,9;19,5;19,6;19,8;19,6;20;19,8;19,5;19,4;19,5;19,9;19,6;19,4;19,8;19,8;19,5;19,6;19,8;19,4;19,8;19,9;19,6;19,6;19,8;19,5;19,3;19,6;19,4;19,5;19,4;20,2;19,6;19,8;20,1;19,5;20,4;19,5;19,4;19,5;19,8;19,6;19,5;19,3;19,8;20,1;19,9;18,9;19,4;18,9;19,4;19,9;20,4;19,8;20,2;19,5;19,5;19,4;19,4;19,3;19,6;19,5;19,5;20,1;19,4;18,9;19,5;19,6;19,3;19,4;19,6;19,6;19,3;19,6;19,9;20,1;19,8;19,4;19,3;20,1;19,8;19,6;19,6;19,8;19,5;19,3;18,9;19,5;19,5;19,5;19,5;19,6;19,5;19,8;20;20;19,6;19,3;19,8;19,5;19,4;19,8;19,2;19,4;19,5;19,8;19,3;18,8;19,2;19,5;19,2;18,6;19;18,8;18,9;18,920,4;20,4;19,9;20,1;20,4;20,6;20;20,7;20,5;20,8;20,6;20,2;20,2;20,7;20,2;20,7;20,5;20,8;20,5;20,2;20,5;20,6;20,6;20,5;20,4;20,2;20,4;20,6;20,4;20,2;20,2;20,4;20,5;20,4;20,2;20,1;20,4;19,6;20,2;19,9;20,1;20,8;20,4;20,7;20,7;20,6;20,7;20,4;19,8;19,9;20,2;20,2;20;20,1;20,4;20,5;20,4;20;20,6;20,6;20,4;20,1;20,2;20,1;19,9;20,2;20;20,1;20,2;20,2;20,1;20;19,6;20;20,1;20,5;20;20,4;20,5;20,2;19,9;19,9;20,1;20,7;20;20;19,8;20,4;20;20,1;20,2;19,9;20;20,2;20,2;20,2;20,1;20,2;19,9;20;20,1;20;20,1;20;19,9;20;20,1;20,4;20,5;20,5;20,2;20;20,1;20;19,8;19,9;19,8;19,9;20,6;20,6;20,2;20,4;20,2;20,5;20,4;20,2;20;19,9;19,5;19,9;20,4;20;20,2;20,1;20,2;20,2;20,4;20,1;19,9;19,9;20;20;20,1;20,5;20,1;19,8;20,2;20,2;20,5;20,6;20,1;20,8;20,4;20,7;19,9;20,5;19,9;20,7;20,2;20,1;20,2;20,2;20,1;20,5;20;20,4;20;20,2;20,5;20,2;20,2;20,6;20;20,5;20,1;20;20;20,1;19,8;20;20,1;20;19,5;20;19,9;20,2;20,2;19,9;20;20,1;19,6;19,6;20,4;21,4;23,4;26,2;26,5;26,7;26,7;27,2;27,8;28,9;30,1;30,8;31;31,2;31,5;31,6;31,7;31,8;32;32;32;31,5;31,2;31,6;31,6;31,4;31,2;31,6;31,6;31,3;31,5;31,6;31,6;31,3;31,3;31,6;31,8;31,3;31,4;31,6;31,4;30,8;31,1;30,9;30,8;31;30,8;30,9;30,7;31;30,8;30;30,5;30,3;30,5;30,2;29,9;30,1;30,2;30,1;29,5;29,9;29,7;29,3;29,7;29,3;29,9;29,4;29,2;30,1;29,4;29,3;29,3;29,5;29,2;29,4;29,7;29,5;29,5;29,1;28,6;28,9;29,1;29,2;29,4;29,5;29,5;28,9;29;29,5;29,4;29,2;29,2;29,5;29,4;29,4;29,7;29,5;29,4;29,5;29,7;29,2;29,4;29,9;29,4;30;30;29,5;29,1;29,4;29,4;29,7;29,5;30,3;30,2;29,7;29,5;29,4;29,7;29,9;29,7;29,9;29,3;30;29,7;29,2;30,5;29,5;30;30;29,4;29,4;29,3;29,7;29,7;29,2;29,5;29,4;30;29,5;30,1;30,1;30,3;29,9;30,1;30,2;29,5;29,5;30;30,1;30;30,1;30,2;30,2;30,1;30;30;30;30,2;30,2;30,2;30;30;29,9;30,2;30,1;30;30,2;30;30,1;29,7;29,5;30;30;30,1;30,1;29,7;29,5;29,5;29,3;29,9;29,4;29,5;29,9;29,5;28,9;29,5;29,7;30,1;30;29,9;30;29,7;30,1;30,4;29,4;30,4;30,4;30,3;29,9;30,1;30,5;29,9;30,6;30,5;30,5;30,3;30,8;30,6;30,4;30,5;30,6;30,8;31;30,8;30,4;30,6;30,5;30,7;30,6;30,8;31,1;30,9;30,7;30,6;30,8;30,8;31;30,9;30,7;30,9;31;30,9;30,7;30,8;31;30,7;30,7;30,6;30,1;30,6;30,8;30,8;31,2;31,2;30,8;30,7;30,4;30,5;30,5;30,6;30,5;30,5;30,5;30,3;30,4;30,5;30,7;30;29,7;28,6;27,8;27,5;27,3;27,2;27,2;26,1;23,4;21,8;20,4;20,2;19,8;19,5;20,5;20,1;19,9;19,3;19,8;19,4;19,5;20;19,8;19,9;20,1;19,6;19,4;20;20,2;20,1;20,2;19,4;20,2;19,5;20;19;20,1;19,9;20,1;19,9;20,4;19,9;19,4;19,8;19,6;19,9;20;19,9;20;20;20;19,9;19,8;20,2;20,1;19,4;19,8;19,6;19,6;19,9;20,1;19,5;19,8;19,6;19,6;19,9;20,2;19,9;19,9;20;20;19,8;20,4;20;19,6;19,9;19,8;19,8;19,6;19,5;19,8;19,9;20;19,9;19,9;20;19,5;19,3;19,5;19,6;19,9;19,9;19,5;19,5;19,9;20;19,5;19,5;19,9;19,4;19,6;19,4;19,9;19,8;19,6;19,8;19,4;19,8;19,6;20;19,3;19,9;19,5;19,4;19,6;19,8;19,5;20,1;19,9;19,5;19,3;19,8;19,5;19;19,5;20;19,4;19,9;19,9;19,6;19,4;19,4;19,6;20,1;19,8;19,2;19,2;19,3;19,2;19,3;19,4;19,6;19,9;19,5;19,3;19,8;20,2;19,4;19,3;19,4;20,1;19;19,9;19,5;19,4;19,5;19,9;19,8;18,9;19;19,3;19,5;19,4;19,3;19,6;19,8;19,8;19,6;19,5;19,5;19,4;20;19,2;19,5;19,6;19,2;18,9;19;19,6;18,9;19,3;19;18,6;19;19,5;19,3;18,9;19;19,320,4;20,6;20,4;20;20,2;20,2;20,6;19,9;20,1;20,1;20,5;20,1;20,5;20,5;19,9;20,9;20,6;20,6;20,2;20,1;20,2;20,7;20,5;20,2;20,5;20,8;20,8;20,6;20,4;20,5;20,2;20,7;20,2;20,4;20,5;20;20,6;20;20,6;20,5;20,5;20,4;21,1;20;20,5;20,5;20,4;20,6;20,8;20,5;20,6;21,1;20,8;20,6;20,5;20,5;20,6;20,7;20,5;20,1;20,2;20,7;20,5;20,5;20,1;20;20;20,2;20,2;20,1;20,6;19,6;20,4;20,4;20,1;20,5;19,9;20,5;20,6;20,2;19,9;20,1;20;20,6;19,9;19,9;20;20,1;20,5;20;20,4;20,1;20,1;20;20,1;20,2;20,2;20,2;20;20;20,1;20,4;20,2;20,1;20,2;20,2;20,1;20,1;20,2;20,1;20,2;20,2;20,2;20,5;20;19,6;19,9;19,9;19,9;19,9;20,2;20,1;20,4;20,4;19,9;20;20,1;20,2;19,9;20;19,9;20,2;20,2;20,1;20;20;20;19,9;20,1;20,1;20;20,6;20;20,1;20,4;20,5;20,6;20,5;20,4;20,4;20,2;20,2;20,4;20,4;20,1;20,6;20,4;20,4;20,2;20;20;20,5;20,4;20,4;20,1;20,2;19,9;20;20,4;20,5;20,2;20,6;19,8;20;20,1;20;20,1;20,2;19,8;20;20,1;20;19,5;20;19,9;20,2;20;19,6;19,6;20,1;20,1;20;20;21,2;23,5;26,2;26,6;27,1;27,4;27,3;27,7;29;30,1;30,9;31,2;31,4;31,4;31,7;32,1;32;32;32,1;32;32,2;31,8;31,7;31,6;31,8;32,1;32,1;31,8;31,7;31,6;31,5;31,7;31,8;31,4;31,3;31,6;31,7;31,6;31,3;31,3;31,2;31,1;31;31,3;30,9;31;30,6;31;30,8;30,9;30,8;30,6;30;30,4;29,9;30,1;29,9;31;30,3;30,3;30;30;30;30,1;29,3;29,5;29,4;29,4;30,4;29,7;29,3;29,3;29,4;29,1;29,2;29,7;29,2;29,4;29,5;29,4;29;29,5;29,3;29,4;29;29,1;29,5;29,4;29,5;29,9;29,3;29,3;29,5;29,2;29,4;30;30;29,4;29,4;29,2;29,5;29,4;29,4;30,1;30,3;30,1;29,7;29,7;29,9;29,5;29,5;29,3;29,7;29,7;29,4;29,2;29,7;29,7;29,7;29,2;29,3;29,2;29,4;29,9;29,5;29,4;30;29,7;30;30;29,7;30,4;29,3;29,9;29,5;29,9;29,9;29,9;29,4;29,7;30,2;30;30;29,9;30,1;30,2;30,1;29,4;30;29,9;30,1;30,1;29,5;29,7;30;29,9;30;30;30;29,5;29,5;30;29,9;30,1;30;29,9;29,7;29,9;30;29,4;29,4;29,9;29,7;29,7;29,7;30;29,9;29,5;30;30,6;29,5;29,5;29,5;29,9;29,7;29,5;29,9;29,9;29,7;30;30,1;30,2;30,3;30;30;29,9;30;30,4;30,4;30,7;30;30,2;30,2;30,7;30,1;30,2;30,5;30,7;30,3;30,5;30,8;30,7;30,5;30,2;30,8;30,9;30,7;31,1;31,2;31,1;30,8;31,1;30,9;31;31,2;30,9;31;31,1;31,1;31,2;31;31,1;31,3;31,1;30,9;30,8;30,5;30,7;31;30,9;30,8;31;31,3;30,9;30,9;30,8;30,9;30,7;30,4;30,7;30,6;30,7;30,7;30,5;30,4;30,5;30,3;30,3;29,7;28,5;27,8;27,6;27,6;27,2;27,3;25,7;23,3;22;20,2;20,4;19,6;19,9;20,4;19,9;19,8;19,6;19,4;19,2;19,9;19,9;20,2;19,6;20,2;19,4;19,9;19,6;20;20,1;19,8;19,3;20,4;19,4;20,2;19,2;20,1;20,1;20,6;20;20,1;19,6;20,2;19,8;19,5;20;19,9;19,5;19,9;20;20,2;20,4;20;19,9;20,2;20,2;19,9;19,6;19,6;20;19,5;19,6;20,1;20;20,2;20,1;20;19,6;19,6;19,5;19,9;20;19,9;19,9;20,1;20;19,6;19,9;19,9;19,5;19,9;19,9;19,9;20,4;19,8;19,3;19,5;19,9;19,8;19,6;19,9;19,9;19,6;19,6;19,6;20,1;19,8;19,5;20,4;19,8;19,5;19,4;20,1;20,4;19,8;19,9;19,5;20;19,8;20,4;19,6;19,8;19,6;19,6;19,5;19,9;19,6;20;19,9;19,6;20,1;19,8;19,3;19,9;19,4;19,5;19,5;19,5;19,9;19,6;19,5;20;20;19,6;19,3;19,4;19,8;19,9;19,8;19,8;19,6;19,6;19,4;19,9;20,2;19,4;19,2;19,6;19,8;19,9;19,8;19,4;19,8;19,9;19,3;19,6;19,6;19,9;19;19,5;19,4;19,4;19,4;19,3;19,8;19,6;19,3;19,3;19,3;19,2;19,3;19,4;18,8;19,3;19,5;19,2;19;19,2;18,9;19,2;19;19,2;19,3;18,7;18,7;19,2;19,2;19;19,220,5;20,7;20,8;20,1;19,9;20,1;20,9;20,4;19,9;20,6;20,5;20,9;20,1;20;20,5;20,5;20,5;20,6;20,2;20,4;20,4;20,6;20,6;20,5;20,7;20,9;21,1;20,8;20,5;21,1;20,4;21,1;20,6;20,1;20,4;20,2;20,8;20,1;20,7;20,7;20;20,4;20,7;20,6;20,5;20,4;20,1;20,7;20,9;20,8;20,6;20,4;20,5;20,4;20,6;20,6;20,2;20,2;20,4;20,6;20,7;20,6;20,4;20,5;20,4;20;20,4;20,2;19,9;20,1;20,5;20,1;20,6;20,6;20,4;20,6;20,1;20,4;20,5;20,1;20;20;20;20,5;19,9;19,9;19,8;20,2;20,5;20,1;20,5;20,2;20,1;20,2;20;20,2;20,2;20,1;20,1;20;20,1;20,1;19,9;20,1;20,4;20,1;19,9;20;20;20;20;19,6;20;20,1;19,9;20,1;20,1;19,9;19,8;19,8;20,4;20,4;20,1;19,6;19,5;20,1;20,1;19,9;20;19,9;20,1;20;20,1;20,2;20,1;20,4;20,1;20,1;20,2;20,4;20;19,9;20,2;20,4;20;20,1;20,2;19,8;19,5;20,2;20,1;20,2;20,4;20,5;20,4;20,2;20,4;20,5;20,6;20,4;20,2;20,4;20,5;20;20,2;20,4;20,4;20,4;20;20,2;20,2;20,4;20;20;20,1;19,9;20,4;20,6;20,1;20,1;19,8;19,9;19,6;20,2;19,9;20,2;19,9;19,6;20;20,1;20,1;20,4;20;21,1;23,1;26,3;26,8;26,7;27,2;27,1;27,4;28,7;30;30,9;30,9;31;31,2;31,7;32,1;31,7;31,7;32,1;32,5;32,4;32,1;31,8;31,8;32,2;32,1;32;31,5;31,5;31,7;31,8;31,8;31,6;31,6;31,5;31,4;31,7;31,6;31,5;31,3;31,2;31,6;31,2;30,6;30,4;31;30,8;31,1;30,8;30,9;30,6;30,7;30,2;30,3;30,6;30,2;30,3;30,4;30,4;29,7;29,9;30,1;29,5;30,5;29,2;29,5;29,5;29,2;29,9;30;29,3;29,5;29,4;29,5;28,9;29,9;29,2;30;30;29,5;29,4;29;29,3;29,3;29,2;29,4;29,3;29,4;29,3;29,5;29,4;29,7;29,5;29,4;29,7;29,3;29;29,2;29,1;29,2;29,9;30,1;29,9;29,7;29,7;29,5;29,3;29,3;29,9;29,7;29,7;29,7;30;29,5;29,3;30,2;29,7;29,5;29,7;30,1;29,5;29,9;29,7;29,2;29,5;29,4;30,3;29,9;30,7;29,5;30,3;29,7;29,2;30,1;29,4;29,9;30,1;30,1;30;30,1;30,2;30,2;30;29,9;30,4;30,3;30,3;30,1;30;30,3;30,4;30,3;30,3;30;29,9;30,1;29,9;30,1;30,2;30;30;30;30,1;29,9;30,1;30;29,9;29,7;29,7;30,2;30,2;30,2;30,1;30,3;30;30,3;30,2;29,7;30,1;30,6;30;29,9;30,4;30,4;29,4;30,1;30,2;29,9;29,7;30,4;29,7;29,9;30,1;30;30,2;30,2;30,4;29,7;30,8;30,1;29,7;29,5;30,4;30,2;30,7;30,2;30,3;30,9;30,7;30,9;30,5;30,7;31,2;31,3;30,7;30,7;31;30,9;30,9;30,8;31,1;31,5;31,4;31,1;31,2;31,1;31,5;31,1;30,9;31,2;31,2;31,1;30,9;30,9;31,2;31,2;30,8;30,6;30,9;30,9;30,9;30,9;31,1;31,1;31,1;30,7;30,8;30,5;30,3;30,7;30,8;31;31,1;30,5;30,9;30,4;30,4;30,2;29,4;28,2;27,8;27,5;27,5;27,3;27,4;26,1;23,6;22;20,2;20,1;19,8;20,2;19,8;19,8;19,9;19,8;19,3;19,4;20,2;19,8;20,1;19,4;20,4;19,5;19,9;20;19,8;19,8;19,8;19,3;19,8;19,2;19,5;19,9;20,4;19,8;19,8;19,8;19,6;19,5;19,9;19,5;20;19,6;19,8;19,8;19,9;19,8;19,8;19,8;20,2;20,4;20,4;20;19,6;20,1;20;19,5;19,9;19,6;20;20;19,9;19,8;19,4;19,2;19;19,4;19,3;19,4;20;20;19,2;19,2;19,6;19,6;19,8;19,8;19,9;19,6;19,8;20,1;19,9;19,5;19,4;19,8;20;19,9;19,8;19,8;19,5;19,9;20;19,9;19,6;19,9;20;19,6;19,5;19,2;19,6;20,6;19,6;19,9;19,5;20;19,6;19,8;19,9;20;19,6;20,2;19,6;19,5;19,8;19,5;19,3;20;19,3;20;19,3;19,8;19,4;19,5;19,5;19,8;20;19,9;19,6;19,4;19,5;20;20,1;19,6;19,4;19,9;19,9;19,5;19,2;19,8;19,6;20,1;20,4;19,6;19,3;20;20,1;19,8;19,5;19,5;20,1;19,9;18,8;19,6;19,4;19,8;19,8;19,8;19,5;19,4;19,4;19,5;19,5;19,3;19,2;19,4;19,5;19,5;19;18,9;19;19,5;19,2;19,8;18,7;19,9;19,5;18,7;19,3;19,8;19;19,5;19;19,8;19,4;19;19,220,5;20,2;19,9;20,2;20,7;20,7;20,6;20,1;19,9;20,5;20,5;20,6;20,4;20,1;20,6;20,2;20,8;20,7;20,6;20,2;20,5;20,6;20,8;20,8;20,7;20,5;20,7;20,8;20,6;21,1;20,2;21,1;20,7;20,1;20,4;20,7;20,4;20,4;20,9;20,4;20,2;20,8;20,9;20,9;20,4;20;20,4;20,4;20,5;20,4;20,5;20,9;20,8;20,5;20,6;20,5;20,1;20,4;20,5;20,1;19,9;20;20,5;20,6;20,2;20;20,1;20,1;20;20,5;20,5;19,9;20,8;20,5;20,7;20,6;20,4;20,6;20,4;20,8;20,4;20,1;20,4;20,5;20,1;20,2;19,9;20,4;20,4;20,1;20,1;20;20,1;20,2;20,2;20,4;20,4;20,2;20,4;20;20,2;20,2;20,1;20,4;20,6;20,2;19,9;20;20,4;20,2;20,1;20,4;20,1;19,6;19,8;20;19,8;20;20,2;20,4;20,4;20,2;19,9;20,1;20,2;19,8;19,9;20,1;19,8;20,1;19,9;20,4;20,4;20,4;20,4;20,4;20,4;20,4;20,1;20;20,5;20,5;20,2;19,9;20,1;20;20,5;20,5;20,4;20,9;20,2;20,4;20,5;20,2;20;20,1;20,4;20,4;20,2;20,1;20,2;20,2;20,6;20,2;20,2;20,4;20,2;20,5;20;20,7;20,4;20,4;20;20,5;20,4;20,1;20;20,6;19,9;20,1;20,1;20,1;19,6;20,6;20,2;20,5;19,9;20;20,2;20,1;20;20,2;20,2;21,2;23,3;26,3;26,7;26,7;27,4;27,5;27,9;28,8;29,7;30,7;31,4;31,4;31,4;31,6;32,1;32,1;32,4;32,6;32,2;32,4;32,1;31,8;31,8;31,8;32,2;32,2;31,6;32,1;32,1;31,6;31,7;31,8;31,7;31,8;32;31,8;31,7;31,7;31,5;31,3;31,3;31,2;31,1;30,7;31;31,1;31,1;31,1;31,1;30,1;30,7;30,7;31;31;30,3;30,1;30,4;30,5;30,1;30;30;29,3;30,3;30,2;29,7;29,3;29,7;29,5;30;30;29,5;29,2;29,9;29,2;29,5;29,4;30;29,5;29,4;29,9;29,2;29,3;29,7;30;29,5;29,3;29,3;29,4;29,7;29,9;29,9;29,9;29,7;29,5;29,7;29,5;29,3;29,1;29,1;29,4;29,9;29,9;29,9;29,9;30;30,1;30,1;30;29,5;29,4;29,9;30;29,9;29,1;29,5;29,7;29,5;29,9;29,5;29,4;29,9;30,2;30;29,9;30,3;30,3;30,1;30,4;30,1;29,7;30,2;29,7;30,4;29,5;29,7;30,4;30,2;30,2;30,2;30,2;30,2;30,2;29,7;29,7;29,9;30,1;30,4;30,4;30,2;30,6;30,4;30,4;30,3;30,4;30,3;30,1;30,3;30,4;30,5;30,5;30,4;30,4;30,3;30,1;30;29,9;30;30,2;30;30;30,3;30,2;30,5;30,2;30;30,1;30,1;30,5;30,4;30,2;30,1;30,1;29,7;30;30,4;30,5;30,3;30,3;30,2;30,6;30,4;30,6;30,5;30,7;30,5;30,4;30,1;30,9;31,1;30,3;30,6;30,7;30,7;30,7;30,7;30,8;31,1;30,5;30,7;30,7;31;31,1;31,2;31,1;30,9;31,1;31,2;31,5;31,2;31;31,2;31,4;31,3;31,4;31,1;31,3;31,6;31,6;31,3;31,2;31,2;31,2;31,2;31,4;31,2;31,2;31,4;31,3;31,1;31;31;31;31,2;31,2;30,8;30,8;30,7;30,5;30,9;31,1;31,3;31;30,7;30,8;30,4;30,7;30,1;29,4;28,7;27,6;27,7;27,5;27,5;27,4;26,3;23,7;22,1;20,4;20,2;20,2;20,2;19,8;19,6;20;19,6;19,4;20,1;20,4;20,2;19,9;19,8;20,2;19,8;20;20;19,9;20,1;19,9;20;19,9;19,5;19,4;19,6;20,4;19,4;19,4;19,2;19,6;19,8;20,1;19,9;19,9;19,6;19,9;19,8;20,1;19,9;19,9;20,1;20,2;20,1;20,1;20;19,4;19,5;19,8;20,1;19,6;19,8;19,6;20;19,6;19,8;19,9;19,8;19,4;19,3;19,6;19,9;19,9;19,8;19,5;19,5;19,9;19,9;19,6;19,3;19,5;19,8;19,6;19,8;19,6;19,4;19,5;19,5;19,9;19,9;19,8;19,6;19,8;19,8;20,2;19,6;19,5;19,6;19,6;19;19,8;19,2;19,4;19,9;19,3;20,1;19,6;20,1;19,2;19,3;19,6;20,1;19,6;19,5;19,8;19,9;20,1;20;19,8;19,6;19,8;19,4;19,8;19,4;19,6;19,3;20;20,1;19,8;19,6;19,3;19,6;19,9;19,8;19,4;19;19,4;19,9;20;19,6;19,4;19,6;19,9;19,6;19,8;19,6;19,3;20;20,5;19,5;19,4;19;20,1;19,6;18,7;19,5;19,3;19,5;19,8;19,4;19,4;19,3;19,2;19,4;19,2;19,3;19,5;19,5;19,6;19,4;19,2;19,5;19,2;19,4;19,3;19,2;18,8;19,9;19,5;19,3;19,6;19,6;19,3;19,5;19,5;19,8;19,2;18,8;19,220,6;20,5;20,4;20,5;20,5;20,6;20,8;20,5;19,9;20,5;20,6;20;20,4;20,5;20,8;20,6;20,7;20,5;20,5;20,5;20,7;20,6;20,7;20,7;20,9;20,9;20,7;20,9;20,8;20,5;20,4;20,9;20,6;20,2;20,7;20,2;20,2;20,4;20,6;20,5;20,6;20,9;20,6;20,8;20,2;19,8;19,9;20,1;20,1;20,1;20,6;20,5;20;20,2;20,6;20,6;20,2;20,1;20,6;20,5;20,6;20,9;20,6;20,8;20,6;20,1;20,2;20,5;19,9;20,4;20,6;20,1;20,4;20,6;20,5;20,6;20,8;20,6;20,4;20,5;20,4;20,2;20,1;20,6;20,1;20,2;20,5;20,4;20,2;20,1;20,2;20,2;20,2;19,9;20,4;20,2;20,5;20,4;20,4;20;20,4;20,2;19,9;20;20,2;20,2;19,9;20,2;20,4;20,2;20,5;20,5;20,2;20,2;20,1;20,2;20,4;20,2;20,1;20,2;20,2;20,2;20,5;20,5;20,4;20,5;20,4;20,4;20,6;20,5;20,1;20,2;20,2;20,4;20,5;20,5;20,2;20,2;20,1;20,4;20,2;20,1;20,5;20,5;20,2;20,7;20,9;20,4;20,5;20,5;20,1;20,8;20;20,2;20,6;20,6;20,5;20,6;20,1;19,9;19,9;20,5;20,4;20;20,4;20,5;20,1;20,1;20,1;20,6;20,5;20,4;19,8;20,7;20,2;20,2;20,5;20,4;19,8;19,9;20,6;20,1;20,1;20,5;20,6;20,6;19,5;19,8;20,2;20,4;20,2;19,9;20,2;21,1;23,4;26,6;27,1;26,8;27,2;27,4;27,8;29;30;30,7;31,1;31,4;31,6;31,8;32;32;32,2;32,5;32,4;32,1;32,4;32,4;32,2;32,4;32,1;31,8;31,7;32,2;32,2;31,8;32;31,7;31,8;32,2;31,8;32;31,6;31,5;31,3;31,2;31,2;30,9;31,4;31,2;31,1;31,1;31,1;30,8;30,5;30,5;30,5;29,9;30,8;30,7;30,9;30,5;30,1;30,3;30,6;30;30;29,4;30,1;30,1;30;29,5;29,7;30,2;30;29,1;30;29,1;29,7;29,9;30,4;30,1;30;29,2;29,3;29,7;29,7;29,5;29,7;29,4;29,5;29,3;29,4;29,3;29,7;30;30;29,5;29,4;29,9;29,3;29,3;29,7;29,4;29,3;29,3;29,3;29,7;29,9;29,7;29,5;29,9;29,7;29,5;29,4;30,2;30;29,7;29,3;29,7;29,7;29,5;29,4;30,1;29,2;29,3;30,2;29,5;29,3;30;30;29,3;29,7;30;29,5;29,7;29,3;30,3;30,1;30,3;29,7;29,7;30;30,3;29,9;30,2;30,2;30;30,1;30,3;30,2;29,9;30,1;30,2;30,2;30,1;30,2;30,3;30;30,2;30,3;30,2;30;30,2;30,4;30,2;30,3;30,6;30,3;30;30;30,1;29,7;29,9;30;30,1;30,4;30,2;30;30;30,2;29,9;30,3;30,2;30,4;30,2;30,2;29,2;30,5;30,2;29,9;30,3;30;30,1;29,7;30;30,2;29,9;30,8;30,2;30,1;30,2;30,8;29,9;30,6;31;30,5;30,8;30,8;30,6;30,6;30;30,4;30,7;30,7;30,7;31;31;31,1;30,8;30,6;30,8;30,8;30,9;31,4;31,2;31,6;31,6;31,3;31,3;31,4;31,2;31,3;31,5;31,5;31,3;31,3;31,3;31,4;31,3;31,1;31,2;31,2;31;31,1;31,3;31,3;31,1;31,1;31;30,6;30,4;30,5;30,5;30,9;30,8;31,1;31,2;31,1;30,7;30,4;30,5;30,1;29,7;29;27,8;27,5;27,5;27,3;27,1;26,1;23,6;22,1;20,4;20,2;20,4;20;20,1;19,3;20;19,6;20;20;19,8;20,1;19,8;19,8;20,2;20,1;20;19,8;19,8;20,1;20;19,9;20,1;19,9;19,8;19,8;20;19,8;19,8;19,9;20,1;19,9;20;20;20,1;19,5;20,1;20;20,4;20,5;19,8;19,8;19,9;20,2;20,5;20;19,5;19,5;20,4;20,6;20;19,9;20;20,1;19,8;19,9;20;19,5;19,6;19,9;19,9;19,6;19,9;20,1;19,9;19,9;20;20,1;19,9;19,9;19,9;19,6;19,5;19,5;19,9;19,9;19,9;19,8;19,5;19,6;20,2;20,1;19,8;19,9;19,9;19,9;19,4;19,6;19,2;19,5;19,5;19,5;19,4;19,8;19,6;20,2;19,6;20,1;19,6;19,4;19,2;20,5;19,4;19,5;19,8;19,6;19,6;19,9;19,8;19,4;19,2;19,8;20;19,5;19,6;19,8;19,6;19,9;19,8;19,4;19,4;20;20,1;19,8;19,5;19,6;19,8;19,9;20,2;19,5;18,9;19,6;19,8;19,5;19,4;19,9;19;19,6;20;19,4;19,3;19,5;19,6;19,5;19,2;19,8;19,3;19,8;19,9;19,2;19,3;19,3;19,2;19,3;19,2;19,5;19,8;19,3;19,5;19,4;19,6;19,8;19,4;19,8;19,4;19,3;19,4;19,3;19;19,2;19,4;19,3;19,5;19,2;19;18,8;19,3;19,8;19,320,7;20,7;20,6;20,5;20,5;20,6;20,4;20;20,2;19,9;20,4;20;20,2;20,4;20,1;20,2;21,1;20,5;19,8;20,4;20,6;20,5;20,5;20,5;20,8;20,8;20,8;21,1;20,5;20,1;20,5;20,5;21,1;20,1;20,5;20,1;20,7;20,4;20,6;20,6;20,4;20,9;20,8;20,9;20,6;20,4;20;20,5;20,1;20,6;20,7;20,5;20,5;20,8;20,8;20,6;20,7;20,9;20,7;20,6;20,4;20,5;20,8;20,7;20,5;20,6;20,1;20,5;20,6;20,8;20,6;20,2;20,7;20,6;20,5;20,6;20,5;20,6;20,2;19,9;20,4;20,6;20,1;20,7;19,9;20,4;20,7;20,1;20,2;19,9;20,1;20,8;20,2;19,9;20,2;20,1;20,2;20,1;20,1;20,1;20,2;20;20;20;20,2;20;19,9;20,1;19,8;19,6;19,9;20;20;20;20,2;20,2;19,9;19,8;19,6;19,8;20;20,4;20,5;20,8;20,6;20,4;20,2;20,2;19,9;19,6;20,1;20,5;20,1;19,9;20;20;20,4;19,9;20;20,1;20;20,2;20,4;20,6;20,5;20,2;20,2;20,1;20,4;20,4;20,6;20,5;20,4;20,5;20,5;20,4;20,6;20,2;20,2;20,2;20,1;20,6;20;19,8;20,4;20,4;20,2;20,6;20,4;20,4;20,4;20,2;20;20,5;19,8;20,4;20,4;20,2;19,8;19,8;20,6;20,1;20,2;20,1;20,4;20,5;20;19,5;19,9;20,1;20;20;20;20,8;23,4;26,3;27,1;27,3;27,2;27,4;27,6;28,9;30,3;31;31,3;31,4;31,7;31,8;32,2;32,1;32;32,4;32,4;32,4;32,2;32;32,2;32,2;32,5;32,7;32,1;32,1;31,8;31,8;32,2;31,7;31,7;31,8;31,6;31,7;32,1;31,8;31,7;31,5;30,9;31,1;30,8;31;31;30,6;30,8;30,4;30,8;30,4;30,7;30,1;30,5;30,4;30,3;30,6;30,2;30,9;30;30;29,7;29,9;30,2;29,5;30;29,4;30;29,2;29,9;29,3;30;29,1;29,7;29,4;29,3;29,7;29,5;29,5;29,4;29;28,7;28,9;29,3;29,2;29,5;29,5;29,2;29,2;29,3;29,2;29,3;29,2;29,4;29,9;29,7;29,4;29,3;29,4;29,7;29,5;29,5;29,4;29,5;29,9;29,7;29,1;29,7;30,2;29,7;29,7;29,5;30;29,3;30,1;30;29,9;29,3;29,7;29,9;30,1;29,9;29,9;29,7;30;29,9;29,7;30,1;30,2;29,9;30,3;30,3;30,1;30,4;30;29,7;29,7;30,1;30,1;29,4;29,7;30,1;30,3;30,3;30,1;30;30,2;30,3;30,2;30;30,2;30,1;30;30,2;30,4;30,3;30,1;29,7;30,1;30,4;30,3;30,4;30,5;30,5;30,1;29,9;29,9;29,7;30,3;30,3;30,1;30,2;30,1;29,7;30;30,1;30;30,2;30,3;30,3;30,2;30;30,2;30,5;30;30;30;30,2;30,1;30,1;30,5;30,2;30,7;30,5;30,1;30,1;30;30,3;30,6;30,6;30,5;30,5;30,6;31;30,6;30,1;30,7;30,7;31,1;30,7;30,8;30,8;30,8;30,7;30,5;30,8;31,2;31,2;30,8;30,8;30,6;30,7;31,1;31,1;31;31,1;31,4;31,6;31,1;31;31,1;31,1;31,3;31,6;31,5;31,3;31,4;31,2;31;31;31;30,9;30,9;31,2;31,2;30,8;30,7;30,6;30,6;31;30,8;30,9;31;30,6;30,3;30,4;30,5;30,4;29,7;29,1;28;27,3;27,2;26,7;26,7;26,3;23,6;21,9;20,1;20;19,9;19,9;20;19,6;19,8;19,8;19,8;19,6;19,8;19,8;19,6;19,6;19,8;19,6;19,9;19,9;20;20;20,1;19,5;19,6;19,5;19,6;19,8;19,9;19,5;19,6;20;20,1;19,9;20,2;20,1;19,9;19,8;20,2;19,8;20,1;19,9;20;20;19,9;20,1;19,6;19,6;19,6;20,2;19,8;19,4;19,4;19,3;19,3;19,5;19,9;19,9;19,8;19,2;19,3;19,5;19,9;20;19,5;19,5;19,6;19,9;19,8;19,5;19,4;19,4;19,5;19,4;19,8;20;19,8;19,8;19,6;19,9;19,6;19,4;20,4;20,4;19,4;19,6;19,6;20;19,6;19,6;18,7;19,8;19,5;19,4;19,4;20;19,9;20,2;19,6;20,1;20,1;19,6;19,6;20,1;19,4;20,2;20;19,6;19,5;19,8;20,1;19,8;19,8;19,5;19,4;20,4;19,8;19,6;19,8;19,8;19,6;19,8;19,6;19,8;19,8;19,4;19,5;19,5;19,5;20;19,6;19,4;19,6;19,9;19,5;19,5;19,6;19,8;19,3;19,5;19,4;19,4;19,5;19,9;19,6;19,9;19,8;19,9;19,2;20;19,8;19,8;19,5;19,4;19,6;19,4;19,4;19,8;19,5;19,5;20;19,5;19,3;19,6;19,6;19,5;19,2;19,9;18,7;19,4;19,3;19,5;18,9;19,5;19,6;19,2;19;19,3;19,3;18,9;1920,5;20,6;20,6;20,6;20,6;20,5;20,6;20,8;20,8;20,7;20,5;20,2;20,1;20,9;19,9;20,6;20,5;20,5;20;20,6;20,6;20,7;20,6;20,4;20,7;20,6;20,6;20,7;20,7;20,5;20,5;20;21,1;20,2;20,1;20,1;20,8;20,1;20,7;20,4;20;20,5;20,5;20,8;20,5;20,5;20,2;20,7;20,4;20,6;20,7;20,6;20,5;20,8;20,8;20,7;20,5;20,2;20,5;20,5;20,2;20,4;20,8;20,6;20,2;19,9;20,4;20,5;20,6;20,6;20,6;20,2;19,5;20,4;20,5;20,8;20,7;20,8;20,1;20;20;20,6;20;20,5;19,8;20;19,9;20,2;20,1;20;20;20,2;20,5;19,9;20,6;20,1;20;19,8;19,9;20;20,1;19,9;19,6;20,1;20,4;20,1;20,2;19,9;19,3;19,8;20,1;20,1;20,1;20,4;20,4;20,1;20,1;19,9;20;20,1;20;19,9;19,6;19,8;19,8;19,9;20,1;20,2;20;20;19,9;19,9;19,9;19,8;19,9;19,9;20,2;20;20,2;19,8;20;20;19,9;20,1;20,2;19,9;20,1;20,5;20,2;20,2;20,1;20,1;20;20,5;20,4;20,7;20,6;20,4;20,4;20,4;20,2;20,5;20,1;20,1;20,2;20,2;20,4;20,4;20,4;20,4;20,1;20,5;20,1;20,4;19,6;20;19,9;20;19,9;20,1;20,5;20,2;20;20,2;20,4;20,4;20,4;20;20,2;20;20;20,2;20,4;21,5;23,8;26,3;27,2;27,1;27,4;27,6;28;29;30,4;31;31,2;31,7;32,1;32,2;32,1;31,7;32,1;32,5;32,6;32,4;32,2;32,2;32,2;32,4;32,9;32,5;31,8;32,1;32;31,8;31,8;32,1;32;31,6;31,7;31,7;32,1;31,7;31,6;31,3;31,4;31,2;31;31,3;31,1;30,8;31;30,5;30,7;30,7;30,6;30,1;30,6;30,2;30,1;30,3;30,4;30;30;30,2;30,4;29,7;29,9;30;29,9;30,4;29,7;30,2;30,5;29,2;29,1;30;29,3;29,2;29,4;29,4;29,9;29,5;29,5;29,7;29,7;29,4;29,4;29,3;29,7;29,2;28,9;29,3;29,9;29,7;30;29,5;29,4;29,5;30;29,4;29,2;29,3;29,5;29,5;29,9;29,9;29,4;29,9;30,1;30,1;29,4;29,4;30;30,1;30;29,4;30,1;30,1;30,2;29,7;29,7;29,5;29,5;29,2;29,5;30,2;29,5;29,7;29,3;30,2;30,1;29,9;30,7;29,9;30,1;29,1;30,1;29,7;29,4;30,2;30;30,5;30,4;30,1;30,2;30,6;30,5;30,3;30,3;30,1;30,2;30,5;30,1;30,3;30;30,2;30,3;30,1;30;30,1;30,5;30,5;30,2;30,2;30;30,2;30,5;30,6;30,2;30,1;30;30;30,1;30,1;30,1;30,1;30,6;30,6;30,8;30,6;30,5;30,4;29,9;30;30,3;30;30,5;30,4;29,5;30;30,3;30,1;30,2;30,4;30,4;30,5;29,7;30,7;30,4;30,5;30,2;30,9;30,6;30,1;30,6;30,8;30,5;30,7;31,1;30,5;30,7;30,7;30,6;31;31,2;30,8;31;30,6;30,7;30,8;31;31;30,9;30,9;31,4;31,4;31,4;31,2;31,1;31,3;31,4;31,3;31,3;31,3;31,2;31,1;31,5;31,5;31,5;32;31,7;31,2;31;31;31,1;31,3;31,1;31,1;31;31;31;30,8;30,9;30,9;30,8;30,9;30,7;30,5;30,6;30,6;30,4;29,9;29,1;28,2;27,4;27,4;26,7;26,7;26,5;24,3;22,2;20,6;20;19,9;19,8;20,1;20,2;20,2;19,6;19,8;19,5;19,8;19,6;19,6;19,5;19,6;19,6;19,8;20,2;19,8;19,8;20,1;19,6;19,9;19,8;19,5;20;20,4;19,4;19;19,3;19,6;20,1;20,2;20;19,4;19,2;19,5;20;20;19,9;20;19,5;19,6;19,6;19,5;19,9;19,8;19,6;19,8;19,6;19,2;19,5;19,8;19,2;19,4;19,6;20,1;20;19,5;19,9;19,9;19,8;19,8;20;19,8;19,6;19,9;19,6;19,5;19,8;19,8;19,4;19,5;20,1;19,6;18,9;19,5;19,8;19,6;19,5;20,1;20,1;19,4;19,4;19,6;20;19,6;19,2;19,3;19,2;19,8;19,5;19,3;20,1;19,5;19,9;19,5;20;19,8;19,9;19,5;19,6;19,4;19,4;19,6;19,6;20,2;19,6;20;19,5;19,6;19,5;19,3;19,4;20,1;20,2;20;20;19,8;19,2;19,2;19,6;19,8;19,8;19,6;19,5;19,6;19,6;19,4;19,5;19,8;19,5;19,3;19,9;20,5;19,4;19,2;19,5;18,8;19,8;19,4;20;20;19,6;20,1;19,4;19,4;19,9;19,3;19,8;19,8;19,5;19,8;19,6;19,9;19,9;19,4;19,5;19,6;19,3;19;19,6;19,2;19,5;19;19,8;19,3;19,8;19,8;19,8;19,4;19,2;19,5;19,6;19,3;19,3;19,8;19,5;19,420,4;20;20,4;20,6;20,6;20,7;20,5;20,8;20,5;20,4;20,9;20,5;20,4;20,5;20,7;20,7;20,4;20,4;20,5;20,5;20;20,1;20,2;20,1;20,4;20,5;20,6;20,7;20,6;20,6;20,5;20,1;20,4;20,4;20;19,9;21,1;20,4;20,6;20,2;20,4;20,8;20,7;20,5;20,6;20,6;20,2;20,7;20,5;20,5;20,6;20,7;20,5;20,5;20,5;20,4;20,2;20,6;20,6;20,4;20,7;20,6;19,9;20;19,9;20,5;20,7;20,7;20;20,5;20,6;20;19,9;20;20,5;20,2;21,1;19,9;20,4;20,2;20,4;20,4;20,4;21,1;20,2;20,2;20,4;20,4;20,5;20,4;19,9;20;20,8;20,4;20,5;20,4;19,9;20;20,1;20,2;20,2;19,9;20,2;20,4;20,4;20,2;20,5;20,1;19,9;20,2;20,1;19,9;20,1;20,2;20,1;20,1;20,1;20,5;20,2;20,1;20,2;20;19,8;20,1;20,1;20;20,1;20,4;19,9;19,6;19,9;20,4;20,1;20,2;20,1;19,6;20,2;20,2;20,2;20,2;20,7;20,4;20,5;20,6;20;20;20,5;20,5;20,5;20,7;20,4;20,5;20,1;20,2;20,5;20,7;20,7;20,6;20,5;20,6;20,9;20,9;20,5;20,2;20,5;20,2;20,5;20,6;20,4;20,1;20,2;20,4;20;20,4;20;20,1;20;20,2;20,2;20,2;20,5;20,1;19,8;20,2;20,2;20,6;20,2;20,2;20,2;20;20;20,2;20,7;21,6;23,8;26,4;27,2;26,8;27,4;27,7;28,2;29,4;30,5;31,1;31,4;31,8;32,1;32,5;32,5;32,2;32,4;32,2;32,2;32,6;32,7;32,9;32,9;32,6;32,5;32,4;32,1;32,4;32,1;32,1;31,8;31,5;31,7;31,7;31,7;32,1;31,6;31,5;31,5;31,3;31,4;31,5;31,3;31;31;30,9;30,9;30,8;30,6;30,3;30,1;30,4;30,1;30;30,3;30,4;30,6;29,9;30,2;29,5;29,7;30,2;29,7;29,7;29,9;29,5;29,7;29,9;29,7;29,7;29,9;29,3;29,7;29,3;29,7;29,7;29,5;29,2;29,5;30,1;29,7;29,5;29,5;29,4;29,9;29,4;29,4;29,3;29,5;29,7;29,5;29,5;29,1;29,2;29,9;30;30;29,9;29,4;29,5;29,7;29,5;30;30,2;30,1;29,9;29,4;30,1;30;29,9;29,5;29,7;29,7;30;29,4;29,5;29,3;30;30;29,4;29,7;29,9;29,7;30,3;29,9;30,4;29,7;29,9;29,5;29,7;30;30,2;29,7;30,6;29,5;30;30,2;30;30,4;30,3;30,5;30,5;30,2;30,3;30,3;30;30,4;30,3;30,3;30,4;30,2;30,3;30,4;30;30,2;30;29,7;29,9;29,9;30,1;30,2;30,4;30,5;30,2;29,7;29,7;30;30,2;30,3;30,1;30,2;30,2;30,2;30,2;30,3;30;30,2;30;30,3;30,3;30,5;29,5;30,4;30,3;30,3;30,2;30,1;30,3;30,4;30,5;30;30,3;30,4;30,3;30,3;30,6;30,4;30,8;30,8;30,5;30,1;30,6;30,9;30,7;30,1;30,4;30,6;30,5;30,9;31,2;30,7;31;30,9;30,9;30,9;30,8;30,7;31,1;31,2;30,8;31,1;31,2;31,2;31,1;31,1;31,2;31;31,2;31,5;31,4;31,3;31,5;31,6;31,4;31,5;31,6;31,6;31,7;31,5;31,4;31,4;31,1;30,9;31,1;31,2;31,2;31,1;31,1;31;30,8;30,9;30,9;30,8;30,8;30,9;30,9;30,5;30,1;29,3;28,4;27,6;27,3;27,4;27,1;26,4;24,3;22,3;20,9;20,4;20,1;20;20,4;20,2;20,2;19,8;19,9;19,5;19,9;19,6;20,1;19,8;19,8;19,8;20,2;20,1;20;20,2;20,2;20,4;20;19,8;19,8;19,4;19,6;19,5;19,5;19,9;20,2;20,1;20;20,4;20,2;19,8;19,6;19,4;19,8;20;20,1;19,6;20;19,4;19,8;19,6;19,4;19,8;20;20;20,2;19,9;20,1;20,2;19,8;19,9;20,4;19,9;19,8;20,1;19,9;19,8;19,8;20;20;19,9;20,1;20,4;20;19,8;19,8;19,5;19,8;20,2;20;19,3;19,5;19,8;19,9;19,5;19,9;20,2;19,5;19,5;19,8;19,8;19,6;19,4;19,9;19,2;19,8;19,5;19;20,1;19,4;19,3;19,5;20;19,8;19,8;19,6;20,4;19,4;19,6;19,6;19,4;19,6;19,9;19,4;19,4;19,4;19,6;19,3;19,6;19,4;19,2;18,9;19,3;19,6;19,5;19,2;19,4;19,5;19,3;19,4;19,5;19,4;19,5;19,3;19,5;19,9;19,6;19,6;19,2;19,9;19,3;19,5;19,8;19,3;19,8;19,6;19,8;19,9;19;20,1;19,2;19,6;19,5;19,8;19,5;19,6;19,4;19,2;19,2;19,6;19,5;19;19;19,5;19,8;19,4;19,4;19,5;19,6;19,6;18,9;19,3;19;19,2;19,6;18,9;18,8;18,9;19,3;19,2;19,5;19,4;18,8;18,720;20,2;20,6;20,2;20,4;20,1;19,5;19,9;20,4;20,6;20,8;20,7;19,9;20,7;19,9;19,4;20,5;20,7;20,5;20,5;20,5;20,5;20,4;20,2;20,8;20,8;20,6;20,5;20,6;20,8;20,6;20,1;20,4;20,6;20,4;20;21,1;20,5;20,8;20,9;20,6;20,9;20,9;20,6;20,5;20,6;20,2;20,6;20,2;20,6;20,7;20,8;20,6;20,6;20,8;20,7;20,5;20,8;20,7;20,5;20,6;20,5;20,8;20,8;20,6;20,5;20,1;20,4;20,2;20,1;20,7;20,8;20,7;20,8;21,1;21,5;20,6;19,6;20,5;20,1;20,5;20,8;20,6;20,9;20,7;20,2;20,1;20,4;20,8;20,5;20;20,7;20,9;20,4;20;20,2;20,2;20,5;20,8;20,2;20,4;20,2;20,2;20,4;20,4;20,6;20,6;20,5;20,4;20,2;20,1;19,9;20,1;20,1;20,2;20,6;20,2;20,2;20,5;20,2;20,4;20,6;20,4;20,5;20,6;20;19,8;20,2;20,1;19,9;20,2;20,4;20,2;20,2;20,6;20,4;20,5;20,5;20,5;20,4;20,4;20,2;19,9;19,9;20,2;20,6;20,7;20,6;20,1;20,6;20,6;20,7;20,5;20,6;20,7;20,8;20,7;20,6;20,5;20,9;21,1;20,8;20,6;20,4;20,5;20,5;20,6;20,5;20,6;20,6;20,4;20,2;20,2;20,6;20,6;20,6;20,4;20,5;20,1;20,2;20,4;20;19,9;20,4;20,2;20,7;20,1;20;20,2;20,1;19,9;20,4;20,8;21,5;23,7;26,5;27,4;26,8;27,3;27,5;28,1;29,4;30,6;31,3;31,6;31,7;32;32,4;32,4;32,4;32,5;32,6;32,4;32,4;32,5;32,7;32,5;32,8;32,9;32,6;32,5;32,5;32,2;32,1;32,1;32;31,6;32,1;31,8;31,5;31,7;31,7;31,6;31,3;31,2;31,3;30,9;30,9;30,9;30,8;30,1;30,5;30,7;30;30,6;30,2;30,2;30,1;30,3;30;30;30,1;29,7;30,1;29,3;29,7;29,3;29,5;30;29,3;29,7;29,3;29,9;29,3;29,2;29,2;29,5;29,1;30,1;29,4;29,5;29,5;29,9;30;29,2;29,7;29,7;29,3;29,4;29,7;29,3;29,2;29,3;29,3;29,2;29,5;29,4;29,1;29,3;29,5;29,7;30,1;30,2;30,2;30,3;30,2;29,4;29,3;29,7;29,9;29,7;29,7;29,3;30,2;30;29,9;29,9;29,7;30;30;29,7;29,2;29,5;29,2;29,5;29,9;30,3;29,4;29,9;30,5;29,7;30,4;30,3;30;30,2;29,7;30,5;30,7;30,1;30,4;29,9;30,2;29,9;30;30,3;29,9;29,9;30,1;30,3;30,4;30,5;30;30,2;30,4;30,1;30,2;30,4;30,3;30,3;30;29,7;30,3;30,7;30,3;30,4;30,5;30,1;30,1;30,1;30,1;30,1;30,2;30,1;30,3;30,3;30,2;30,2;30,4;30,2;30,1;30,5;30,2;30,6;29,9;30,2;29,4;30,8;29,9;29,5;30,3;30,2;30,2;30,2;29,9;30,3;30,4;30,2;29,9;30,7;29,7;30,6;30,2;30,3;30,3;30,5;30,3;30,5;30,5;30,3;30,7;30,5;30,4;30,9;30,6;30,9;30,8;30,4;30,6;30,8;31,3;31;30,9;31,1;30,7;30,8;31,5;31,3;30,9;30,7;31,2;31,3;31,4;31,4;31,4;31,3;31,4;31,5;31,6;31,5;31,7;31,8;31,6;31,7;31,6;31,5;31,4;31,1;31,2;31,4;31,2;30,8;31;31,3;30,9;31;31,1;30,8;30,8;30,8;30,8;30,5;30,2;29,1;28,2;27,9;27,4;27,4;27,2;26,4;24;21,9;21,1;20,7;19,9;20,1;20,1;19,9;19,8;20;20;19,6;20;19,6;19,9;19,8;20,1;20,1;20;19,8;19,4;20,1;20,6;20,4;19,9;19,4;19,3;19,5;19,9;19,8;19,8;20,1;20,6;19,8;19,9;20;19,6;19,4;20;20,4;20,4;20;19,5;19,6;20,2;20,2;19,8;19,8;19,8;19,6;20,2;20;19,9;19,9;19,6;19,8;19,9;19,8;19,8;19,8;20;20,1;20;19,5;19,6;19,9;19,6;19,8;20,2;20;19,8;19,8;19,9;19,8;20,1;20;19,9;19,8;20;19,5;20,1;19,6;19,6;20,2;19,5;19,9;19,8;20;19,8;20;19,9;19,9;19,8;19,9;19,6;20,2;19,6;19,6;19,8;20,2;19,9;20,1;19,4;20;19,8;19,8;19,6;19,3;19,9;19,8;19,5;19,6;19,8;19,5;19,8;19,9;19,9;19,5;19,6;19,8;19,6;19,9;19,9;19,9;19,9;19,5;19,4;19,6;19,6;19,9;20,1;19,8;19,4;19,3;20,1;19,3;19,9;19,3;19,8;19,9;20,1;19,6;19,8;19,5;19,8;19;19,5;19,3;19,6;19,8;19,9;19,5;19,4;19,5;19,6;19,6;19,4;19,6;19,8;19,9;19,8;19;19,4;19,8;19,6;19,4;19,2;19,3;18,4;19,4;19,4;19,4;19,5;18,9;19,4;19,2;18,8;19;19,2;18,9;18,620,2;20,8;20,5;19,8;20,1;20,6;20,6;20,4;20,1;20,1;20,4;21,1;20;20,7;20,2;20,7;20,1;21,2;20,2;20,1;20,7;20,9;20,5;19,9;20,4;20,9;20,6;20,4;20,6;20,8;20,7;20,4;20,6;20,4;20,7;20,5;20,9;20,4;21,1;21,1;20,4;20,8;20,6;20,5;20,2;21,1;20,4;20,7;20,4;20,6;20,4;20,8;20,7;20,8;20,9;20,8;21,1;21,1;20,5;20,7;21,2;20,9;20,8;20,9;21,1;20,8;20,6;20,5;20,7;20,9;21,4;21,1;21,2;20,8;20,6;20,7;20,7;20,4;20,7;21,2;20,7;20,7;21,2;21,2;20,8;20,1;20;20,1;20,7;20,6;20,2;20,7;20,9;20,1;20;20,4;20,4;20,6;20,8;20,1;20,5;20,2;20,5;20,4;20,5;20,2;20,2;20,5;20,5;20,2;20,4;20,2;20,4;20,5;20,5;20,2;20,1;20,2;20,4;20,4;20,4;20,6;20,4;20;20;19,9;19,8;20,4;20,7;20,4;20,2;20,2;20;20,1;20,4;20,5;20,4;20,4;20,5;20,4;20,1;20,2;20,5;20,4;20,5;20,5;20,2;20,2;20,2;20,1;20,5;20,7;20,4;20,6;20,6;20,5;20,5;20,5;20,6;20,6;20,8;20,5;20,5;20,4;20,5;20,4;20,2;20,5;20,6;20,2;20,1;20,4;20;20,4;20,5;20,7;20,5;20,6;20,2;20,6;20,4;20,2;20;20,1;20,1;20,4;20,1;20,2;20,5;20,4;20,2;20,6;20,9;21,5;23,7;26,6;27,4;27,2;27,3;27,4;27,9;29,2;30,5;31,2;31,6;31,7;32;32,5;32,5;32,4;32,7;32,8;32,6;32,5;32,4;32,5;32,7;32,7;32,6;32,4;32,2;32,4;31,8;31,7;32,5;32;31,7;32,1;31,8;31,4;31,3;31,4;31,4;31,1;31,2;30,6;30,8;30,6;30,5;30,7;30,4;30,6;30,3;30,3;30,6;29,9;30,2;30,5;30,2;29,7;29,3;30,1;29,7;29,5;29,7;28,7;29,9;28,8;29,9;29;28,8;29,4;29,2;29,2;29,4;29,4;28,8;28,9;29,3;29,1;29,3;29,1;29,4;29,2;29,1;29,1;29,1;29;29,3;29,1;29,3;29,5;29,3;29,4;29,2;29,3;29,5;29,5;29,5;29,3;29;29,2;29,4;29,3;29,7;29,9;29,5;29,7;29,9;29,9;29,5;29,9;29,3;29,9;29,7;29,5;29,5;29,4;29,4;30;29,5;29,9;29,4;29,3;29,4;30;29,4;29,4;30,2;29,9;29,2;30,4;29,7;29,9;29,9;30;30;29,4;29,9;29,9;30,1;30,1;30,1;30,2;30,2;29,7;30,1;30,2;30,1;30,3;30,1;29,7;29,9;30;29,9;30,3;29,9;29,4;30;30;29,9;30,3;30,2;29,9;30;30,2;30,1;30;30,1;30,1;29,7;30,2;30,4;30,2;30,3;29,9;30,1;30;30,2;30,1;30,4;30;30;29,4;30;29,3;30,1;29,5;30;29,2;29,9;30,4;30,3;30,2;30,4;30,1;29,2;30,1;30,3;29,7;30,4;30,2;30,4;30,1;30,7;30,1;30;30,1;29,7;30;30,2;30,6;30,4;30,7;30,5;30,4;31,1;30,5;30,7;30,9;30,8;30,7;30,8;30,6;30,7;30,9;30,8;30,8;31,1;31,2;31,4;31,5;31,2;31,2;31,3;31,2;31,3;31,3;31,4;31,6;31,6;31,5;31,6;31,3;31,2;31,3;31,3;31,2;31,3;31,3;31,1;30,9;31,1;31,1;31;31,1;30,9;30,6;30,8;30,7;30,5;30;29;28,1;27,8;27,8;27,3;27,2;26,2;24,5;22,1;20,9;20,6;20;20,2;20,2;19,9;19,8;20,2;20,2;20;19,8;19,9;19,9;20;20;20,2;19,9;19,8;19,9;20,2;19,9;19,9;19,6;20;20,1;19,8;19,8;19,8;20,2;20,5;20,2;19,4;19,6;19,6;19,5;20,1;19,8;19,5;20,4;20,4;20,1;20;19,6;19,9;19,8;19,6;19,8;20;20,2;19,9;19,5;19,5;19,9;20,1;19,5;19,6;20,1;20,1;19,6;19,8;20,1;19,9;19,6;20;20;20;20;19,9;20;20,4;20,2;19,8;20;20,2;20;19,8;20,2;19,8;20,1;20;19,4;20,1;19,6;20;19,8;20,4;19,8;19,9;19,6;20;19,9;19,6;20;20,1;19,6;19,9;20;20,2;19,9;20,1;19,4;19,6;19,4;20;19,6;20,7;20,6;20,2;19,9;20,2;20;20;19,9;19,8;19,8;20,4;20,2;19,9;19,6;20;19,6;19,4;20;20,1;19,8;19,8;19,8;19,9;19,9;19,8;19,4;19,4;19,6;19,8;20;19,8;20;19,8;20,1;19,9;19,6;19,6;19,6;19,2;19,3;19,6;19,9;19,8;19,9;19,9;19,6;19,8;19,5;19,4;19,6;19,6;19,4;19,5;19,5;19,5;19,2;19,9;18,9;19,3;19,2;19,8;20,2;20,2;19,3;18,9;19,3;19,2;19,4;19,5;19,6;19,4;19,2;19,5;2020,8;20,9;20,6;20,4;20,9;20,8;20,2;20,6;20,6;20,6;20,6;21,1;20,1;20,4;21,1;20,7;20,7;20,6;20,2;20,4;20,8;21,2;21,5;20,6;20,6;20,6;20,6;20,6;20,8;21,1;20,7;20,5;20,6;20,5;20,6;20,7;20,9;20,7;20,6;20,8;20,6;21,1;20,8;20,7;20,9;21,1;20,6;21,1;20,8;20,7;21,1;20,8;20,2;20,7;20,9;20,6;20,6;20,8;20,8;20,6;20,5;20,6;20,7;20,5;20,5;20,8;20,7;20,6;20,6;20,9;20,8;20,5;20,6;21,1;20,8;20,7;20;20,9;20,5;20,7;20,4;20,5;20,7;20,8;20,5;20,2;20,5;20,4;20,7;20,5;20,4;20,1;20,6;20,2;20,2;20,9;20,4;20,6;20,6;20,1;20,4;20,2;20,5;20,2;20,1;19,9;20,1;20,1;20,2;20;20,6;20,4;20,1;20,1;20,4;20,4;20,1;20,2;20,4;20,2;20,4;20,2;19,9;20;20,1;20,1;20,6;20,5;20,5;20,2;20,1;20,2;20,4;20,5;20,5;20,7;20,7;20,4;20,7;20,6;20;20,2;20,5;20,2;20,4;20,2;20;20,4;20,5;20,7;20,5;20;20;20,6;20,5;20,6;20,7;20,6;20,6;20,5;20,7;20,6;20,4;20,4;20,5;20,5;20,5;20,4;20,4;20,2;20,5;20,7;20,1;20,4;20,1;20,5;20,5;20,6;20,4;20,5;20,1;20,1;19,5;20;20;20,1;20;20,2;20,2;20,2;20,5;20,6;20,8;21,5;23,8;26,4;26,8;27,1;27,1;27,2;28;29,3;30,4;30,9;31,4;31,7;31,8;32,2;32,1;32,1;32,5;32,2;32,5;32,2;32;32;32,5;32,6;32,5;32,2;32;31,8;31,8;31,7;31,5;31,4;31,2;31,6;31,4;31,2;31,4;31,1;30,9;30,7;30,6;30,8;30,8;29,9;30,4;30,3;30,3;29,4;30,4;29,5;30,3;29,4;29,5;29,9;30,1;29,3;29;29;28,9;29,1;29,2;29,1;29,4;29;28,8;28,7;28,5;29,5;29,3;28,7;29,2;29;29,2;28,6;29,4;29,4;29;29;28,7;28,9;29,4;29,2;28,8;29;29,1;28,6;28,8;29,2;29,5;29,4;29,1;29,3;29,5;29,1;29,2;29,2;28,9;29,1;29,1;28,8;29,1;29,2;29,4;29,7;28,8;29,2;29,3;29,7;29,2;29,7;29,4;29,2;29,4;29,1;29,2;29,4;29,3;28,9;29,3;29,2;29,4;29,3;29;29,4;29,7;29,9;29,9;30,3;29,2;29,2;30,1;30,1;30;30,2;29,7;29,2;29,9;29,7;29,5;29,4;29,5;30,3;30;29,9;29,7;30,1;29,7;29,5;30;29,9;30;29,7;29,9;29,7;29,9;29,9;30,1;30,1;29,7;29,7;29,9;30,2;30,1;29,9;29,7;29,3;29,4;30,1;29,9;29,5;30;29,7;29,9;29,9;29,9;29,7;30,2;30;29,9;30,1;30,1;29,1;30;29,7;30,2;29,9;29,3;30;29,9;30,4;29,2;30,2;29,3;29,9;30,2;29,4;30,2;30,2;29,5;29,4;30;29,9;30,3;29,5;29,9;29,9;30,1;29,9;30,5;30;30,6;30,6;30,3;30,5;30,4;30,3;30,7;30,5;30,9;30,9;30,6;30,8;30,4;30,5;30,7;30,9;31;31,1;30,8;30,8;31;31,1;31,1;31,3;31,3;31,3;31,1;31,1;31,1;31;31;30,9;30,9;31;31,1;31,2;31,1;30,8;30,7;31,1;31,1;31;30,8;30,7;30,8;30,8;30,3;29,5;28,9;27,9;27,6;27,6;26,8;26,7;26,3;24,3;22,3;21,1;20,1;19,9;20;20,4;20;19,6;20,2;20,2;20,1;19,5;19,8;19,9;20,1;19,6;19,6;20,1;20;20,1;20;20,5;20;19,8;19,4;19,6;19,8;19,9;20,4;20,2;20,2;20,1;19,8;19,5;19,8;19,8;19,9;19,9;19,9;20,5;20,1;20;20,1;20;20,5;20,4;20,1;19,6;19,8;20,4;19,8;19,5;19,6;19,9;20,1;19,8;19,5;19,5;19,8;19,4;19,5;20;20;19,9;19,8;20;20,1;20;20;20;19,9;20;20,1;20,4;20,5;20,1;19,5;19,5;19,3;19,9;19,8;19,6;20;19,8;20;19,5;19,9;19,8;19,6;19,9;20,2;20,1;19,5;20,4;20,2;19,5;20,1;19,9;19,9;20;20,1;19,6;19,9;19,9;20;19,6;20,4;20,7;20,1;19,9;20,2;19;19,9;19,9;19,8;20,5;20,6;20,2;20,2;20;20,1;19,9;19,9;20,1;19,9;19,9;19,6;19,4;19,6;19,5;20;19,8;19,6;19,8;19,5;19,9;20,4;20;19,8;19,6;20;19,9;20,1;19,8;19,8;19,3;20;19,9;19,6;19,6;20,1;20;19,9;19,5;19,3;19;19,4;20;19,6;20;20;19,8;19,8;19,5;19,2;19,4;20,4;18,9;19,5;20,1;19,5;20;19,9;20;20;19,8;19,9;19,8;19,4;19,320,6;20,2;20,5;20,6;20,5;20,4;20,2;20,4;20,5;20,7;20,5;20,4;20,2;20,8;20,4;21,1;20,7;20,9;20,4;20,6;20,6;20,8;20,7;20,6;20,6;20,9;21,4;21,1;20,8;20,7;20,5;20,6;20,5;20,4;20,4;20,4;20,7;20,8;20,6;20,8;20,9;21,2;21,1;20,7;20,8;21,1;20,9;20,9;21,1;20,9;21,5;20,7;20,5;20,5;20,7;20,8;21,2;20,9;20,6;20,7;20,8;20,8;20,7;20,9;20,8;20,5;20,6;20,6;20,5;20,5;21,4;20,4;20,6;20,5;21,1;20,8;21,2;20,6;20,6;20,8;20,6;20,5;20,1;20,6;19,9;20,4;20,5;20,5;20,5;20,5;20,5;20,2;20,6;20,4;20,2;20,6;20,2;20,4;20,6;20,2;20,4;20,4;20,1;20;20,1;20,1;20,4;20,2;20;19,8;20,1;20,1;19,9;19,8;20;19,9;20;20;20,4;20,5;20,1;20,1;20,2;20,4;20,4;19,9;20;20,5;20,8;20,5;20;20,4;20,4;20,1;20,2;20,1;20,1;20,4;20,1;19,9;19,6;19,9;20,2;20,6;20,4;20,6;20,5;20,2;20,4;20,4;20,4;20,2;20,5;20,6;20,4;20,5;20,2;20,5;20,4;20,2;20,4;20,5;20,1;20,6;20,4;20,2;20,1;20,4;20,2;20;20,2;20,4;20;20,1;20;20,4;20,5;20,2;20,2;20,2;20;19,9;20;20,1;20;20,1;20,1;20,1;20;20,1;20,5;20,6;20,6;21,6;23,9;26,5;27,1;27,2;27,3;27,4;28;29,5;30,6;31,1;31,6;31,8;32;32,1;32,2;32,5;32,4;32,2;32,4;32,2;32,1;32,1;32,6;32,6;32,2;32,4;31,7;31,6;32,1;31,5;31,7;31,5;31,5;32;31,7;31,4;31,2;31,3;31,1;31,1;31,1;31;30,5;31;30,6;30,1;30,1;30,1;30,2;30,1;29,7;29,7;30,1;30;30;29,7;29,9;29,7;29,5;29,5;29,1;28,7;29,4;29,5;29,2;28,8;28,9;29,3;29,2;29,1;28,6;28,8;28,9;29;29,1;29;28,9;28,7;29,2;29,4;29,1;29;28,8;29,4;29,3;29,2;29,7;29,3;29,4;29,3;29,3;29,5;29,4;29,3;29,2;29,2;29,3;29,5;29,5;29,4;29,7;29,5;29,4;29,5;29,2;29,1;29,4;29,5;29,4;30;29,9;29,7;29,2;30;30,1;30;30,3;29,9;29,4;30;30,2;29,4;29,5;30;29,4;29,5;29,9;29,7;30,2;30,1;29,9;29,5;29,5;30,3;30,1;29,7;29,5;29,7;29,5;30,1;30,1;30;30,3;30,2;29,9;30;30,1;29,7;30;29,9;30,1;30,4;30;29,5;29,9;29,9;29,7;29,9;30;30,1;30,1;30,1;30;29,9;30,1;30,2;30,5;30,3;29,9;30,2;30,4;30,2;30,1;29,4;30,3;30,3;30,3;30,3;30,6;30,2;29,9;29,5;30,4;29,1;29,9;30;29,9;29,9;30,1;30,1;30,1;30,2;30,3;30,1;30,1;29,5;30,2;29,5;29,9;30;30;29,7;30,5;30,1;30,2;30,2;30,4;30,4;30,1;29,9;30,1;30,6;30,4;30,5;30,8;30,6;31;30,7;30,5;30,5;30,6;30,9;30,9;30,9;30,9;30,9;30,9;31;30,9;30,9;30,9;31,1;31,2;31,2;31,3;31,1;30,9;31,1;31,2;31,1;31;30,8;30,8;30,8;30,9;31;31,1;30,9;30,9;31,1;31,2;31,1;30,9;30,7;30,6;30,6;30,1;29,4;29;28;27,6;27,6;27,3;26,7;26,3;24,3;22,2;20,9;20,1;19,9;19,9;20,4;20,1;19,5;19,8;19,9;20;19,6;19,6;20;19,6;19,6;19,3;19,6;19,9;19,8;19,9;19,8;20,2;19,4;19,2;19,2;19,8;20,1;19,9;19,5;19,8;19,4;19,9;19,9;19,8;19,5;19,2;19,3;19,4;19,9;19,9;19,5;19,6;19,8;20,6;20,1;19,6;19,5;19,8;20;20,2;20,2;19,6;19,3;19,3;19,3;19,4;19,8;20;19,8;19,8;19,8;19,5;19,4;19,5;20;20,1;20,1;20,1;20;19,8;19,8;19,9;20,1;20,1;19,6;19,4;19,4;19;19,6;19,2;19,8;20,1;19,9;19,5;19,4;19,8;19,9;19,8;19,5;19,6;19,8;19,4;20;19,6;19,2;19,6;19,8;20,4;20;19,9;19,5;20,4;19,8;20,8;19,6;19,9;19,9;20;20;19,9;19,9;19,5;19,9;19,6;19,3;19,5;19,6;20;19,9;19,4;19,4;19,8;20;20;19,9;19,9;19,6;19,6;19,6;19,9;19,6;19,3;20;20;19,9;20,4;20,1;20,1;19,3;20,1;20,4;20,1;20,1;20,1;19,5;19,8;19,8;20;19,9;19,9;19,9;19,8;19,6;19,4;19,8;19,6;19,5;19,9;20;19,4;19,6;19,9;19;19,4;19,6;19,3;19,5;20,2;19,3;19,2;19;19,6;19,3;19,9;19,9;19,9;19,9;19,5;19,620,7;20,4;20,4;20,5;20,4;20,4;20,6;20,4;20,8;20,8;20,7;20,5;20,9;20,8;20,5;19,9;20,4;21,1;19,8;20,2;20,5;20,5;20,7;20,8;20,7;20,6;20,6;20,6;20,5;20,4;20,5;20,8;20,4;20,1;20,4;20,1;20,8;20,6;20,8;20,7;20,7;20,8;20,8;20,7;20,8;20,7;20,9;20,8;20,9;20,6;20,9;20,7;20,5;20,6;20,8;20,5;20,6;20,6;20,5;20,7;20,5;20,4;20,6;20,8;20,6;20,2;20,4;20,2;20,6;20,5;20,6;20,1;20,4;20,9;20,8;20;20,4;20,4;20,5;20,1;21,1;20,5;20,4;20;20,1;21,1;20,5;20,1;20,1;20,4;19,9;20,4;20,5;20;20,5;20,1;20,4;20,1;20,4;20;20,5;20,7;20,1;20,2;20,2;20,4;20,6;20,6;20,1;20,1;20,4;20,2;20;20,2;20,2;20,4;20,6;20,6;20,7;20,6;20,5;20,7;20,5;20,4;20,6;20,4;20,2;20,4;20,4;20,6;20,7;20,5;20,2;20,4;20,2;20,5;20,6;20,2;20,2;20;20,2;20,4;20,5;20,7;20,7;20,8;20,6;20,7;20,7;20,5;20;20,4;20,4;20,5;20,5;20,7;20,9;20,7;20,9;20,9;20,7;20,2;20,4;20,8;20,7;20,6;20,1;20,7;20,5;20,5;20,5;20,5;20,1;20,4;20,4;20,4;20,4;20,5;20,4;20,6;20,2;20,2;20,4;20,1;20;20,4;20,2;20,4;20,4;20,4;20,4;20,4;20,8;21,9;24,4;26,6;27,2;27,4;27,7;27,8;28,1;29,5;30,5;31,3;31,8;32;32,1;32,2;32,5;32,6;32,4;32,6;32,2;32;32,2;32,6;32,8;32,6;32,7;32,4;31,7;31,8;31,8;31,5;31,7;31,6;31,5;31,6;31,6;31,3;31,3;31,1;31,5;31,3;31;30,6;30,8;30,1;30,5;30;29,9;29,5;29,3;30,3;29,4;29,5;29,5;29,7;29,4;29,7;29,4;29,9;29,2;29;29,4;28,8;29,1;29;29;28,9;29;29,1;29,1;29,3;29,4;28,9;28,8;28,9;29;29,2;29,3;29,3;29,3;29,4;29,2;29,4;29,1;29,3;29,4;29,3;29,2;29,3;29,3;29,2;29,3;29,7;29,9;29,7;29,5;29,5;29,5;29,7;29,7;29,5;29,7;29,7;29,7;29,7;29,5;29,3;29,7;29,5;29,3;29,5;29,4;29,4;29,4;29,5;29,7;29,5;30;30;29,3;30,2;30,1;29,7;30,2;30,3;29,7;29,7;29,5;30,1;30,4;30,2;30,1;29,9;29,9;29,2;29,7;29,5;29,5;30,2;30,1;30,2;30;29,9;30,3;30,1;29,9;30,1;30;30,3;30,1;30,5;30,4;30,3;30;30;30;30,1;30,1;30,4;30,3;29,9;30;30;30;30,1;30,5;30,3;30,2;30,3;30,1;30,2;30,3;30;30,2;30,3;30,2;30,2;30,4;30;30,1;30,1;30;29,7;30,4;29,7;30,1;29,5;30,2;29,7;30,2;30,1;30,6;30,1;30,3;30,3;30,1;30;29,9;30,5;30,3;29,7;30,3;30,4;30,5;29,7;30,3;29,7;30,2;30,3;30;30,4;29,9;29,5;30,2;30,9;30,6;30,7;30,7;30,7;30,5;30,6;30,7;30,8;30,9;30,6;30,8;30,9;31;31,1;31,2;31,1;31,3;31,2;31;31,1;31,1;31,2;31,2;31,2;31,3;31,4;31,1;31,1;31,1;31,1;31,1;31,3;31,3;31;31,1;31,2;31,1;31,2;31;30,7;30,6;30,6;30,5;29,9;29,1;28,4;27,8;27,6;27,4;27,2;26,4;24,8;22,6;20,9;20,2;20,2;20,1;20,4;20,2;20;20;19,9;19,8;20;19,9;20,2;19,6;19,9;19,9;20,1;20;20,1;20,4;20;20,4;20,1;20;20,5;19,9;19,5;19,4;19,5;19,9;20,2;20,2;20,1;20,2;20;20;19,9;19,6;20,2;20,2;19,8;19,5;19,5;19,8;19,6;19,6;20;20;19,9;19,9;19,6;19,4;19,4;19,6;20,2;20,1;20,1;19,5;18,8;19,6;20,2;20,1;20;19,9;19,5;19,6;19,8;19,8;20;19,9;20,1;20,1;19,9;19,8;20;19,5;19,8;19,5;19,8;19,2;20;20,4;19,9;19,5;19,5;20,4;19,9;19,6;19,5;19,5;19,3;19,3;19,8;19,9;19,3;19;19,5;20,1;20;19,9;19,3;19,5;19,3;20,2;18,9;19,5;19,5;19,5;19,8;20,1;20;19,4;19;19;19,9;19,8;19,5;19,4;19,3;19,4;19,5;19,6;19,5;19,5;19,8;19,9;20,1;19,6;19,3;19,8;19,5;19,4;19,5;19,6;19,9;19,9;19,8;20,1;19,6;20;20;19,8;20;19,5;19,8;19,8;19,4;19,3;19,3;19,4;20,4;20,7;20;19,6;19,5;19,5;20,4;20,1;20;19,8;19,6;20;19,3;19,2;19,5;19,6;19,6;19,8;19,8;20;19,6;19,2;19,3;19,8;20,1;19,6;19,3;19,8;19,820,6;20,4;20,1;19,9;19,9;19,9;20,1;20,6;20,5;20,2;20,1;20,5;20,1;20,2;20;20,7;20,4;20,5;19,8;20,6;20,4;20,9;20,8;20,5;20,4;20,4;20,5;20,5;20,8;20,7;20,7;21,1;20,8;20,7;20,8;20,6;20,9;20,8;20,7;20,8;20,6;20,5;20,9;21,1;20,7;20,5;21,1;21,1;20,9;20,6;20,6;20,8;20,7;20,8;20,6;20,6;20,6;20,5;20,8;21,1;20,9;20,9;20,8;20,9;21,2;20,8;20,9;20,9;20,6;20,6;20,7;20,5;20,7;20,2;21,4;20,5;21,4;20,5;20,8;20;21,1;20,8;20,6;20,8;20,5;20,6;20,6;20,5;20,8;20,5;20,2;20,8;20,6;20,6;20,9;20,1;20,6;20,5;20,5;19,8;20,6;20,6;20,4;20,4;20,6;20,4;20,4;20,6;20,4;20,6;20,7;20,5;20,6;20,5;20,6;20,8;20,7;20,7;21,1;21,1;20,8;20,4;20,5;20,8;20,8;20,9;20,7;20,8;20,6;20,1;19,9;20,4;20,6;20,1;20,6;21,2;20,7;20,6;20,8;20,4;20,4;20,7;20,4;20,5;20,8;20,7;20,6;20,6;20,8;20,9;21,1;21,1;20,7;20,7;20,9;20,9;20,6;20,7;20,7;20,5;20,8;20,6;20,5;20,4;20,2;19,8;20,1;20,8;20,2;20,4;20,4;21,1;20,8;20,7;20,6;20,4;20,7;20,9;20,4;20,6;20,2;20,2;20,6;20,4;20,4;20,6;20,6;20,5;20,5;20,5;20,4;20,6;21,1;22,1;24,7;26,7;27,2;27,5;27,7;27,8;28,4;29,5;30,6;31,1;31,6;31,7;32,1;32,4;32,4;32,5;32,5;32,5;32,6;32,5;32,6;32,6;32,6;32,7;32,7;32,2;31,7;32;32;32,1;32;31,7;31,4;31,4;31,3;31,4;31,2;31;31,1;30,4;30,7;30,4;30,6;30,4;30,3;29,9;29,7;29,7;29,3;29,3;29,1;29,1;29,1;29,2;29,4;29,9;29,4;29;28,7;29,1;29,4;28,9;28,9;28,9;28,7;28,8;28,7;29,2;29;28,8;29,2;28,1;28,6;28,7;28,9;28,8;29,4;29,3;29,1;29,1;28,8;28,9;29,3;29,4;29,3;29,3;29,4;29,4;29,7;29,9;29,7;29,5;29,3;29,2;29,4;29,5;29,3;29,3;29,4;29,7;29,5;29,2;29,2;29,7;29,9;29,7;29,7;29,4;29,5;29,7;29,7;29,5;29,4;29,5;30;29,7;29,4;29,2;29,4;29,4;29,9;29,7;29,9;29,2;29,5;29,7;30,3;30,2;29,3;30;30,2;30,3;29,9;30,2;30,1;30,2;29,7;29,9;29,3;29,9;30;30,2;30,2;30,2;30,1;29,7;30;30,3;30;30,1;29,7;30;29,9;29,9;29,9;30,3;30;29,7;30;30;29,5;29,9;30;29,7;29,9;29,9;29,9;30,2;30;30,2;30,2;29,9;30,2;29,7;30,2;29,9;29,7;29,9;30,3;30,2;30,3;30;30,4;29,7;30,2;30,5;30,3;30,1;30,1;30,1;28,8;29,9;29,5;29,2;30,3;29,2;30,1;30;29,4;29,4;29,4;29,5;29,4;30,1;30,1;29,9;29,7;30,3;30,2;30;30,3;30,4;30,3;30,2;30;30,2;30,4;30,7;30,5;30,4;30,4;30,6;30,9;30,8;30,8;31,1;31;31;31,2;30,9;31,2;31,4;31,1;31,3;31,1;31,1;31,1;31,2;31,1;31,1;31,4;31,4;31,1;31,1;31,1;31,3;31,2;31;31,3;31,4;31,1;31,1;30,9;30,9;30,9;30,7;30,6;29,9;29;28,4;27,9;27,6;27,4;27,1;26,4;24,7;22,6;20,8;20,2;20;20,1;20,2;20,1;20,4;20,5;20,4;19,9;20,1;20,2;20,4;20;20;19,9;19,8;20;20,6;20,5;20,1;20,1;19,9;19,9;20;20;20,6;20,5;20,2;19,6;20,1;20,4;20;19,5;19,8;19,9;20,1;20,1;19,9;19,9;19,8;20;20,2;20,1;20;20;20,1;20;20,1;20,1;20,1;20;19,9;20,2;20;19,9;20;20;20;20;20;19,9;19,9;20,1;19,9;19,9;20,4;20,1;20;19,9;20,2;20,2;19,8;19,9;20,1;19,6;19,8;19,8;19,9;19,8;20,1;20,2;19,6;20;19,9;20,4;19,9;19,6;19,8;20,4;19,6;19,9;20;20,2;20,1;19,6;19,9;19,8;19,8;19,9;19,6;20,4;19,5;19,4;19,3;20;20,1;20;20;20,2;19,5;19,6;19,6;19,6;19,8;19,9;20,1;20,1;19,8;19,4;19,9;20;19,8;19,8;20;20,1;20,2;20,1;19,6;19,9;19,8;19,6;20;19,6;19,8;19,8;19,5;20,1;20,2;19,8;19,8;19,6;20,2;19,5;19,8;19,8;19,6;19,4;19,3;19,2;19,6;19,9;19,5;19,4;19,5;19,4;19,4;19,9;19,9;19,9;18,7;20,2;19,3;19,2;20,1;19;19,5;20;19,6;19,2;19,2;19,6;19,5;19,3;19,4;19,9;19,8;19,3;19,520,6;20,8;20,6;20,6;20,7;20,6;20,4;20,5;20,6;20,6;20,5;20,5;20,6;20;19,9;20,5;20,5;20,4;20,7;20,5;20,2;20,5;20,1;20;20;20,6;20,6;20,6;21,1;20,8;20,7;21,2;20,9;20,7;20,9;20,7;20,8;20,9;20,9;20,9;20,7;20,8;21,1;21,5;20,5;20,7;20,9;20,9;21,1;21,4;20,9;20,8;21,2;21,4;21,4;21,2;20,9;21,1;20,9;20,9;20,9;20,8;21,1;21,1;20,7;20,9;20,9;20,9;21,2;20,8;20,7;21,2;21,4;20,9;21,2;20,6;20,4;20,9;21,1;20,6;20,9;21,2;20,5;20,8;20,5;20,7;20,6;20,7;20,8;20,2;20,8;21,2;21,2;20,8;20,9;20,4;20,2;20,5;20,6;20,4;20,2;20,7;20,4;20,6;20,7;20;20,4;20,4;20,4;20,7;20,7;20,6;20,6;20,5;20,5;20,6;20,5;20,7;20,7;20,8;20,2;20,1;20,5;20,5;20,6;20,4;20,1;20,4;20,5;20,7;21,1;20,9;20,1;20,1;20,6;20,6;20,4;20,4;20,5;20,7;20,9;20,9;20,8;20,6;20,6;20,7;20,7;20,9;21,1;20,8;20,6;21,1;20,8;20,5;20,2;20,5;20,4;20,4;20,7;21,1;21,1;20,6;20,4;20,8;20,8;20,5;20,5;20,7;20,5;20,8;20,6;20,7;20,5;20,4;20,4;20,6;20,8;20,6;20;20,2;20,1;20,4;20,4;20,5;20,6;20,6;20,5;20,6;20,4;20,2;20,4;20,7;20,9;21,9;24,6;26,8;27,3;27,3;27,4;27,7;28,1;29,4;30,7;31,2;31,6;31,7;32,1;32,5;32,5;32,4;32;32,1;32,7;32,4;32,4;32,2;32,4;32,6;32,5;32,1;31,6;31,7;31,8;32;31,6;31,5;31,2;31,2;30,8;30,9;30,9;31;30,7;30,2;30,8;30,1;30,1;29,7;30;29,3;30,2;29,5;29,4;29,7;29,2;29;29,9;29,5;29,1;29,3;28,7;29,2;28,7;28,7;28,4;29,1;28,7;29,1;28,5;29,1;28,5;28,9;29;29;29,1;28,9;28,9;28,8;28,7;28,5;28,9;28,8;29,3;29;29;29;29,2;29,1;29,2;28,5;28,9;29,5;29,7;29,3;28,9;28,9;29;29,4;29,3;29,3;29,7;29,5;29,3;29,2;29,5;29,7;29,7;29,1;29,2;29,4;29,2;29,4;29,4;30,2;29,3;29,4;29,1;29;29,3;29,4;29,5;29,5;29,5;29,9;29,5;29,7;29,3;30,1;29,5;30;30,1;30,2;29,5;29,7;29,9;29,7;30;29,5;29,9;29,5;29,3;29,7;30;30;30,2;30,6;30;30,3;30,1;29,5;30;30,1;30,2;30;30,1;30,1;30;30;30,2;30,3;29,7;29,7;30,1;29,9;29,7;29,5;29,5;30;29,9;29,4;29,5;29,7;29,5;29,9;30,2;30;30,1;29,4;29,3;29,9;30;30,5;30,3;30,1;29,4;29,5;29,9;30,1;29,9;29,9;29,5;30;29,3;30,1;29,4;29,5;30,1;29,9;29,3;30,3;29,9;30;29;29,7;29,3;29;29,9;29,1;29,7;30,2;29,9;29,3;29,2;29,3;29,7;29,9;30;30,1;29,9;30;30,2;30,2;30,4;30,2;30,3;30,7;30,6;30,8;30,7;30,6;30,8;30,9;30,7;30,8;31;31,3;30,9;31;31,1;31,1;31,3;31,2;31,1;31,3;31,5;31,2;30,9;31,1;30,9;31,1;31,2;31,1;31,2;31,2;31;31;30,9;30,9;30,9;30,6;30,3;29,7;29;28,5;28;27,7;27,7;27,4;26,4;24,7;22,3;20,9;20,2;20;20;20,1;20;20,2;20,1;19,9;19,9;19,9;19,6;19,6;19,4;19,8;20;19,9;19,9;20,2;20,1;19,8;19,9;19,9;19,6;20,4;20,1;19,9;20,1;20,4;20,1;20,2;20;20,2;19,9;20;20;19,9;20,1;20,1;20,2;20;20;20,6;20,2;19,9;19,9;19,8;19,8;20,1;20,8;20,5;19,5;19,4;20;20,5;20,2;20,1;20;19,8;20;19,8;19,8;20;20;20;19,9;19,9;19,8;19,5;19,8;20;20,1;19,9;20;20,5;19,2;20;19,5;19,9;20;19,9;19,8;19,6;20,2;20;20,1;20,1;19,6;20,4;20,4;20,2;19,9;19,9;20,2;20,2;19,9;19,8;20,2;20,6;20,2;19,6;20,4;19,9;19,4;20,2;20,4;20;20,4;20;20,1;20,5;20,2;20;19,9;19,8;19,4;19,5;19,8;20;20,1;20;20,4;20,2;19,9;20,2;19,8;19,6;19,6;19,8;20,1;20,5;19,8;20,2;19,9;20;20,1;19,6;20,2;20,4;19,8;20,1;20;20;20,2;20,4;20;19,8;19,9;19,9;19,8;20;20,2;20,1;20;19,9;20;19,8;20,1;20,2;19,9;20,1;20,6;19,3;19,9;20,1;18,9;20,1;20;20,2;19,9;20;19,9;20;20,4;20,2;20;19,8;19,5;19,520,8;21,1;20,7;20,8;20,8;20,9;20,8;20,5;20,7;20,9;20,5;20,5;20,6;21,1;20,7;20,1;20,7;20,7;20,2;20,9;20,9;20,5;20,9;20,8;21,1;21,5;21,2;21,1;20,8;20,8;21,2;21,4;20,9;21,1;20,9;20,5;20,8;20,6;21,6;20,9;20,8;21,1;21,2;21,4;20,9;20,5;20,9;20,7;20,9;21,4;21,5;20,9;20,8;21,6;21,4;21,1;20,9;20,7;21,1;21,1;20,9;21,2;21,2;21,1;20,7;20,5;20,9;21,2;21,4;21,1;20,7;20,9;20,9;21,6;21,5;20,9;20,6;21,1;21,4;20,7;21,1;20,9;20,6;20,7;20,4;20,9;20,5;20,8;20,6;20,5;20,6;20,5;20,8;20,6;20,8;20,5;20,2;20,2;20,5;20,7;20,6;20,8;20,2;20,6;20,7;20,2;20,6;20,5;20,4;20,6;20,6;20,7;20,5;20,5;20,2;20,5;20,5;20,5;20,6;20,6;20,4;20,7;20,6;20,6;20,6;20,5;20,5;20,4;20,2;20,7;20,8;20,4;20;20,2;20,7;20,4;20,5;20,6;20,4;20,7;20,6;20,2;20,1;20,4;20,8;20,6;20,2;20,4;20,8;20,7;20,7;20,7;20,7;20,7;20,4;20,4;20,4;20,4;20,4;20,4;20,6;20,5;20,4;20,4;20,6;20,5;20,7;20,6;20,4;20,4;20,2;20,5;20,1;20,2;20,7;20,6;20,6;20,2;20,1;20,6;20,5;20,4;20,4;20,6;20,6;20,4;20,4;20,5;20,6;20,2;20,1;20,5;20,8;22;24,6;27,1;27,5;27,3;27,3;27,6;28,1;29,2;30,5;31,3;31,7;32,1;32,4;32,5;32,4;32,2;32;32,5;32,6;32,4;32,4;32,2;32,5;32,7;32,2;32;31,6;31,7;31,6;31,8;31,6;31,5;31,3;31,2;31,1;31,1;30,8;30,9;30,7;30,8;30,5;30;30,7;30;29,7;29,5;29,5;29,1;29,5;29,4;29,1;29,3;28,9;29,3;29,7;29,4;29,1;29,4;29;29;28,5;28,9;29,5;28,2;28,9;28,6;28,5;28,5;28,7;29,2;29,3;28,6;29;28,7;28,9;29,4;29,4;29,2;29,3;29,2;29,2;28,8;29,1;29,3;29,5;29,3;29,2;29,3;29,5;29,5;29,4;29,4;29,7;29,3;29,2;29,5;29,3;29,2;29,5;29,7;29,3;29,2;29,1;29,2;29,5;29,5;29,9;29,5;29,7;29,9;29,2;29,7;29;29,5;30;29,5;29,3;30,3;29,3;29,1;29,5;29,5;29,5;30,3;30;30;29,9;29,5;29,7;29,7;30;29,7;30,1;29,7;30,1;29,4;29,3;30,4;29,9;30,2;30;30,2;30;29,9;30,2;30,2;30,2;30,3;30;29,9;29,9;30,2;30,4;30,2;30,2;30,3;30;30,1;29,7;29,4;29,4;29,9;30,3;30,2;30,1;29,9;30,1;30,4;30,4;30,1;30,3;30;30,3;30,3;30,2;30,2;30,1;30,1;29,5;29,7;30;30;30,4;29,4;30;29,4;29,1;29,7;29,9;29,9;30,2;29,4;29,9;29,3;29,5;29,3;29,9;29,7;29,4;29,1;28,8;29,5;30,2;29,1;30,1;29,5;30,4;30,3;29,7;29,5;29,9;29,5;30,1;30;30,2;30,1;30,2;29,7;30,3;30,1;30,4;30,8;30,6;30,7;31;30,9;30,7;30,9;30,9;30,8;31,1;31,3;31,1;31,3;31,1;31,1;31;31,1;31,3;31,4;31,5;31,1;31;31,1;31;31,2;31,2;31,1;31;31,1;31,1;31,1;31;30,9;30,8;30,6;30,2;29,5;29,1;28,6;27,9;27,6;27,5;27,4;26,3;24,6;22,6;20,9;20,6;20,6;20,4;20,2;20,2;20,6;20,4;19,9;19,6;20,1;19,9;19,9;19,9;19,6;19,6;19,9;20,1;20,5;20;19,8;20,1;20;20;20,1;19,9;19,6;20;20;19,9;20,4;20,2;20,4;20,1;19,9;19,8;20,2;20,1;20;20,1;20,1;19,9;20,1;20,1;19,6;19,9;19,5;19,4;20;20,2;20,1;20,1;20,1;20;19,9;20,2;20,4;19,5;19,3;19,5;19,9;19,8;20;20,2;19,9;19,6;19,5;19,8;19,6;19,9;19,6;19,9;19,8;20,4;20,5;19,3;20,1;19,3;19,9;19,8;19,8;20,1;19,5;20,4;20;20,5;20,5;19,6;20,2;20,4;20,1;19,5;19,3;19,9;20,4;20,1;19,5;19,5;20;19,4;20;20,5;19,8;19,9;19,9;19,9;20,1;20,5;20;19,6;19,9;20,5;20;19,4;19,8;19,6;19,4;19,8;20;19,9;19,9;20,2;20,1;19,5;20,2;19,8;19,8;19,3;20,2;20;20,4;20;20,2;19,9;19,9;20;20;20,1;19,9;19,5;20,4;20,1;19,6;19,9;19,9;19,8;19,8;19,9;20,1;20;19,6;19,8;20,1;20,1;19,6;19,9;19,9;20,2;20,2;19,8;19,8;20,6;19,8;20,4;20,1;19,8;19,5;20,2;20;20,5;19,9;20;19,9;20,1;20,4;19,6;19,9;20,5;2020,7;20,7;20,5;20,6;20,7;20,8;20,8;20,8;20,6;20,6;20,5;20,4;20,2;20,7;20,6;20,4;20,9;20,6;20,4;20,4;20,5;20,9;20,9;20,5;20,5;20,5;20,9;20,7;20,6;20,8;20,9;20,7;20,7;21,1;20,9;20,7;21,2;20,8;21,5;20,8;20,9;20,8;21,1;20,9;21,1;20,5;20,8;21,2;21,1;21,1;21,4;21,2;20,7;20,9;20,9;21,2;20,9;20,8;20,9;20,6;21,1;21,2;20,8;21,1;21,1;20,9;20,9;20,9;21,2;21,4;20,9;20,7;20,9;20,9;21,5;20,7;20,9;20,8;21,5;20,6;20,4;20,1;20,1;21,1;20,7;20,5;20,8;21,1;21,1;20,9;20,8;20,5;20,5;20,6;20,5;20,6;20,6;20,5;20,5;20,7;21,1;20,5;20,2;20,4;20,6;20,4;20,6;20,6;20,6;20,5;20,4;20,4;20,4;20,5;20,5;20,8;20,7;20,5;20,7;20,6;20,7;20,5;20,5;20,8;20,8;20,4;20,5;21,1;21,1;20,8;20,7;20,2;20,1;20,4;20,5;20,7;20,6;20;19,9;20;20;20,4;20,5;20,6;20,5;20,2;20,1;20,4;20,7;20,7;20,7;20,8;20,8;20,6;20,7;20,9;20,8;21,1;20,9;20,8;20,8;20,8;20,7;20,8;20,8;20,8;20,8;21,1;20,7;20,7;20,7;20,7;20,2;20,6;20,9;20,8;20,5;20,2;20,4;20,9;20,7;20,4;20,6;20,7;20,6;20,4;20,4;20,4;20,7;20,6;20,5;20,4;20,6;22,2;25;27,2;27,4;27,2;27,3;27,7;28,2;29,4;30,7;31,3;31,7;32,2;32,5;32,5;32,5;32,1;32;32,4;32,5;32,2;32;32,5;32,6;32,5;32;31,7;31,6;31,7;31,7;31,7;31,3;31,3;31,2;31,1;30,9;30,9;30,6;30,4;30,6;30,6;30,1;30;30,2;29,7;29,9;30;28,9;29,3;29,2;29,3;29,7;28,7;29,2;29;28,9;28,7;28,6;28,6;28,9;28,8;28,9;28,5;29,2;29;29,1;28,8;29;29;28,7;28,7;29;28,7;28,9;28,8;29;29,4;29,1;29;29,1;29,2;29;29,1;29,2;29,3;29,3;29;28,9;29,3;29,2;29,5;29,4;29,2;29,2;29,2;29,2;29,3;29,3;29,2;29,2;29,1;29,4;29,4;29,5;29,9;29,4;29,7;29,5;29,1;29,2;29,7;29,4;29,9;29,4;29,5;29,5;29,5;29,4;29,4;29,2;29,1;29,9;30,1;29,9;29,2;28,9;30;29,2;29,7;30;29,3;30,1;29,5;29,3;29,9;29,9;29,9;29,5;29,4;30;30,1;29,7;30,1;29,9;29,9;29,7;29,7;29,4;29,7;30;29,7;29,4;29,5;30,3;30,4;30;29,9;29,7;29,9;29,9;29,5;29,9;30,2;30,1;30,1;30,1;29,5;29,7;30,3;29,9;30;30,5;30,2;30;29,9;30;30,2;30,2;30,4;30,1;30,1;30,1;30;30,2;29,2;29,4;29,5;29,2;29,9;30,1;29,5;29,7;29,7;29,7;29,9;30,5;29,9;30,1;29,2;29,2;29,4;29,9;29,2;29,3;29,3;29,9;29,9;30,1;29,3;29,5;29,7;29,4;30;30,4;29,1;30;30,2;30,2;30;30,5;30,5;30,3;30,7;30,6;30,4;30,6;30,8;31;30,9;31;30,9;31;31,1;30,9;31,3;31,4;31,3;31,3;31,1;31,3;31,3;31,3;31,2;31,3;31,3;31,2;31,2;31,3;31,2;31,2;31,4;31,2;31,1;31,1;31;31;30,7;30,3;29,7;29;28,6;28;27,8;27,6;27,5;26,6;25,1;22,8;20,8;20,4;20,6;20,2;20,5;20,2;20,4;20,5;20,6;20;20;20,2;20;19,8;19,6;19,8;19,8;19,9;19,9;20,1;20,1;20,2;20;19,4;19,4;19,8;19,9;19,9;20;20,1;20,5;20,5;19,9;19,4;20;19,9;19,8;20,1;20,4;20,7;20,7;19,9;19,9;20,1;20,4;20,2;19,9;20;20,2;19,9;19,6;19,5;19,4;19,6;20,1;20,6;20,4;19,8;19,8;19,9;20;20,2;20,2;20;19,8;19,6;19,9;20,2;20,1;20,2;19,9;19,9;19,6;20;20,2;19,9;20,1;19,8;19,8;19,4;19,8;20,7;18,9;20,1;20,4;20,4;20;19,6;19,8;20;19,8;19,9;20,4;19,8;20,2;19;19,2;20,4;20,1;19,8;19,6;19,9;19,6;20;19,6;19,5;19,5;19,5;19,9;20,4;20,1;20,1;20,1;20;20;20;20,2;20,1;20;20,2;19,9;19,9;20,5;20,1;20;20,1;20,5;19,6;20,4;19,8;19,9;20;20,2;20;19,8;20;20,2;20,2;19,5;19,9;20,5;19,9;20;19,9;20;20;20;20,2;19,8;19,4;19,8;20;19,8;19,3;19;19,6;19,9;19,6;20,6;20;19;20,4;19,8;19,2;19,4;20,1;20,5;20,2;20;20,1;19,8;19,6;19,9;20;19,9;19,8;19,8;20,5;20,120,4;20,6;20,7;20,6;20,6;20,6;20,5;20,5;20,6;20,5;20,2;20,2;20,6;20,8;20,8;20,2;20,4;20,2;20,5;19,8;20,7;21,8;20,4;20,6;20,9;21,1;20,6;20,4;20,6;20,4;20;20,4;20,7;21,1;21,2;20,7;21,1;20,9;21,4;21,4;21,1;21,1;21,4;21,6;21,1;20,9;20,7;21,8;21,1;21,4;20,9;21,5;20,7;21,4;21,2;20,7;20,9;20,9;21,1;21,6;21,4;20,8;20,9;21,5;21,6;21,4;21,6;21,5;21,1;20,8;21,1;21,2;20,9;20,9;20,9;21,2;20,8;20,8;20,6;20,6;20,6;21,1;21,2;20,9;21,2;20,5;20,7;20,6;21,2;20,7;20,8;20,5;20,9;20,8;20,9;20,8;20,9;20,6;20,6;20,7;20,8;20,5;20,5;20,6;20,5;20,5;20,4;20,6;20,7;20,6;20,6;20,7;20,6;20,5;20,6;20,8;20,8;20,6;20,6;20,7;20,8;20,5;20,2;20,5;20,5;20,4;20,6;20,5;20,4;20,5;20,6;20,7;20,8;20,6;20,5;20,7;20,7;20,5;20,7;20,7;20,4;20,4;20,6;20,7;20,6;20,7;20,8;20,8;20,7;20,4;20,6;20,7;20,6;20,8;20,8;20,6;20,7;20,7;20,7;20,5;20,5;20,5;20,6;20,7;20,7;20,5;20,4;20,6;20;20,1;20,6;20,6;20,6;20,8;20,8;20,8;20,5;20,6;20,5;20,7;20,4;20,4;20,5;20,5;20,5;20,5;20,6;20,5;20,6;20,5;20,5;20,7;20,9;22,3;25;26,7;27,2;27,3;27,4;27,8;28,4;29,5;30,8;31,2;31,6;32;32;32,2;32,6;32,4;32,4;32,6;32,6;32,4;32,1;32,1;32,1;32,1;32,1;31,8;31,6;31,4;31,5;31,4;31,1;31,3;31,2;31;30,8;30,9;30,5;30,7;30,4;30;30;30,3;30,2;30;29,7;29,9;29,3;29,5;29;29,2;29,9;29,1;29;28,9;29;29;29,2;29;29,1;28;28,5;28,5;28,9;29;28,9;28,7;29;29,1;29,2;28,4;29,3;28,6;29;28,9;29,3;29;29,2;29,2;29,1;28,7;28,9;29;28,9;28,8;29,1;28,8;29,2;29,5;29,5;29,2;29,2;29,5;29,5;29,4;29,2;29,2;29,2;29,3;29,2;29,1;29;29,3;29,5;30;30,1;29,5;29,7;29,7;29,3;29,5;29,2;29,1;29,4;29,5;29,4;29,4;29,5;29,4;29,4;29,5;29,3;30,1;29,2;29,4;29,2;29,5;29,5;29,9;29,4;29,5;29,4;29,4;30;29,9;29,7;29,7;29,7;29,9;29,9;29,5;29,7;29,5;29,5;30;30;29,7;29,7;30,1;30;30;29,7;29,7;29,7;29,9;29,9;29,9;29,9;29,9;29,5;29,4;29,4;29,9;30,2;30,1;29,9;29,7;29,5;29,3;29,5;30,2;30;29,9;29,9;30,1;29,7;29,4;30;30,3;30,1;29,9;29,9;30,1;29,7;29,2;30;30;29,3;29,9;29,5;29,4;29,3;29,5;29,9;29,5;29,3;30,1;30;30;29,9;28,9;29,5;29;29,7;29,3;29,7;29,7;30,1;29,4;29,7;30,2;29,9;29,5;30,4;29,7;29,4;30;30,1;30,1;30,5;30,2;30,1;30,7;30,7;30,6;31;30,9;31,1;30,8;31,1;31;31;30,9;30,6;30,9;31,1;31,1;31,3;31,3;31,2;31,1;31,2;31,1;31,2;31,4;31,3;31,2;31,2;31;31,3;31,4;31,3;31,1;31,1;31;30,8;30,9;30,6;29,7;28,9;28,4;28,1;28;27,6;27,3;26,4;24,7;22,7;21,4;20,5;20,4;20,1;20,6;20,2;20,4;20,2;20;19,6;19,9;20,2;20,4;20;19,4;19,5;20,1;20,1;19,9;20,2;20,4;20,2;20,1;19,9;20,2;20,1;20,1;20;19,8;20;19,9;20;19,9;19,6;20,1;19,6;19,3;19,5;20;20;19,9;20,5;20,5;20,4;20,1;19,8;19,4;20;20,5;20,1;19,9;20;20;19,6;19,9;20,1;20;19,9;19,8;20,4;20,2;20,1;20,1;19,9;20;19,6;19,6;20;20,1;19,6;19,6;19,8;19,8;19,9;20;20,1;20,2;19,9;19,9;19,6;20,1;20,1;18,9;19,8;19,9;20;19,8;20;19,8;20;19,8;19,9;20;20,7;19,5;19,8;19,6;20,5;19,8;20,7;19,6;20,4;19,6;20;20,6;19,8;19,9;20,4;20,1;19,9;19,9;19,4;19,8;20,4;20,4;19,9;19,5;19,6;19,9;20,2;20;19,9;20,6;20,4;20,2;19,9;20;20,1;20,2;20;20,2;20;20,4;19,9;20,1;20,2;20;20,2;20,1;20,2;20;19,9;19,8;19,6;19,9;20;19,9;19,5;19,4;19,6;20,1;20,2;19,8;19,8;19,8;20,1;19,9;19,4;19,9;19,9;19,5;19,4;19,8;20,7;19,6;20,2;19,4;19,3;19,4;19,3;19,9;19,6;19,8;20,2;19,9;19,5;19,8;20;19,620,5;20,8;20,7;20,8;20,6;20,5;20,5;20,7;21,1;20,7;20,7;20,7;20,6;20,7;20,7;20,5;20,9;20,9;20,8;20,9;20,5;20;20,7;20,8;20,6;20,6;20,6;20,8;20,6;20,5;20,6;20,9;20,8;20,6;20,5;20,6;21,2;21,2;21,5;21,4;20,9;21,4;21,6;21,6;21,2;21,2;20,8;21,6;21,5;21,5;21,2;21,1;21,1;21,6;21,5;20,9;20,9;20,9;21,1;21,1;20,9;21,4;21,5;21,2;20,9;20,9;20,7;20,4;20,7;21,1;21,1;21,5;21,1;20,8;20,9;20,6;20,8;20,5;20,6;20,8;21,6;20,7;21,5;21,8;20,7;20,9;20,1;20,5;20,7;21,1;20,7;20,8;20,8;20,6;20,6;20,9;20,5;20,6;21,1;20,5;20,6;20,6;20,7;20,6;20,6;20,5;20,6;20,7;20,7;20,7;20,7;20,7;20,4;20,4;20,5;20,9;20,7;20,2;20,4;20,5;20,7;20,6;20,5;20,4;20,2;20,5;20,4;20,5;20,8;20,9;20,8;20,7;20,8;20,6;20,7;20,8;20,6;20,7;20,6;20,4;20;20,5;20,8;20,7;20,5;20,5;20,4;20,1;20,6;20,6;20,5;20,7;20,5;20,4;20,5;21,1;21,1;20,6;20,6;20,7;20,6;20,6;20,4;20,4;20,7;20,5;20,5;20,6;20,5;20,4;20,2;20,6;20,8;20,7;20,6;20,7;20,6;20,7;20,5;20,4;20,4;20,4;20,2;20,5;20,6;20,6;20,5;20,6;20,6;20,5;20,6;20,8;21,2;22,6;25;26,8;27,2;27,4;27,7;27,9;28,5;29,5;30,7;31,2;31,6;31,8;32,1;32,4;32,6;32,4;32,1;32,6;32,6;32,6;32,2;31,8;31,7;32,4;32,5;31,8;31,6;31,6;31,5;31,4;31,2;31,5;31,2;31,2;30,9;30,7;30,6;30,6;30,6;30,5;30,4;30,3;30,1;30,2;29,3;29,4;30;29,3;29,3;29,1;29,2;28,9;28,8;29;29,5;29,1;28,7;28,6;29;29;28,7;28,6;29,1;28,9;28,8;28,9;28,5;29,1;28,8;28,6;29,3;28,9;28,9;28,8;29,1;29,1;29,1;29,3;29,5;29,2;29;29,1;29,1;29,3;29,5;29;29,2;29,1;29,1;29,3;29,5;29,7;29,5;29,5;29,4;29,2;29,2;29,3;29,1;29,4;29,5;29,3;29,4;29,5;29,3;29,5;29,7;29,9;30,1;30,1;29,5;29,4;29,5;30;29,5;30,1;29,7;30,1;29,9;29,9;29,5;29,7;29,7;30,3;29,4;30;29,4;30,2;29,5;30;30,2;30,3;30,2;30;29,9;29,5;30,4;29,9;30;30,1;30,1;30,1;30,2;30,6;30,2;30,5;30,3;30;29,7;30;29,7;29,9;29,7;29,9;29,5;29,5;30;30,2;30,6;30,4;30,2;30,2;29,9;30;30;30,1;30,2;30,3;30,2;30,2;30,2;29,9;30,3;30,3;29,9;30,4;30,6;30,3;30,5;30,3;30,3;30;30;29,5;30,2;29,7;30,1;30,5;30,1;29,7;29,5;30,7;29,5;30;29,3;29,2;29,3;29,5;30,1;29,7;29,9;29,4;29,5;29,9;29,5;29,9;29,5;30,2;30;29,9;30,2;29,5;30,4;30,2;29,9;30;30,2;30,2;30,3;30;30,3;30,5;30,8;30,6;30,5;30,8;30,9;30,7;30,7;31,1;31,2;31,1;31;31,1;31,2;31,2;31,3;31,5;31,3;31,2;31,4;31,3;31,3;31,6;31,6;31,4;31,1;31;31,2;31,3;31,4;31,2;31,3;31;30,5;30,8;30,6;29,7;29,1;28,4;27,9;27,8;27,5;27,3;26,3;24,4;22,5;21,6;21,2;20,2;19,6;20,2;20,4;20,2;20,4;20,1;19,6;19,6;20,2;19,6;19,6;19,9;20,1;19,8;19,8;20,2;20,1;20;19,9;20;20;20,2;20,1;20,2;19,9;20;20,1;20,2;20,1;20,4;19,6;19,9;20,4;20,1;20,1;20,4;20,1;20;20,1;19,8;19,9;20;20;19,9;19,8;20,2;20,4;20;19,8;19,8;19,5;19,9;20,2;20,2;20,2;20;20,1;20;20,1;20,1;20,2;20,1;20;20,1;20,2;20;19,4;20;19,5;19,9;20,1;20;20,1;20,1;19,8;19,9;19,8;20,1;20;19,3;19,4;19,9;19,8;20;20,2;19,9;20,1;19,5;19,5;20;20,6;20,4;19,9;20;20,4;19,2;20,4;20,2;20;20,2;20,5;20,2;19,5;19,6;19,8;19,6;19,8;19,9;20,1;20,4;20;20,1;20,4;20;19,8;19,5;19,9;20,1;20;20,5;20,2;20,4;20,1;20,1;20,2;20,2;20;20,2;19,9;20,2;19,8;20,2;20,4;20,1;20;20,7;19,9;20,1;20;20;19,8;19,5;19,6;20,1;20,1;19,6;19,8;20,2;20,2;19,9;19,8;19,5;20,1;20,1;19,5;20,7;20;19,9;19,8;19,6;19,8;19,9;19,6;19,9;20,1;20;20,1;19,9;20,1;20,4;20,1;20;19,9;20;20,4;20,220,5;20,8;20,7;20,7;20,5;20,7;20,7;20,9;21,1;21,2;20,8;20,6;20,2;20,2;20,4;20,7;20,8;21,2;20,1;21,1;20,5;20,4;20,4;20,9;20,7;20,7;20,7;20,6;20,9;21,1;20,9;20,8;20,9;20,8;20,6;20,5;20,7;21,4;21,5;21,4;20,7;21,1;21,5;20,8;20,9;20,9;20,9;21,5;21,5;21,8;21,5;20,8;21,2;21,8;21,5;21,2;20,7;20,9;21,5;21,2;21,2;21,2;21,1;21,1;21,1;21,5;21,2;20,9;21,1;21,2;21,4;21,4;20,8;20,6;21,2;20,7;20,6;20,5;20,6;20,5;20,8;21,5;19,9;21,2;20,6;21,1;20,9;20,9;20,8;20,7;20,1;20,8;21,1;20,5;20,6;20,9;20,7;20,8;21,1;20,5;20,5;20,8;20,9;20,6;20,5;20,7;20,8;20,8;20,9;20,6;20,8;20,7;20,8;20,5;20,8;20,6;20,4;20,4;20,7;20,7;20,9;20,7;20,5;20,6;20,8;20,6;20,4;20,5;20,8;21,1;20,8;20,4;20,1;20,4;20,9;21,4;20,8;20,4;20,6;20,5;20,4;20,6;20,5;20,4;20,7;20,7;20,6;20,6;20,7;21,1;20,9;21,1;20,8;20,5;20,5;20,6;20,6;20,6;20,5;20,4;20,5;20,7;20,8;20,6;20,6;20,6;20,8;21,1;20,6;20,8;21,1;21,2;20,7;20,5;20,8;20,8;20,5;20,6;20,5;20,6;20,9;20,6;20,5;20,9;20,7;20,6;20,6;20,6;20,6;20,7;20,8;20,7;21,2;22,6;25,1;26,8;27,1;27,3;27,7;28;28,6;29,5;30,8;31,3;31,5;31,8;32,1;32,5;32,4;32;32,1;32,2;32,4;32,2;32,1;32;31,8;32,2;32,1;31,8;31,5;31,5;31,6;31,6;31,4;31,2;31,1;31,2;31,1;30,9;30,5;30,5;30,6;30,4;30,1;30,3;30;29,1;29,3;29,9;29,7;29,1;29,3;29,4;29,1;29,2;29;29,4;29;28,9;28,7;28,9;28;28,6;29,1;28,7;29,1;28,6;28,9;29;28,6;28,7;29;28,1;29;29,1;29,1;28,9;28,9;29,1;29,4;29,2;29,3;29,1;28,9;29,1;29,3;29,4;29,2;29,4;29,5;29,2;29,2;29,4;29,4;29,4;29,4;28,9;28,9;29,4;29,4;29,3;29,5;29,9;29,3;29,2;29,2;29,3;29,7;29,7;29,5;30;29,4;29,5;29,7;29,5;29,7;29,7;29,2;29,7;29,4;29,3;30,1;29,3;29,4;29,5;29,9;29,7;29,5;29,3;29,2;29,9;29,7;29,4;29,9;29,5;30,2;29;30,2;29,5;30,1;30,2;29,7;29,3;29,7;29,9;30,1;29,7;29,7;30;30;29,7;29,7;30,3;30,4;30,4;30;29,7;30,1;30;29,5;30;30,1;30;30;29,9;30,1;29,9;29,9;30,2;30,1;30,1;30;29,9;30;30,1;30,4;30;30;29,9;29,9;30;29,9;30;29,7;29,4;30,5;30,2;29,9;29,2;30,4;30;29,5;29,4;29,7;29,7;29,7;29,5;30;29,5;30;29,7;29,9;29,4;29,9;29,2;29,4;29,3;29,2;29,4;29,9;29,5;29,7;29,5;29,7;30;30,2;29,7;29,7;30,3;30,1;30;30,2;30,2;30,6;30,4;30,4;30,5;30,3;30,6;30,5;31;30,8;30,7;30,8;31;31;31,1;31,2;31,2;31;31,4;31,5;31,3;31,5;31,6;31,5;31,4;31,5;31,5;31,2;31,3;31,3;31,3;31,3;31,3;31,3;30,9;30,6;30,7;30,6;29,9;29,2;28,5;27,9;27,8;27,4;27,3;26,6;25;22,7;20,9;20,6;20,5;20,1;19,8;20,4;20,4;20,4;19,9;19,5;19,8;20;20,4;20,5;20,4;20;20,4;20,4;19,9;20;20,5;20,2;19,6;19,6;20,1;20;20,4;20,1;19,6;20;20,4;20,4;20,4;20;20,1;20,6;20,2;20,1;20,5;20,7;20,4;20,1;20,2;19,8;19,8;20;19,9;19,8;20;20,2;20,1;20,2;20;20,1;20,8;20,9;20,4;20;19,9;20,2;20,2;20,4;20;20;20;20,1;20,1;20,2;20,5;19,2;20,4;19,5;20,1;19,8;19,6;20;20;19,9;20,1;19,9;19,9;20,4;19,8;19,2;19,9;20,2;19,8;20,1;20,2;20,4;19,5;19,4;19,9;20,1;19,8;20,1;20;20;19,5;20,2;19,8;20,2;20;19,9;20,2;20;20,1;20,1;19,8;19,8;19,8;19,9;19,9;20,1;20,1;19,9;19,9;19,9;19,9;19,6;19,6;19,9;20,2;20;20,2;20,2;19,9;19,9;20;20;19,5;20,1;19,6;19,8;20,2;20,2;20;19,8;20,2;19,4;19,6;20,1;20,6;20,1;19,5;19,8;19,9;20,1;20,2;19,9;19,9;20;19,8;19,5;19,8;20,2;20,2;19,9;20,2;20,6;20;20,9;19,8;20;20,5;19,8;20,2;20,4;20;19,9;20;20,5;20,2;19,9;19,6;19,9;20,1;20,2;20,620,5;20,7;20,5;20,4;20,5;20,5;20,7;20,8;20,7;20,2;20,2;20,6;20,4;20,4;20,5;20,2;20,7;21,2;20,9;21,4;20,4;20,6;20,4;20;20,6;20,7;20,7;21,1;21,1;21,1;20,6;20,7;20,6;20,4;20,7;20,8;20,9;21,4;21,5;21,5;20,8;20,8;21,8;21,1;21,1;20,9;20,8;21,6;21,4;21,5;21,8;21,2;21,1;21,9;21,1;21,2;20,9;21,2;21,4;20,9;20,8;21,1;21,6;21,4;21,1;21,2;21,2;20,8;20,9;21,5;21,4;21,2;21,2;21,2;21,4;21,6;20,9;20,9;20,7;20,8;21,1;20,8;20,6;20,7;20,7;21,2;20,7;20,6;21,1;20,5;20,7;20,6;21,4;20,8;20,8;21,5;20,8;20,8;20,7;20,5;20,6;20,8;20,7;20,8;20,6;21,1;20,6;20,7;21,1;20,5;20,7;20,7;20,9;20,5;20,7;20,5;20,5;20,5;20,6;20,6;20,8;20,5;20,6;20,8;20,8;20,6;20,2;20,2;20,6;20,5;20,8;21,2;20,7;20,5;20,6;20,7;20,7;20,5;20,4;20,9;20,8;20,4;20,4;20,5;20,6;20,5;20,2;20,5;20,6;20,6;20,7;20,8;20,7;20,8;20,6;20,7;20,7;20,8;20,8;20,4;20,6;20,8;20,5;20,5;20,5;20,2;20,7;20,7;20,5;20,5;20,7;20,4;20,4;20,6;20,4;20,7;20,7;20,8;20,6;20,7;20,9;20,5;20,2;20,7;20,7;20,8;20,8;20,6;20,8;21,1;20,9;21,1;21,5;22,7;25,1;26,7;27,3;27,6;27,7;28,1;28,8;30;30,9;31,3;31,7;32,1;32,2;32,6;32,4;32,2;32,4;32,5;32,6;32,4;32,4;32,2;32,2;32,4;32,1;32,4;31,7;31,6;31,8;31,6;31,6;31,4;31,4;31,3;31,2;30,9;30,9;31,1;30,6;30,3;30,5;30,3;30,5;30,2;30,1;30;30,1;29,3;29,3;29,5;29,1;29,1;29,3;29,4;29,1;29,1;29;29;28,9;28,9;28,9;29,1;29,2;28,6;29,1;29,1;29,2;28,9;29,2;29,1;29,2;29,2;29,1;29,4;29,4;29,4;29,3;29,4;29,3;29,9;29,9;29,9;30;29,3;29,4;29,4;29,5;29,9;29,9;29,5;29,7;29,7;29,7;29,5;29,9;30;29,5;29,3;29,7;29,5;29,5;29,7;29,7;30,1;29,9;29,4;29,3;29,9;30,1;29,5;29,9;29,9;29,7;29,5;29,7;29,2;29,5;30,4;30;29,2;29,9;29,9;30,1;30,2;29,7;29,5;29,9;30;30,2;30,2;30,4;29,7;30;29,7;29,9;30,5;30,2;29,9;30;29,9;30;30,2;30,2;30,2;30,1;29,7;30,2;30,2;29,7;30,1;30,3;30,2;30;30,3;30,4;30,3;30,4;30;30;29,7;29,5;30,2;30,3;30,3;30,3;30,2;29,9;29,9;30,2;30,3;30,3;30,4;30,2;30,3;30;29,4;29,7;30,2;30,2;30;30,3;29,5;30,4;30;30,3;30,2;30,2;30,1;29,9;30;30,1;29,9;29,5;30,1;29,5;29,9;29,5;30,3;30,1;29,5;30,6;29,7;30;29,5;30,1;29,9;29,5;29,7;29,4;29,7;30;30,2;30,1;29,7;30,2;30,6;30;29,9;30,4;30,2;30;30,5;30,5;30,9;30,8;30,9;30,6;30,8;30,8;31,1;31,3;31,2;31,4;31,2;31,2;31,2;31,1;31,4;31,7;31,6;31,4;31,6;31,7;31,4;31,4;31,5;31,4;31,5;31,6;31,5;31,5;31,5;31,1;30,7;30,8;30,9;30,8;30,1;29;28,1;28;28;27,5;27,2;26,6;24,8;22,8;20,9;20,4;20,1;20,4;20,2;20,2;20,1;20;20,1;20;19,6;19,5;20;19,8;19,8;19,9;20;20,2;20,2;20,1;20,2;20;19,8;19,5;19,6;20,1;20;19,9;19,8;19,5;19,6;20,1;20,1;19,9;20;19,6;19,4;19,6;20;20,1;19,6;19,8;20,2;20,1;20,1;20,1;20,1;20,2;19,9;19,8;19,9;19,5;20;19,9;19,5;20,2;19,9;19,8;19,5;19,8;19,9;20;19,6;20,1;19,8;20,2;20,2;19,8;20,4;19,6;19,8;19,4;20,1;20;19,8;19,6;19,9;19,8;20,1;19,9;20,1;20,2;20,1;19,6;20;20,5;19,6;19,8;19,8;19,9;19,8;19,9;20,1;20,1;19,9;20,1;19,6;20,6;20,1;20,6;20,5;20,6;20,2;19,8;20,2;20,6;20;20,7;20,4;20,1;20,1;20;19,9;20,1;20;19,5;19,9;20,4;20,4;19,8;19,8;19,6;19,9;19,9;20,4;20,4;19,6;19,9;19,8;19,8;20,2;20,1;19,4;20,1;20,4;19,5;19,8;20,1;19,9;19,8;20,1;20,1;20,2;20,2;19,6;19,3;19,4;19,6;19,6;19,6;19,8;20,4;20,4;19,8;19,8;19,8;19,5;20,4;19,5;19,9;20,2;19,6;19,6;20;19,9;19,9;19,5;19,6;19,6;19,8;20;19,9;20;19,8;19,8;19,9;20;20,4;20,120,8;20,6;20,6;20,7;20,5;20,4;20,5;20,9;21,1;21,1;20,4;20,2;20,5;20,8;20,6;20,6;20,1;21,6;20,8;21,5;20,5;21,2;20,9;21,1;20,8;21,2;21,1;21,1;20,8;21,1;21,1;21,4;21,5;21,2;21,4;21,5;21,2;21,2;21,4;21,1;20,9;21,2;21,6;21,2;21,2;20,9;20,9;21,5;21,4;21,2;21,5;21,2;21,1;21,8;21,1;20,9;21,1;21,1;20,9;21,1;21,1;21,2;21,5;21,4;21,1;21,1;20,7;20,8;21,2;20,8;20,9;21,1;21,4;21,5;21,1;20,6;20,7;21,4;21,1;21,2;20,9;21,2;20,8;21,1;20,6;20,5;21,1;21,5;21,2;20,6;20,6;20,8;20,8;20,5;20,8;20,9;20,9;20,5;20,5;20,7;20,8;20,9;20,7;20,9;20,7;20,6;20,7;20,6;21,1;20,8;20,8;20,8;20,7;20,5;20,8;21,1;21,1;20,8;20,5;20,6;20,7;20,5;20,7;20,9;20,9;20,4;20,4;20,8;21,1;20,9;20,9;20,9;20,6;20,7;20,6;20,2;20,5;20,7;20,7;20,7;20,9;21,1;20,9;20,7;20,7;20,6;20,9;20,7;20,7;20,9;21,2;21,4;20,9;20,7;20,8;20,6;20,2;20,5;20,9;21,2;20,9;20,5;20,6;21,1;21,4;21,1;20,9;21,5;20,8;20,6;20,9;20,8;20,8;21,1;20,6;20,6;21,1;21,2;20,9;20,9;20,7;20,4;20,4;20,9;20,8;20,8;20,8;20,7;20,9;21,1;20,9;21,1;21,5;22,7;25,4;27,1;27,5;27,5;27,7;28,1;28,7;30;30,9;31,4;31,8;32,1;32,1;32,4;32,4;32,2;32;32,2;32,5;32,5;32,4;32,1;32;32,2;31,8;32,1;31,5;31,2;31,3;31,5;31,6;31,3;31,1;31,1;31,2;31;30,8;31;30,6;30,2;30,2;30,1;30;29,5;30;29,2;29,9;29,3;29,1;28,9;29,1;29;29;29,3;29,7;29,2;29,1;28,8;29;28,8;28,6;29,1;28,9;28,9;28,7;28,9;28,8;28,7;28,9;29;29,1;28,9;29,3;29,3;29,2;28,8;29;29;29,3;29;28,9;29,2;29,4;29,4;29,5;29,1;29,4;29,3;29,4;29,3;29,1;29,2;29,3;29,7;29,3;29,2;29,3;29,4;29,1;29,2;29,3;29,5;29,9;29,7;29,9;29,3;29,5;29,5;29,2;29,9;29,3;29,3;29,5;29,4;29,7;29,5;29,5;28,9;28,9;29,5;29,7;29,7;28,8;29,5;29;30,1;29,7;29,5;29,5;29,7;29,9;29,5;30,1;29,7;29,4;30;29,4;29,9;30,2;30,2;30;29,9;29,3;29,7;30;30,1;29,3;29,7;29,4;30;30;30;30;29,7;29,7;30,2;30;29,9;29,9;30;30,2;30,1;29,5;29,7;29,5;30;30;30,3;30,2;30,2;30,2;30;30;30,3;29,7;30;30,4;30;30;30,2;30,1;29,4;30;30;29,9;29,7;30,3;30,4;30;29,9;30,1;30;29,5;30,1;30;29,3;29,5;29,5;30,1;30;30;29,3;29,5;29,4;29,3;29,4;29,7;29,3;29,3;29,7;29,4;29,5;29,9;29,9;30,1;30,6;29,4;29,9;30,3;30,3;29,9;30,5;30,3;30,6;30,7;30,5;30,5;30,6;30,5;30,7;31,1;31;31,2;31,2;30,9;30,9;31,1;31,3;31,5;31,6;31,3;31,2;31,5;31,6;31,4;31,4;31,3;31,4;31,7;31,6;31,5;31,4;31;30,9;30,9;30,7;30,8;30,2;29;28,4;27,9;27,9;27,6;27,3;26,5;24,5;22,9;21,6;20,6;20,4;20,5;20,5;20,5;20,2;20,2;20,6;20,6;20,2;20,5;20,6;20,4;20;19,6;20;20,5;20,6;20,5;20,4;20,1;20,2;20,1;20;20,1;19,8;19,9;20;20,2;20,5;20,4;20,4;20,2;20;19,9;20,2;20,4;20,6;20,8;20,6;20,2;20,4;20,4;20,2;20,2;19,9;19,5;19,5;19,6;19,5;19,4;20;20,5;20,4;20,5;20,1;20,2;20,1;19,9;20,1;20,4;19,8;20;19,9;20,2;20,2;20,2;20;20;19,4;20,1;19,9;20,4;20,2;19,3;19,9;19,8;19,9;19,8;20,5;20;20,2;20;19,9;19,5;20,4;19,9;19,6;20,4;19,8;19,2;19,9;19,5;19,4;19,6;19,8;20,4;20,7;19,9;20;19,8;19,8;20,7;20,1;20,2;20,1;20,4;20,4;20,4;20,1;20,1;20;19,6;20;20;19,6;20;20,6;20;19,9;19,6;20,1;20,1;20;20,4;20;19,8;19,6;19,8;20,8;19,8;19,6;20;19,9;19,5;19,5;20,2;20;19,9;20,4;19,9;19,6;20;19,5;19,5;19,8;20,2;20,2;19,4;19,5;19,6;19,8;19,6;19,9;20,2;20,2;20,8;19,8;20,9;20;20,2;19,8;19,9;20;19,3;19,9;20;19,9;19,9;20,4;20;19,6;20,1;20,1;20,4;20,2;20,6;20,121,1;20,7;20,8;20,8;20,4;20,5;20,6;20,7;21,1;20,5;20,2;20,5;20,5;20,5;20,2;20,8;20,6;20,7;20,9;21,4;20,7;20,8;21,1;20,1;20,1;20,7;20,9;20,5;20,8;20,8;20,7;21,1;20,8;20,8;20,7;20,4;20,6;21,1;21,2;21,2;20,8;21,4;21,5;21,6;21,2;21,2;20,9;21,2;20,9;21,6;21,5;21,5;21,5;21,5;21,6;20,9;21,1;21,6;21,2;21,1;21,1;21,1;21,2;20,9;20,8;20,9;21,4;21,5;21,2;21,4;21,5;21,4;21,4;21,6;21,6;21,4;21,2;20,8;21,2;21,2;21,2;21,2;21,4;21,5;21,2;20,9;21,2;20,2;20,7;20,5;20,9;21,6;21,6;20,5;20,8;20,7;20,5;20,8;20,7;20,7;20,9;20,8;20,8;20,8;21,1;20,5;20,9;20,9;20,8;20,7;21,1;21,1;20,5;20,5;20,8;20,7;20,7;20,6;20,5;20,6;20,7;20,4;20,6;20,8;20,5;19,9;20,2;20,4;20,5;20,5;20,5;20,4;20,2;20,6;20,9;20,9;20,9;20,5;20,2;20,4;20,5;20,4;20,2;20,6;20,6;20,2;20,4;20,1;20,2;20,5;20,7;20,9;20,8;20,4;19,9;20,4;20,5;20,2;20,2;20,4;20,2;20,2;20,1;20,1;20,4;20,4;20,5;20,7;20,7;20,8;20,6;20,6;20,5;20,4;20,7;20,9;21,1;20,7;20,2;20,5;20,5;20,5;20,5;20,7;20,7;20,6;20,5;20,6;20,7;20,7;20,5;20,5;21,2;22,7;25,3;26,8;27,2;27,1;27,4;27,6;28,4;29,7;30,6;31,1;31,5;31,7;31,7;31,8;32,2;32;31,8;32,5;32,7;32,2;32;31,8;32,1;32,2;31,8;31,8;31,3;31,1;31;31,3;31,4;31,2;31;30,9;30,7;31;30,4;30,8;30,6;29,9;29,9;30,3;30;30,1;30;29,2;29,7;28,8;29;29,1;28,9;29,5;29,1;29,1;29,4;29;29,1;29;28,9;29,1;28,5;28,8;28,9;28,6;28,7;28,6;29;29;29,3;28,7;28,8;29;29,3;28,6;28,9;29,2;29,3;29,3;29,3;28,9;28,8;29,4;29;28,6;28,9;29,4;29,3;28,7;29,1;29,4;29,3;29,3;29,3;29,1;29;29,5;29,5;29,4;29,3;29,3;29,4;29,4;29,9;29,7;29,4;29,4;29,2;29,4;29,5;29,5;29;29,2;29,2;29,2;29,1;29,2;29;29,2;28,6;29,2;29,1;29,5;29,3;29,2;29,4;29,2;29,3;29,4;29,4;29,9;29,9;29,1;29,7;29,9;30;29,5;29,3;29;30,3;30,1;29,2;29,5;29,5;29,3;29,9;30;29,9;30,1;29,7;29,4;29,7;29,9;29,7;29,9;29,5;29,3;29,3;29,5;29,5;29,7;29,7;30,1;29,7;29,7;29,7;29,7;29,7;29,5;30;29,5;29,2;29,4;30,2;30,2;29,7;29,5;30;30;29,9;29,7;29,4;29,4;30;29,4;30;29,9;29,4;29,4;29,9;29,4;29,7;29,7;29,5;29,4;29,5;29,4;29,3;29,3;29,4;29,2;29,9;29,4;30;29,4;30;29,4;29,7;29,2;29,4;29,2;29,3;29,4;29,7;29,9;30;30,2;29,4;30,1;30;30,4;30,2;30,2;30,3;30,4;30,4;30,3;30,7;30,7;30,8;30,7;31,1;30,9;30,9;31,1;30,8;30,8;31,1;31,1;31,1;31,2;31,2;31;31,3;31,5;31,3;31,4;31,1;31,1;31,4;31,4;31,2;31,2;31,2;31,1;30,8;30,6;30,6;29,7;28,7;28,1;27,7;27,6;27,4;27,4;26,6;24;22,5;21,8;20,9;20,1;19,9;20;19,8;20;20,6;20,4;19,9;20,1;20,1;20,1;20;20,1;20,5;20,2;20;20,1;20;20,1;19,9;20;20;19,9;20,2;20,6;20,2;20,1;20;20;20,1;20;19,9;19,8;19,5;19,6;19,3;19,5;19,8;19,6;19,5;19,5;19,5;19,9;19,9;19,6;19,8;19,5;19,5;19,8;19,8;20;20,4;20,4;20,2;20;19,9;19,5;19,5;19,9;20,4;20,1;19,5;19,6;20,1;20,1;20,4;19,9;19,9;19,6;20,2;19,8;20;20,5;19,4;19,9;19,6;20;19,9;20,6;20,1;20;19,9;20,1;19,5;20,6;20,1;19,6;20,1;20,4;19,8;20,1;20,1;19,9;20;19,9;20,6;19,9;20,1;20;20;19,8;20,4;20,5;20,5;20,6;20,9;20,6;20,1;19,9;20,2;20,4;20,1;20;20,1;20,1;19,9;20,6;20;19,8;19,2;20,7;20,1;20;20,2;20;19,9;19,9;19,8;20,2;20,2;19,9;19,4;19,8;19,9;19,6;20,5;20,2;19,9;19,9;19,6;19,5;19,9;20;19,6;19,9;20,4;20,4;20,2;19,9;19,9;20,4;20,5;19,6;19,5;20;20,4;20;19,8;20,1;20;19,9;20;19,8;20;20;20,2;20,2;20,1;20,2;19,9;19,6;20,1;20,6;20,2;20,8;20,6;20,620,9;20,9;20,9;20,8;20,2;20,8;20,7;20,9;21,1;20,8;20,5;20,5;20,8;20,9;20,2;20,5;20,7;20,8;20,9;21,1;20,7;21,1;20,6;19,8;20,4;21,4;21,5;20,8;20,9;20,8;20,9;20,8;20,7;21,2;20,9;20,8;21,2;21,2;21,6;21,2;20,8;21,4;21,6;21,8;21,1;21,2;21,2;21,2;21,2;21,8;21,5;21,9;21,4;21,4;21,4;20,9;20,8;22;21,4;21,1;21,1;20,9;21,2;20,7;20,9;21,2;20,9;20,9;21,1;21,1;20,8;20,7;20,8;21,1;20,9;20,1;20,5;20,7;21,1;21,2;20,8;20,8;21,2;20,8;20,1;20,7;21,2;20,9;20,7;20,6;20,9;21,1;20,7;20,6;20,8;20,7;20,5;20,8;20,8;20,1;20,9;20,6;19,9;20,5;20,9;20,2;20,4;20,8;20,6;20,2;20,6;20,2;20,2;20,4;20,4;20,2;20,2;20,1;20,1;20,5;20,8;20,2;20,4;20,5;20,1;20,1;20,5;20,6;20,7;20,6;20,1;20,2;20,4;20,5;20,2;20,2;20,2;20,2;20,2;20,2;20,2;19,9;19,9;20,2;20,2;20,2;20,2;20,2;20,6;20,6;20,4;20,2;20,4;20,1;20,2;20,6;20,4;20,4;20,4;20,4;20,2;20,4;20,4;20,1;20,6;20,6;20,4;20,4;20,4;20,4;20,4;20,4;20;20,6;20,6;20,4;20,8;20,8;20,8;20,7;20,5;20,4;20,6;21,1;20,7;20,2;20,1;20,4;20,8;20,6;20,6;20,7;21,2;22,8;25,3;26,6;26,8;27,2;27,6;27,6;28,2;29,5;30,5;31;31,4;31,7;31,8;31,8;32;31,8;32,1;32,6;32,7;32,2;32,1;32,2;32,2;32,6;32,2;31,8;31,6;31,5;31,6;31,4;31,3;31,6;30,9;31,1;30,6;31,3;30,8;30,8;30,9;30,4;30,1;30,3;30,3;30,6;30;29,9;29,9;29,3;29,3;29,2;29,4;29,3;29,7;29,2;28,9;29;29,5;29,2;29,3;28,9;28,8;28,6;29;29,1;28,7;29,1;29,2;29,1;29,7;29,1;29,7;29,2;29,2;28,9;29,5;29,3;29,1;29,1;29,1;29,3;29,3;29;29,5;29,5;29,3;29,3;29,3;29,4;29,3;29,7;30;29,5;29,5;29,5;29,3;29,2;29,4;29,5;29,4;29,3;29,3;29,5;29,4;29,9;29,9;29,7;29,3;29,9;29,9;29,9;29,5;29,5;29,2;29,3;29,3;29,1;29,7;30,1;29,7;30,3;29,4;29,9;29,5;29,7;30;29,2;30;29,7;29,5;29,5;29,9;29,9;29,3;29,9;30;29,3;29,4;30,1;29,4;30;29,9;30,1;29,5;30,1;30,2;29,7;29,9;30,1;29,5;29,9;30,1;29,7;29,5;30;29,9;30;30,1;30;29,9;29,7;30,1;30,2;29,5;30;30,1;30,2;30,1;29,7;30;30,3;30,3;30,1;30;29,9;30;29,7;30,1;30,2;29,9;29,5;30;30,2;30,5;29,4;29,7;30;29,7;30;29,5;29,9;29,5;29,3;30,3;29,7;30,2;29,5;29,9;29,2;29,7;28,9;29,9;30;29,5;29,5;30,1;29,5;30;29,4;29,4;29,7;30,1;30,2;30;29,3;30,2;30,1;30,1;30,6;30,3;30,4;30,2;30,4;30,3;30,4;30,4;30,3;30,7;30,9;30,6;30,8;31,1;31;30,8;31,2;31,2;31;31,1;31,1;31,2;31,1;31,3;31,3;31,6;31,7;31,5;31,5;31,4;31,4;31,4;31,4;31,3;31,1;31,2;31;30,8;30,8;30,6;29,9;28,7;28;27,6;27,4;27,2;27,3;26,6;24,5;22,2;21,1;20,2;20,1;20,1;19,8;19,8;20,1;20,2;20;19,5;19,5;19,9;19,9;20;19,6;19,4;19,8;19,8;19,9;20;19,5;19,4;19,9;19,6;19,6;19,9;20;19,8;19,6;19,5;19,6;19,8;19,4;19,4;19,3;19,5;19,8;19,6;19,8;19,9;19,9;19,9;19,6;19,3;19,3;19,8;19,8;19,8;19,5;19,6;19,8;19,6;19,6;19,5;19,8;20;19,8;19,9;19,8;19,9;20;20;20;19,6;19,6;19,9;19,9;20,2;19,8;19,9;19,9;19,5;19,6;19,6;20,2;19,9;19,5;19,4;19,8;20,1;19,9;19,8;19;20;19,8;20,1;19,6;19,4;19,6;19,4;19,8;18,9;20;19,6;19,2;19;19,5;19,5;19,9;20,1;19,9;19,8;19,3;19,5;19,6;19,4;19,6;19,9;19,6;20;20,1;19,9;20;19,9;19,8;19,8;20;19,9;20,1;19,6;19,8;19,4;20,4;19,8;20;20,2;19,9;20;20,1;19,9;20,5;20,1;19,9;19,8;20,2;20,5;19,9;20,7;20,2;20,1;20,1;20,1;20,4;20,6;20,6;20,5;20,5;20,7;20,5;20;20,1;20,1;20;19,4;19,8;20,2;20,2;20,1;21,2;20,4;20,2;20,4;20,1;20,1;19,8;20,6;20,2;20,4;20,5;20,5;20,5;20,4;20,1;20,2;20,5;20,2;20,8;20,7;20,520,6;20,6;20,9;20,6;20,2;20,6;20,5;20,7;20,6;20,6;20,5;20,4;20,4;20,6;20,4;20,4;20,8;20,5;20,5;20,2;20,8;20,9;20,1;20,6;20,5;20,9;20,5;20,6;20,6;20,2;20,7;21,2;21,1;21,1;20,9;20,9;21,1;20,8;20,7;20,9;20,8;21,4;21,4;21,1;20,7;20,7;21,1;21,1;21,2;21,5;21,5;21,4;20,9;21,5;20,8;20,9;20,4;21,8;21,4;20,8;20,8;20,9;21,1;20,5;21,1;20,9;20,6;21,1;21,1;20,7;20,7;21,2;21,2;20,8;20,8;20,7;20,8;20,8;20,8;20,7;20,8;20,9;20,7;21,1;20,6;20,8;20,5;20,8;20,2;20,6;20,5;20,8;20,7;20,4;20,7;20,8;20,6;20,7;21,1;20,2;20,8;20,8;20,6;20,7;20,9;20,1;20,5;20,8;20,1;20,4;20,5;20;20,4;20,5;20,5;20,5;20,2;20,1;20,2;20,6;20,8;20,4;20,4;20,7;20,5;20,4;20,6;20,6;20,1;20,2;20,7;20,7;20,5;20,2;20,4;20,5;20,4;20,6;20,9;20,9;20,7;20,6;20,5;20,6;20,4;20,2;20,5;20,5;20,4;20,5;20,7;20,6;20,5;20,6;20,7;20,6;20,6;20,9;20,6;20,8;20,9;20,7;20,2;20,4;20,7;20,6;20,1;20,4;20,9;20,7;20,5;20,6;20,5;20,5;20,5;20,8;20,7;20,6;20,7;20,6;20,6;20,8;20,8;20,8;20,7;20,6;20,7;20,7;20,9;20,9;20,9;21,2;21,5;22,9;25,5;27,2;27,3;27,4;27,9;28,1;28,5;29,5;30,9;31,4;31,6;32;32,1;32,1;32;31,8;32,5;32,6;32,8;32,4;32;32,1;32;32,4;32,1;32,1;31,8;31,7;31,8;31,7;31,4;31,6;31,4;31,1;31,2;31,1;31,6;30,8;31;30,7;30,6;30,7;30,4;30,2;30,1;30;30,3;29,5;29,9;29,5;29,9;29,7;29,4;29,5;29,5;29,4;30,1;29,5;29,4;29;29,9;29,3;29,7;29,2;29,7;29,2;29,2;29,7;29,2;29,2;29,7;29,5;29,4;28,9;29,2;29,3;29,3;29,5;29,5;29,4;29,4;29,5;29,5;29,7;29,9;29,9;29,5;29,5;29,5;29,3;29,4;29,9;30,1;30,1;29,7;29,5;29,3;29,3;29,7;29,4;29,9;30,1;29,9;29,5;29,4;29,9;30;29,7;29,9;30;29,9;29,5;29,5;29,5;29,9;29,9;30;29,7;29,7;30,1;30;30,1;29,4;30;29,4;30,1;30,1;29,9;30,2;29,7;30;29,7;30,3;30,1;30,1;29,9;29,3;30,1;30,2;30,2;29,9;30,2;30;30,1;30,1;29,9;30;30,1;30;30,2;30;30,3;30,3;29,9;30,2;30,3;30,2;30,2;30,2;30,1;29,9;30,1;30;30,1;30;29,5;30;30,2;30;30,3;30,4;30;30,1;30;30,2;30;30,4;30;30,2;30,5;30,6;30,1;30,1;29,9;30,2;29,2;29,7;29,5;30,3;30,1;30,3;29,7;30,4;29,7;30,2;29,7;29,7;29,9;30,6;29,7;29,9;30,3;30,2;30;29,5;30;30;29,9;30,1;30;30,2;30,2;30;29,9;30,4;30,4;30,6;30,5;30,8;30,5;30,5;30,5;30,6;30,5;30,7;30,6;30,6;30,9;30,8;31;31,2;31,3;31,1;31;31,1;31,1;31,1;31,2;31,3;31,3;31,2;31,4;31,8;31,8;31,6;31,6;31,5;31,5;31,5;31,6;31,6;31,4;31,4;31,1;30,9;30,9;30,8;30,2;29,2;28,5;27,8;27,5;27,3;27,5;26,8;25,1;22,7;20,7;20,4;20,4;20;19,8;19,8;19,9;19,8;20,1;20,1;20;20;20;19,6;19,4;19,5;19,8;20;20;19,8;20;20;19,8;19,8;20,2;20,1;19,6;19,6;19,8;19,8;20;20,1;20,4;20,1;20;19,9;19,9;20,1;20,2;20,1;19,8;19,9;20,1;20,2;19,9;19,9;19,5;19,2;20;20,5;19,9;19,9;19,9;19,9;19,9;20,1;20;19,9;19,9;19,9;20,4;20,1;19,9;20;19,8;19,9;19,4;20,1;19,6;19,8;19,9;19,6;20;19,6;20,1;19,5;19,5;19,4;19,5;19,5;19,4;19,9;19,3;20,1;19,9;19,5;19,8;19,4;19,9;20;19,4;19,3;19,2;19,5;19,5;19,4;19,4;19,4;19,8;19,8;19,4;19,9;19,9;19,8;19,5;19,4;19,3;19,6;19,9;19,8;19,4;19,2;19,3;19,8;20,1;20,2;19,6;19,5;20;19,6;19,8;19,9;19,8;19,6;19,6;20;19,5;19,4;19,8;20;20,6;19,5;19,5;20;19,6;20,2;20;20,1;20;20;19,5;19,4;19,4;19,6;19,8;19,6;19,8;20;20;19,6;20;20,1;19,8;19,5;19,5;20;20,6;19,8;19,9;19,5;19,5;20;20,1;19,8;19,9;20,1;19,6;19,8;19,8;20;20,1;20,2;20;20,1;20,5;20;20,2;20,8;20,620,5;20,1;20,2;20,4;20,4;20,2;20,5;20,6;20,5;20,5;20,5;20,2;20,2;20,4;20,4;20,1;20,6;20,7;20,6;20,5;20,7;20,4;20;20,8;20,2;21,6;20,5;20,5;20,6;20,4;19,9;20,2;20,8;20,9;20,6;20,5;20,5;20,6;20,9;21,1;21,2;21,5;21,2;21,2;21,1;21,1;20,8;21,1;20,9;20,9;21,5;21,2;20,8;21,9;21,2;21,4;20,8;21,6;21,1;21,2;20,9;21,2;21,2;20,9;21,2;20,8;21,2;21,2;21,1;21,4;21,4;20,9;20,8;21,1;21,1;20,9;20,8;20,9;21,4;21,2;21,5;20,9;21,2;20,8;20,5;20,9;21,4;20,6;20,6;20,6;20,6;21,1;20,9;20,4;20,9;21,1;20,7;21,2;20,9;20,8;20,9;20,6;20,8;20,8;20,9;20,8;20,7;20,8;20,7;20,5;20,4;20,5;20,7;20,8;20,6;20,7;20,5;21,1;20,5;20,7;20,8;20,7;20,7;20,7;20,5;20,5;20,4;20,6;20,5;20,6;20,5;20,5;20,6;20,5;20,5;20,6;20,5;20,6;20,5;20,4;20,5;20,7;20,8;20,5;20,4;20,8;20,7;20,2;20,5;20,6;20,5;20,9;20,8;20,6;20,7;20,5;20,6;20,7;20,7;20,9;21,1;20,8;20,5;20,5;20,6;20,7;20,9;20,9;20,7;20,7;20,9;20,9;20,9;20,8;20,5;20,6;20,9;20,8;20,6;20,9;21,1;20,7;20,9;21,2;20,6;20,5;20,7;20,7;21,1;21,2;21,1;21,2;21,8;23;25,5;27,3;27,5;27,4;27,8;28,1;28,5;30,1;31,1;31,5;31,6;32,1;32,2;32,1;32,1;32;32,2;32,4;32,6;32,4;32,1;32;32;32,4;32,4;31,8;31,6;31,6;31,7;31,8;31,6;31,1;31,3;31,1;31,7;31,2;31,5;31,1;30,8;30,5;30,8;30,6;30,4;30,3;30,2;30,2;30,1;29,5;30,2;29,9;29,9;30,1;29,3;29,5;29,5;29,9;30;29,5;29,7;29,3;29,3;29,1;29,2;29,3;29,4;29,2;29,1;29,5;29,4;29,2;29,2;29,1;29,2;29,4;29,3;29,5;29,7;30,1;30;29,5;29,1;29,2;29,2;29,3;29,7;30;29,7;29,2;29,5;29,3;29,3;29,9;29,3;29,1;29,3;29,7;29,5;29,3;29,7;29,7;29,7;30,2;29,9;29,4;29,4;29,9;29,5;29,3;29,2;29,7;29,9;30;29,7;29,7;30,3;29,9;29,4;29,5;29,5;29,5;29,5;30,2;30,3;29,5;29,2;29,5;29,7;30,3;29,5;29,2;29,5;29,5;30;29,9;29,4;29,4;29,5;29,4;30,2;30,2;30,1;30,3;29,9;30,2;30,1;30,2;29,4;29,7;30;29,7;29,5;30;30,2;30,1;29,9;30,1;30;29,7;30,2;30,4;30,3;30,1;30,5;30,5;30,2;30,1;29,7;29,9;30,2;30,3;30,3;30,2;29,4;29,1;29,7;30,3;29,7;29,9;30;30;30,3;30;30,2;30,3;29,4;30,2;30,1;30;30,1;29,9;29,4;30,3;30,2;29,5;29,7;29,5;30,1;29,9;30,4;29,5;30;29,9;30,5;29,9;29,7;29,4;30;30;30,3;30,3;30,3;30,3;30,2;30,1;30,4;30,1;30,7;30,4;30,8;30,4;30,7;30,8;30,8;30,6;31;30,9;30,8;30,7;31;31,1;31,4;31,1;31,3;31,3;31;31,2;31,1;31,4;31,2;31,2;31,3;31,3;31,4;31,6;31,7;31,6;31,3;31;31,3;31,8;31,8;31,7;31,7;31,4;31;30,9;30,7;30,4;29,5;28,6;28;27,9;27,7;27,5;26,8;25;22,8;21,4;20,7;20,4;19,8;19,9;20,4;20,2;20;20,4;20,4;20,2;20,5;20,5;20,2;20;20;20,2;20,1;19,9;19,9;20,1;20,5;20,2;19,9;20;19,9;20,1;20;19,5;19,9;20,6;20,4;20;20,1;20,1;20,1;20;20,1;20,5;20,6;20,2;20,2;20,4;20,2;20,1;20;19,9;19,6;19,8;20,4;20,1;19,9;19,9;20,4;20,5;20,1;19,9;20,1;20,2;19,8;20,2;20,2;20,4;20;19,8;20;19,9;19,8;20,2;19,9;19,6;19,9;20,1;20,5;19,9;18,8;20;19,3;19,6;19,6;19,5;20,2;20,1;19,4;20;19,4;19,8;19,8;19,6;19,9;19,6;20;19,8;19,9;19,5;20;19,9;19,2;20;20,4;20,1;20,1;20,1;20,2;19,8;20,1;19,5;19,3;20;20,4;20,2;19,9;19,8;19,8;19,9;20;19,9;19,6;20,1;20,1;19,5;19,9;19,9;19,4;19,8;19,6;19,3;19,4;19,5;19,8;20;19,8;19,8;19,8;19,5;19,6;20,1;20,1;20,1;19,8;19,2;19,3;19,6;19,8;19,8;19,8;19,8;20,1;20,1;19,4;19,6;20,1;19,4;19,5;19,9;19,2;19,4;20,1;19,9;19,6;20,1;19,8;20;19,6;19,9;19,5;19,6;20,4;20;19,8;19,9;20;20;19,8;20,5;19,5;20;20,4;21,120,5;20,1;20;20,8;20,8;20,4;20,6;20,7;20,6;20,7;20,5;20,2;20,5;20,7;20,7;20,7;20,8;20,8;20,2;20,1;20,8;20,4;20,6;20,5;20,4;21,1;20,7;20,7;21,1;20,6;20,7;20,7;20,4;20,5;20,6;20,8;21,1;21,1;21,4;21,5;21,5;21,5;21,2;21,4;21,6;21,5;21,1;21,5;21,1;21,2;21,2;21,4;20,9;21,9;21,6;21,2;21,5;21,5;21,2;21,4;21,2;21,1;21,2;21,4;21,6;21,6;21,5;21,1;21,6;21,8;21,4;21,6;21,6;21,2;21,2;21,2;21,1;21,4;21,4;21,1;21,4;21,2;21,4;21,4;21,4;21,5;21,1;20,8;20,8;21,5;20,7;21,5;20,8;20,1;20,9;20,2;20,9;21,4;21,1;20,9;21,1;20,4;21,1;21,1;20,8;20,9;20,6;20,7;21,1;20,5;20,2;20,7;20,8;20,7;20,6;20,7;20,5;21,2;20,6;20,5;20,7;20,7;20,8;20,7;20,7;20,5;20,4;20,5;20,4;20,2;20,4;20,6;20,1;20,2;20,7;20,8;20,8;20,7;20,6;20,7;20,5;20,6;20,5;20,6;20,5;20,2;20,5;20,9;20,8;20,6;20,8;20,9;20,8;20,8;20,7;20,7;20,7;20,7;20,7;20,7;20,9;20,6;20,4;20,6;20,4;20,5;20,9;20,9;20,9;20,7;20,6;20,7;20,8;20,8;20,7;20,9;21,2;20,9;21,2;21,4;20,9;20,9;20,9;20,7;20,7;20,8;20,7;20,7;20,9;21,2;21,1;20,9;21,8;23,3;25,8;27,3;27,4;27,4;27,9;28;28,5;30;31;31,4;31,5;32,1;32,2;32,1;32,2;32,1;32,1;32,5;32,6;32,5;32,4;32,1;32;32,2;32,2;31,7;31,5;31,6;31,8;31,4;31,6;31,4;31,5;31,3;31,1;31,1;31,1;31,3;30,6;30,8;30,8;30,6;30,5;30,2;30,6;30,4;30,3;29,9;30,1;29,9;30,2;29,7;30,2;30,1;29,7;29,9;29,4;30;29,7;29,3;29,7;29,1;29,9;30,1;30;29,3;29,2;29,2;30,1;29,3;29,5;29,2;29,2;29,5;29,9;29,5;29,5;29,5;29,5;29,7;29,5;29,4;29,9;29,4;29,1;29,3;29,5;29,7;29,7;29,4;29,7;29,9;29,7;29,4;29,3;29,2;29;29,7;29,7;29,3;29,2;30;30,2;30;29,9;29,4;29,9;29,3;29,3;29,7;29,7;29,7;30,1;29,9;30,2;30,1;29,9;30,2;30,2;29,7;29,3;30,4;30,3;30;29,7;29,7;30;30,5;30,1;29,9;30,2;30;29,3;30;30,2;29,9;30;30,1;30,1;29,9;29,9;30,1;29,7;29,4;29,7;29,5;30;30,3;29,7;30,2;30,4;30;30;30,1;30,2;30,2;30,3;30,4;30,3;30,3;30,1;30,2;30,2;30;30,1;30,1;29,5;30;30,2;30,1;29,5;29,7;30,1;30,4;30,2;30,1;30,2;30,3;30,3;30,1;30,3;30,1;30;29,9;29,9;30,1;29,7;30,1;30,1;29,3;30,4;29,7;30,1;30,2;29,7;30;29,7;30,3;30,6;30,5;29,5;30;30,4;29,5;29,9;30,2;30,2;30;30;30,3;30,6;30,4;30,6;30,1;30,5;30,3;30,7;30,5;30,8;30,5;30,7;31,1;31;30,7;30,6;30,7;30,7;30,8;31,1;31,2;31,8;31,4;31,1;31,4;31,5;31,4;31,5;31,6;31,4;31,1;31,4;31,4;31,4;31,6;32;31,7;31,4;31,1;31,5;31,8;31,8;31,8;31,6;31,1;30,9;30,9;30,6;30,2;29,5;28,6;28,1;27,8;27,4;27,1;26,6;25;22,7;20,9;20,4;20,2;19,9;19,8;19,8;19,5;19,6;20;19,9;20;20,4;20,2;20,1;20,5;20,4;20,2;20,8;20,4;20,1;20,2;20,2;20,1;19,8;20;20,1;20,2;20,1;19,8;19,6;19,6;19,8;19,6;19,3;19,6;19,8;19,9;19,9;19,6;19,9;20;20,1;20,2;20,1;20;19,9;19,6;19,6;19,8;20,1;20;19,9;19,8;19,9;19,9;20;19,8;20;20,1;20;20;20,2;20,1;20,1;20;20,1;20,4;19,5;20,6;19,8;19,8;19,6;20;20,2;20;19,2;20,1;19,8;19,8;19,6;19,4;20,2;19,3;18,9;20,1;19,4;19,8;19,8;19,2;19,4;19,6;20,4;19,8;20;20;19,2;19,4;19,6;20,1;20;20,1;20;19,8;19,9;20,5;20,2;20,1;20;20;20,4;20,4;20;19,9;19,9;20;20,2;20;19,5;20;20,1;19,9;19,5;19,9;19,8;20,4;19,8;19,6;19,4;19,8;19,8;20;19,8;19,9;19,6;19,9;19,5;20,1;19,9;19,9;20,2;20,2;19,9;20;20;19,8;19,8;19,4;19,6;19,9;19,4;20;20,2;20,1;20,1;19,5;19,8;20,1;19,3;20,1;20,5;19,9;20,2;19,8;19,9;20;20;20,4;20,5;20,2;20,1;20,2;20,2;20,4;20;20,6;19,8;20,4;19,9;20,620,9;20,5;20,4;21,2;21,1;20,4;20,5;20,7;20,6;20,6;20,5;20,5;20,6;20,4;20,4;20,7;20,8;20,7;19,9;20,2;20,6;20,8;20,4;20,9;20,9;20,8;20,9;20,7;20,9;20,8;21,1;21,4;21,2;21,1;21,2;21,2;20,9;20,8;20,9;20,7;20,6;20,9;21,1;21,4;21,8;21,1;21,4;21,2;21,2;21,8;21,6;21,4;20,7;21,6;21,2;21,2;21,5;21,2;21,2;21,6;21,2;21,2;21,6;21,1;21,2;21,4;20,9;20,8;21,2;21,1;20,9;21,2;21,5;21,5;21,8;21,5;20,9;20,8;21,1;20,8;21,4;21,5;21,2;20,6;20,7;20,5;20,9;20,9;20,9;20,8;20,9;21,1;21,2;20,7;20,5;21,4;20,7;21,5;20,9;20,7;20,5;20,6;20,8;21,1;21,2;20,5;20,5;20,9;20,6;20,4;20,8;20,9;20,9;20,6;20,7;20,5;20,6;20,9;20,8;20,2;20,5;20,5;20,7;21,2;20,9;20,7;20,9;20,7;20,5;20,2;20,4;20,6;20,7;20,9;21,1;20,6;20,4;20,8;20,7;20,6;20,6;20,4;20,1;20,1;20,4;20,9;21,2;20,8;20,9;20,4;20,5;20,7;20,7;20,9;20,6;20,5;20,9;20,8;20,6;20,8;20,7;20,4;20,5;20,5;20,6;20,6;20,8;20,6;20,2;20,6;20,9;20,7;20,7;20,6;20;20,2;20,7;20,8;20,7;20,8;20,9;20,8;20,6;20,8;21,4;21,2;20,9;20,9;21,1;21,1;21,1;21,1;21,8;23,4;25,7;27,1;27,2;27,4;27,9;28,1;28,7;29,9;31;31,5;31,6;32,1;32,2;32,1;32,4;32,2;32;32,1;32,4;32,1;32,2;32;31,8;32,1;31,8;31,5;31,5;31,5;31,6;31,2;31,4;31,3;31,4;31,2;31,2;31;31;31,2;30,8;30,9;31,1;30,7;30,6;29,9;30,3;30,2;30,4;30,3;30,3;30,1;29,9;29,4;29,9;29,7;29,7;29,7;29,2;30,3;30;29,4;29,2;29,1;29,5;29,3;30,2;29,2;29;29,7;30;29,2;29,5;29,4;29,4;29,5;30;29,2;29,2;29,5;29,9;30;29,4;29,4;29,5;29,5;29,4;29,2;29,1;29,3;29,2;29,2;29,3;29,3;29,3;29,5;29,9;29,7;29,5;29,2;29,2;29,4;29,7;29,4;29,2;29,3;29,4;29,5;29,1;29,7;30;29,3;29,5;29,5;29,5;29,4;29,5;29,4;29,2;29,3;29,4;29,3;29,4;29,4;29,3;29,7;29,5;30;29,4;29,5;30,2;29,5;29,5;30,1;30,1;29,7;29,9;30,1;29,5;29,9;29,9;30,1;30;30,2;30;29,3;29,9;29,9;30;29,9;29,3;29,9;29,5;29,9;29,5;29,4;29,9;30,3;30,1;30,1;30,4;30,1;29,9;29,9;30,1;30,3;30,1;29,9;30;30,2;30,1;30;29,9;30,2;30;29,9;29,9;30,1;29,9;30;30,1;30;30;29,9;30,2;29,7;30;30,4;30,2;29,5;30,1;29,9;30,2;30;30,3;30,3;29,7;30,2;30;30;30,6;29,7;29,9;29,9;30,3;29,7;30,1;30,2;30,5;29,9;30,1;30;30,5;30;30,6;30,3;30,2;30,6;30,5;30,5;30,7;30,6;30,3;30,7;31;31;30,9;30,8;30,8;30,9;30,9;31,1;31,4;31,4;31,4;31,2;31,4;31,3;31,3;31,4;31,4;31,4;31,5;31,4;31,3;31,6;31,8;31,8;31,7;31,4;31,6;31,8;31,7;31,6;31,4;31;30,8;30,7;30,4;30,1;29,5;28,5;27,8;27,4;27,4;27,4;26,7;24,8;22,3;21,1;20,5;20,2;20,2;20,2;20,1;20,1;20;20;20,2;20,4;20,6;20,4;20,2;20,1;20,2;20;20,4;20,4;19,9;20,1;19,9;19,9;20;20;20,2;20,4;20,4;20,1;20;20;19,9;20,1;20,2;19,9;20;20;20;20,2;20,1;19,9;19,9;20,2;20,4;20;19,8;19,9;20;19,9;20,1;20,1;20;20;20,1;20,2;20,1;19,9;19,9;19,6;19,8;19,8;20,1;19,5;19,9;20;20,1;19,9;19,6;20;19,6;20,2;20,1;20;19,4;20,4;19,8;20;20;20;19,8;20,1;20;19,4;20;19,8;20;19,9;19,2;19,4;20,1;20,1;19,8;19,5;19,5;19,5;19,3;20;19,8;20;20,4;19,9;20,5;20,2;19,8;20;20,6;20,2;19,8;19,6;19,9;20,4;20,1;19,9;19,9;19,6;20,1;20;19,2;20,1;19,5;19,9;19,5;19,8;19,9;20,7;20;19,9;19,4;19,5;20,1;19,9;20;20;20,1;20;19,5;20;20,1;20,2;20;20;19,9;20,1;20,2;20,1;19,9;19,5;19,9;20,2;19,6;19,9;20,2;20,2;20;20,1;20;20,5;20,1;20,4;20,7;20,2;20,7;20,5;20,2;20,1;20,7;20,4;20,1;20;20,1;20,4;20,4;20,4;20,1;20,8;20,1;20,6;20,1;20,521,4;20,6;20,9;20,9;20,8;20,2;20,4;20,9;20,7;20,5;20,4;20,5;20,7;20,7;20,6;20,7;20,9;20,8;20,1;20,5;20,5;20,2;20,7;21,1;20,9;21,4;21,2;20,2;20,7;20,5;20,8;21,1;21,1;21,1;21,1;20,9;20,8;21,2;21,6;21,4;21,2;21,5;21,6;21,1;21,4;20,8;21,2;21,1;21,4;21,8;21,6;21,5;20,6;21,5;21,2;21,4;21,4;21,1;21,1;22;21,6;21,4;21,8;21,1;21,1;21,5;21,2;21,2;21,4;21,4;21,8;21,5;21,2;21,4;21,1;21,2;21,2;21,2;21,5;21,1;20,9;21,5;21,6;21,2;20,9;20,5;20,4;20,6;20,9;20,6;20,7;21,1;21,2;20,5;21,1;21,4;20,6;20,8;21,2;20,7;20,6;20,8;20,6;20,4;21,1;20,8;20,5;21,2;20,6;20,6;21,1;20,7;20,7;20,8;20,9;20,9;20,8;21,1;20,9;20,5;20,2;20;20,4;20,5;20;20,4;20,7;20,6;20,6;20,4;20,7;20,9;20,8;20,5;20,4;20,2;20,4;20,2;20,2;20,4;20,1;20,4;20,6;20,2;19,9;20,5;20,8;20,5;20,2;20,4;20,7;20,6;20,6;20,5;20,6;20,7;20,8;20,5;20,6;20,9;20,8;20,6;20,7;20,9;20,6;20,4;20,4;20,4;20,8;20,7;20,6;20,4;20,6;20,7;20,8;20,9;20,9;20,7;20,5;20,7;20,7;20,8;20,8;20,6;20,7;20,7;20,5;20,4;20,7;20,9;20,9;21,2;21,9;23,5;25,8;26,8;27,3;27,3;27,7;28,2;28,8;29,9;30,9;31,6;32;32,2;32,2;32;32,1;32,2;32;32,1;32,1;32;32,2;31,7;32,2;32;32,2;31,5;31,5;31,6;31,3;31,5;31,7;31,3;31,5;31,2;31,3;31;31,4;31,3;31,1;30,9;31,4;30,8;30,9;30,4;30,7;30,9;30,3;30,6;30,4;30,3;30,4;30;30,4;30,2;30,1;30,3;30,1;30,1;30,6;30;29,4;29,9;30,4;30;30,1;29,9;29,3;29,7;29,5;29,5;29,5;29,3;29,5;29,4;30,1;29,7;29,9;29,9;29,5;29,4;29,7;29,4;29,2;29,3;29,5;29,7;29,5;29,5;29,9;29,9;30,1;29,9;29,3;29,5;29,7;29,5;29,5;29,9;30,2;30,1;29,9;29,9;29,5;29,3;30;30;30,1;29,9;29,7;30,2;29,9;30;30;29,9;29,5;29,7;29,9;29,7;30;30,3;30,3;29,5;30,2;29,9;30,1;29,7;29,7;30,4;30,6;29,4;30,1;30,3;30,2;30,2;30,3;29,7;29,5;29,9;30;30,3;30,2;30,1;30,3;30,4;29,7;29,9;29,9;30,1;30,2;30,2;30,1;30;30;29,9;30,2;30,6;30,6;30,2;30,2;30,4;30,3;30,6;30,6;30,4;30,3;30,2;29,7;29,9;30,3;29,9;29,5;30,1;30,1;30,2;30,2;29,9;29,7;29,9;29,9;30,1;30,4;30,1;30,8;30,3;29,9;30;30,2;30;30,2;30,4;30,3;30,5;30,1;30,4;30,1;30,5;30,5;30,3;30,3;29,5;30,4;30,4;29,9;30,2;30,2;30,1;30,4;30,6;30,3;30,4;30,4;30,4;30,7;30,8;30,7;30,8;30,5;30,6;30,9;30,6;30,4;31;31,3;31,1;30,9;30,9;31,2;31,3;31,1;31,3;31,2;31,3;31,6;31,6;31,6;31,5;31,4;31,3;31,5;31,8;31,7;31,5;31,4;31,5;31,7;31,7;31,7;31,5;31,6;31,8;31,7;31,4;31,4;31;31;30,7;30,5;30,2;29,3;28,6;27,8;27,6;27,5;27,2;26,3;24,7;22,2;20,5;20;20,1;19,8;19,8;19,9;20,1;19,9;19,8;20,4;20,2;20,2;20,2;19,8;20;20;20;20,4;20,2;19,8;19,6;20;20,1;19,8;20;20,1;20,1;19,9;19,8;19,9;19,9;19,9;20,4;20,2;19,6;19,4;19,6;19,9;20,2;20,4;19,6;19,3;19,4;19,5;19,5;19,8;20;19,9;20;20,1;19,8;19,6;20;19,9;20,2;20,4;20;19,9;19,9;19,8;19,8;20,1;19,3;19,9;19,9;19,9;20;19,5;19,9;19,6;20,1;19,9;19,8;20,1;20,5;19,4;19,4;19,6;19,9;19,5;20;20,5;19,9;20;20,5;19,4;20;20;20,1;19,6;20,1;20,2;19,9;19,5;19,8;19,9;19,9;19,9;19,5;20,2;20;20,4;20,1;19,9;20;20,2;20;19,6;19,9;20;19,9;20;20,4;20;19,6;19,9;19,9;19,8;20,2;19,6;19,8;19,8;20,1;19,9;20,5;20;19,9;19,9;19,8;20,4;20;20;19,4;19,6;19,8;19,8;20,1;20,2;20;19,3;19,5;19,9;20;19,9;19,4;19,4;19,5;19,5;19,5;19,9;20,1;19,9;19,8;19,5;20,4;20;19,8;20,2;19,6;20,6;19,9;20,6;20,4;20,5;20,2;20,5;20,5;20,4;20,2;20;20,2;20,5;20,5;19,9;20,5;20,4;20,7;20,7;20,721,5;20;20,9;20,1;20,4;20,1;20,5;20,8;20,4;20,6;20,4;20,2;20,8;21,1;20,6;20,4;20,7;20,7;20,7;20,5;20,7;20,9;20,7;20,7;20,9;21,4;20,6;20,8;21,1;21,1;21,1;20,9;21,2;20,9;20,7;20,9;21,2;21,5;21,9;21,5;21,5;22,1;21,9;21,6;21,4;21,2;20,7;21,2;21,4;21,6;21,4;21,4;20,9;21,4;21,4;20,8;20,9;21,4;21,2;21,6;21,4;21,2;21,5;20,8;20,8;21,4;21,2;21,1;21,2;21,2;21,2;21,2;21,4;21,4;21,6;21,4;20,9;21,4;21,4;20,6;20,7;21,4;21,6;21,4;21,1;21,1;20,7;20,9;20,9;21,4;20,7;21,4;21,8;21,1;21,1;20,6;20,5;21,2;20,7;20,6;20,8;20,8;20,7;20,9;20,6;20,9;20,8;21,2;20,6;20,6;20,7;20,7;20,8;20,7;20,9;21,1;20,8;20,6;20,7;20,7;20,6;20,1;20,2;20,6;20,5;20,6;20,7;20,8;20,6;20,4;20,9;20,8;20,8;20,6;20,7;20,8;20,6;20,7;20,7;20,8;20,6;20,1;20,4;20,6;20,6;20,7;20,6;20,7;20,8;20,8;20,7;20,6;20,7;20,4;20,2;20,6;20,8;20,6;20,8;21,2;20,9;20,8;20,9;20,8;20,9;20,8;20,8;20,8;20,6;20,9;20,9;21,1;21,2;20,7;20,6;20,7;20,9;20,8;20,7;20,6;20,7;20,9;20,8;20,9;21,4;21,1;21,1;21,1;21,4;20,9;20,9;21,5;21,9;23,6;26,2;27,5;27,5;27,4;27,9;28,2;29;30,2;30,9;31,4;32;32;32,1;31,8;32,1;32,2;32,4;32;32,4;32,5;32,4;32,4;32,4;32,2;32,4;31,7;31,7;31,6;31,4;31,6;31,6;31,7;31,4;31,4;31,3;31,3;31,3;31,3;31,1;30,5;31,1;30,9;31,2;30,9;31,2;31,1;30,7;30,4;30,5;30,4;30,3;30,1;30,3;30,6;30,5;30,2;30,3;30,2;30,3;30;30,1;30,3;30;30,2;30,2;29,5;29,2;30,3;29,5;29,5;29,5;29,5;29,4;29,5;30;30,2;29,9;29,5;29,7;30;30,1;29,4;29,7;30,1;30,1;30,1;29,9;30;30,1;30,4;30,1;29,9;29,4;29,4;29,9;30,1;29,9;29,5;29,4;30;30,2;30;29,9;29,5;29,7;30;29,9;30;29,9;30;29,5;30,4;29,9;30,1;29,4;30;29,3;30,2;29,3;29,7;30,2;29,9;29,3;29,9;29,2;30;30;30,3;30,2;30,2;30;29,7;29,5;29,5;29,7;29,9;29,9;30,2;30;30,1;30;30;30,2;30,1;30;30;29,9;30,1;29,9;30,2;30,2;30,4;30,1;29,9;30;30,3;30,1;30,2;30;29,9;30,2;30,1;30,2;30,5;30,4;30;29,7;30;29,9;30;30,2;30,2;30,3;30,3;30,4;30,1;29,9;29,9;30,2;30,1;30,5;30,2;30,5;30,1;30;29,5;30,1;29,9;30,2;30,4;30,2;30,5;30,2;30;30,3;30,4;30,5;30,5;30,4;30,3;30,1;30,4;30,3;30,4;30,2;30,3;30,3;30,6;30,2;30,4;30,8;30,6;30,5;30,9;31;30,9;30,8;30,5;31;30,7;30,6;31,1;31,5;31,1;31,1;31,1;31,2;31,4;31,2;31,4;31,2;31,5;31,8;32,1;31,6;31,6;31,6;31,5;31,7;31,7;31,6;31,7;31,8;31,7;31,8;31,8;31,6;31,4;31,5;32;32,2;31,7;31,7;31,8;31,6;31,2;30,9;30,2;29,5;28,8;27,8;27,6;27,5;27,4;26,8;25,2;22,6;21,1;20,7;20,6;20,4;20,5;20,4;20,6;20,6;20,2;20,4;20,4;20,2;20,4;20,5;20,2;19,9;19,9;20;20,1;19,9;20,1;20,5;20,6;20,4;20,4;20,5;20,4;19,9;19,6;19,8;20;19,8;19,8;19,6;19,8;19,6;19,6;20,2;20,4;20;19,5;19,8;20;19,5;19,9;19,9;19,9;19,9;20,1;20,4;20;19,6;20;19,6;19,8;20,2;20,2;19,6;20,2;19,8;19,9;20,1;19,6;20,4;20,1;19,9;20,1;19,6;20,2;20;19,9;19,6;19,6;19,9;20,2;19,3;19,6;19,4;19,5;19,9;20,1;20,1;19,3;19,2;20;19,6;20,1;19,9;19,6;19,9;19,8;19,3;19,3;20,1;20,2;19,3;19,3;19,6;19,5;19,3;20,1;20,1;19,6;20,2;19,9;19,6;19,5;19,4;19,5;19,6;19,8;19,5;20;19,9;19,5;19,9;19,3;19,9;20,1;19,8;20;20,1;20,2;19,8;20,2;19,9;19,6;19,6;20,4;20,1;20,2;20;19,4;20,1;20,4;20;20,5;19,9;19,9;19,9;19,5;19,9;20,4;20,4;19,9;19,3;19,6;19,9;20,2;20,2;20;20,6;20,7;19,9;19,9;19,8;20;20,4;20,5;20,2;20,1;20,9;20,1;20,1;19,9;20,2;20,4;20,5;20,5;20,1;20,1;20,5;20,9;20,1;20,4;20,5;21,1;20,9;20,920,7;20,4;20,5;20,5;20,5;20,4;20,6;20,8;20,5;20,6;20,5;20,4;20,7;20,7;20,5;20,4;20,4;20,4;20,2;20,4;20,4;20,9;20,4;20,5;20,4;21,1;21,1;20,8;20,6;20,1;20,2;20,7;20,8;20,8;20,8;21,2;20,7;20,6;21,1;20,9;20,8;21,1;21,4;21,2;20,9;21,1;20,7;20,8;20,8;21,5;21,4;21,4;21,5;21,6;21,4;20,8;20,9;21,8;21,2;21,6;20,9;21,8;21,5;20,9;21,2;21,5;21,5;21,4;21,5;21,5;21,5;21,2;21,2;21,8;21,9;21,6;21,5;21,4;21,1;21,1;21,4;21,6;21,8;21,4;21,2;21,1;20,7;20,8;20,9;21,4;20,7;20,6;20,8;20,8;21,5;20,5;21,2;21,4;20,7;21,6;21,1;21,2;20,8;21,5;20,8;20,7;20,9;20,9;20,7;20,8;21,2;20,8;20,9;20,6;20,7;20,9;20,7;20,4;20,8;20,8;21,1;20,7;20,4;20,9;20,9;20,7;20,7;21,1;20,5;20,2;20,6;20,6;21,1;20,9;20,8;21,1;20,6;20,7;20,7;20,8;20,8;20,5;20,5;20,7;20,8;20,7;20,7;20,6;20,7;20,7;20,9;20,9;20,7;20,6;20,7;20,9;20,5;20,6;20,7;20,9;21,2;20,8;20,5;20,5;20,6;20,8;21,1;21,1;20,8;20,6;20,7;20,7;20,9;20,6;20,5;20,8;21,1;20,9;21,1;20,9;21,1;20,5;20,2;20,9;21,4;21,1;20,8;20,6;20,9;20,8;20,5;21,2;21,9;23,4;26,1;27,5;27,1;27,1;27,8;28,1;29,1;30,5;31,2;31,5;31,7;31,7;32;32;32,4;32,4;32,2;32,1;32,5;32,4;32,4;32,2;32,1;32,1;32,1;31,6;32;31,4;31,8;31,7;31,4;31,8;31,6;31,4;31,3;31,4;31,2;31,2;31,2;30,9;31,3;31,1;31,4;31;31,2;30,7;30,8;30,7;30,5;30,7;30,4;30,4;30,4;30,6;30,6;30,1;30,3;30,4;30,5;29,9;30,4;30;30,1;29,9;30,2;30;30;29,7;30,1;29,3;29,7;29,7;29,5;29,5;29,7;29,9;29,9;29,7;29,9;29,9;29,5;30;30,1;29,7;29,5;29,4;29,5;29,9;30;30,2;30,3;30;29,3;29,3;30;30;29,7;30,1;29,7;29,7;29,5;29,5;29,5;29,9;29,4;30;30,1;30;30;30,3;30,1;30,3;30;29,7;29,2;30;29,9;29,5;30,1;29,7;29,9;29,4;29,4;30,1;29,9;30,1;29,7;30,1;30,1;29,1;29,9;30,1;30,1;30;29,9;30,2;30;30,1;30,1;30,5;30,3;30,3;30,5;29,9;29,5;29,4;30,2;30,6;30,4;30,3;30;30,2;30;30,1;30,3;30,4;30,2;30,5;30,3;30,2;30,2;30,4;30,5;30,5;30,1;29,9;29,9;30,1;30,2;30,2;30,3;30,2;30,2;30,2;30,1;30,3;30,2;30,1;30,1;30,3;30,6;30,2;30,4;30,1;30;30,3;30,6;30,3;30,6;30,4;30,5;30,3;30,8;29,7;30,8;30,2;30,7;30,9;30,7;30,4;30,3;30,3;30,4;30,4;30,8;30,4;30,6;30,4;30,5;30,3;30,8;30,6;30,7;31;30,5;30,8;31,1;30,6;31,1;31;30,7;30,8;31,4;31,1;31,1;31,3;31,3;31,2;31,3;31,6;31,3;31,7;31,8;32,1;31,5;31,5;31,6;31,4;31,6;31,7;31,7;32;31,8;31,7;31,8;31,7;31,6;31,3;31,3;32;32,1;31,6;31,6;31,6;31;31;30,8;30,3;29,2;28,5;28;27,9;27,6;27,3;26,8;25,3;22,8;20,7;20,4;20,6;20,4;20,4;20,5;20,5;20,6;20,6;20,4;19,9;19,6;19,8;19,9;19,9;19,9;20,2;20,4;20,2;20,4;20,4;20,2;20,4;20,1;19,9;19,9;20;20,2;20,1;20,1;19,9;19,6;20,1;20,2;19,8;19,9;20,1;20,1;20,1;20,1;19,9;20,2;20,2;20,2;20,5;20,4;20;19,8;20;20,1;20,1;19,9;20;19,8;19,4;20;20,5;20;20,1;19,8;19,8;20,1;20,1;20,2;20,2;20,4;20,2;20,2;20,5;20,2;20,1;20;19,9;20,2;20,5;19,4;19,9;19,9;20;20;20;20,6;19,3;20;19,8;20,1;20;20;19,8;20,5;20;19,9;19,8;20,2;20,4;19,9;20;20,5;20;20;19,9;19,8;19,8;20,2;20,6;20,4;20;19,6;19,6;20;20,1;19,6;19,9;19,9;19,6;20;19,5;19,9;20;20,1;19,8;20,1;20,5;19,5;20;19,8;19,6;19,2;20,1;20;20,2;20,2;19,4;19,5;20,1;19,9;19,5;20,1;20,1;19,9;19,9;20,1;20,2;20,1;19,8;19,2;19,5;20;20,2;19,8;19,8;20,2;19,4;19,6;20,1;19,3;19,9;20,2;20,5;19,5;19,9;20,7;20;20,1;20;20;20,1;20,5;20,6;20,1;20;20,7;20,9;20,2;20,7;20,4;21,5;20,7;21,220,6;20,4;20,6;20,9;20,6;20,2;20,2;21,1;20,8;20,6;20,7;20,7;20,6;20,5;20,5;20,4;20,4;20,7;20,5;20,7;20,2;20,8;20,4;21,2;20,6;21,5;21,1;21,5;20,9;20,7;20,6;21,1;21,2;20,9;20,9;21,5;21,5;21,5;21,5;21,5;21,8;21,6;21,4;21,2;21,2;21,8;21,6;21,5;21,1;21,4;21,9;21,4;22;21,6;21,5;21,8;21,5;21,5;21,1;21,8;21,4;21,6;21,9;21,1;21,5;21,6;21,6;21,6;21,6;21,8;21,8;21,1;21,2;21,5;21,8;21,8;21,5;21,2;20,9;20,8;21,1;21,1;20,9;21,5;21,2;21,2;20,7;20,8;20,8;20,9;21,2;20,5;21,9;21,5;20,7;20,6;20,9;20,5;21,4;20,9;21,1;20,9;20,6;21,1;21,1;20,6;21,1;20,9;21,1;20,6;20,9;20,8;20,6;20,5;20,7;21,1;20,7;20,7;20,9;20,9;21,2;20,7;20,6;20,9;20,6;20,5;20,7;20,8;20,8;20,7;20,6;20,8;20,7;20,8;21,1;20,9;20,7;20,9;20,7;20,8;20,5;20,4;20,7;20,7;20,8;21,1;20,8;20,8;21,1;21,1;20,9;20,8;20,9;20,8;20,8;20,8;20,8;20,7;20,8;20,7;20,9;20,8;20,6;20,8;20,6;20,5;20,7;20,7;20,2;20,5;20,8;20,8;20,8;20,7;20,9;21,1;21,2;21,4;20,9;20,7;20,9;21,2;21,1;20,7;20,6;20,6;20,6;20,6;20,7;20,7;20,9;20,9;21,6;23,5;26;27,4;27,4;27,7;28,1;28,1;29,7;30,9;31,5;31,8;32;31,7;32,1;32,1;32,5;32,1;32,1;32,2;32,2;32,1;32;32,1;31,7;31,8;32,1;31,6;31,7;31,4;31,8;31,7;31,8;31,6;31,6;31,5;31,6;31,3;31,1;31,2;31,3;31,1;31,4;31,2;31,2;30,6;31,2;30,5;30,7;30,9;30,4;30,7;30,3;30,3;30,6;30,3;30,5;30,2;30,1;30,1;30,5;30,2;30,3;29,7;29,7;30,5;30,6;29,9;29,7;30,4;30,2;30;30;29,3;30,1;30,1;30,1;30,1;29,9;29,9;29,7;29,9;29,3;29,5;30,1;29,7;29,7;30;29,9;29,9;29,9;29,9;30,1;30;29,5;29,5;29,7;29,9;29,9;29,9;30;29,7;30,1;30;29,9;29,9;30,2;30,5;30,2;30,2;30;30;29,9;29,9;29,7;29,9;30,3;29,4;29,4;29,7;29,7;29,5;30;30;29,5;30;29,7;29,5;29,5;30;30;29,5;30,3;29,4;30,1;29,9;29,5;30,4;30,5;30,5;30;29,9;30,1;30,1;30,1;30,3;29,9;29,3;29,7;30;29,5;29,7;30;30,4;30,4;30;30;30,6;30,5;30;30;30;30,1;29,9;30;30,6;30,4;30,2;30;30,2;30,3;30,2;30,1;29,9;29,7;29,9;30,1;30;30,5;30,6;30,7;30,2;30,2;30,3;30,3;30,1;30,4;30,5;29,9;30,2;30,9;30,2;30,2;30,2;30,7;30,1;30,2;30,1;30,6;30,7;31;30,2;30,7;30,4;30,3;30,7;30,8;30,5;30,8;30,5;30,2;30,4;31;30,9;30,8;30,6;30,4;30,8;31,2;30,7;31,1;31,3;31;30,8;31,2;31,3;31;31,2;31,3;31,2;31,5;31,7;31;32,1;31,5;31,7;31,4;31,4;31,4;31,5;31,8;32;32;31,8;31,6;31,6;32,1;31,6;31,8;31,6;31,6;31,7;31,4;31,5;31,8;31,4;31,1;31;31;30,4;29,4;29,1;28,4;27,6;27,6;27,4;26,7;25;22,7;21,1;20,7;20,7;20,4;20,4;20,2;20,5;20,6;20,5;20,4;20,2;20;20,4;20,4;20;19,9;20;20,2;20,2;20,1;20,4;20,2;19,9;20;20,4;20,5;20,4;20;19,9;20,4;20,2;20,1;20,1;20,2;20,2;20;19,5;19,8;19,8;20,1;19,5;19,6;19,9;20,2;20,6;20,4;19,9;19,9;20,1;20,2;20,1;20,2;20,4;20,4;19,8;20;20,2;20,1;20;20,1;20,2;19,9;20,5;20,2;20,5;20,4;20,2;20,1;20,2;19,9;19,6;19,6;19,6;20,5;20,2;19,8;19,4;20,1;20;19,8;19,8;19,9;19,5;20;19,9;20,1;20,5;19,6;19,6;19,6;19,9;20;20;20;20,1;19,9;19,8;20,2;20,2;20,1;19,9;19,9;20,2;20,4;20,1;20,2;20,4;20,1;20;20;20,2;19,9;19,9;19,9;19,5;20;20;19,9;19,8;20,2;19,6;20;20,8;19,9;19,6;20,2;19,8;19,3;20;20,1;19,9;20,2;19,9;19,8;20,7;20,2;19,8;20,1;20,6;20,4;20;20,4;20,2;19,8;20;20,5;20,2;20;19,8;20;20,1;19,8;20,5;20;20,6;20;19,9;20,2;20,4;19,6;19,9;20,6;20,1;20,5;20,5;20,1;20,1;20,4;20,4;20;20,2;20,4;20,6;20,2;20,8;20,1;20,8;20,8;20,620,6;20,9;20,8;20,7;20,8;20,4;20,5;21,2;21,2;20,6;20,9;20,8;20,7;20,7;20,6;20,6;20,5;20,8;20,6;20,4;20,2;20,8;20,6;20,5;20,9;20,9;20,5;21,1;20,9;21,5;21,5;21,2;21,4;21,1;21,1;21,1;21,1;21,4;21,4;21,5;21,8;21,8;21,6;21,2;21,1;21,8;21,8;21,6;21,6;21,8;21,8;21,6;21,5;21,6;21,9;21,8;21,5;21,2;21,5;21,6;21,6;21,2;22;21,4;21,4;21,6;21,4;21,4;21,1;21,5;21,4;21,1;21,8;22,1;22;21,9;21,6;21,8;21,5;20,9;21,2;21,5;21,6;21,5;21,1;20,8;20,9;20,9;21,2;21,2;21,5;21,6;21,2;20,7;21,1;20,8;21,9;21,5;20,7;20,4;20,5;21,6;20,7;21,2;21,1;20,8;21,2;21,4;20,9;20,4;20,6;20,8;20,7;20,5;20,7;20,8;20,2;20,8;20,7;21,1;21,2;20,2;20,6;21,1;20,7;20,5;20,7;20,4;20,9;20,6;20,6;20,7;20,5;20,8;20,9;20,7;20,8;20,6;20,7;20,9;20,5;20,6;20,6;20,5;20,4;20,4;20,4;20,9;21,1;20,6;20,6;20,8;20,8;20,6;20,6;20,7;20,9;21,1;21,2;21,1;20,9;20,8;20,5;20,6;20,6;20,5;20,8;20,6;20,6;20,5;20,6;20,5;20,6;20,8;20,7;20,9;21,1;20,8;20,8;20,9;20,8;20,5;20,5;20,6;20,8;20,7;20,6;20,5;20,8;20,8;20,8;20,8;21,2;23,4;26;27,4;27,5;27,6;28;28,2;29,2;30,6;31,3;31,6;31,7;31,8;31,8;31,8;32,2;32,1;31,8;32;32,1;32,1;31,6;32,2;32,1;31,8;32;31,8;31,7;31,6;31,8;31,5;31,8;31,1;31,6;31,2;31,4;31,3;31;31,6;31,1;31;31,2;30,9;31,1;30,8;31;30,9;30,4;30,8;30,3;30,4;30,5;30,4;30,6;30,5;30,3;30,5;30,1;30,3;30,3;30,4;30,4;30,3;30,4;29,9;30,2;29,9;30,1;30,6;29,9;29,9;29,7;29,2;29,3;29,4;29,5;29,4;30,1;29,9;29,4;29,5;29,9;30;29,7;29,9;30,2;30,1;29,9;29,7;29,9;29,9;29,7;29,9;30;29,7;30;30,1;29,9;29,5;29,4;29,7;29,7;30,1;30,2;29,9;29,9;29,9;29,9;29,9;29,4;30,4;30,1;29,7;30,2;29,9;29,7;29,3;29,4;30;29,7;29,9;30,1;30,2;29,7;29,5;29,9;29,4;30;30;30,3;30;30,1;29,7;29,9;29,7;29,9;30,3;29,7;29,4;29,4;29,7;29,4;29,5;30,1;30,2;30,1;29,9;30;30,1;30,1;29,9;30,1;30,2;30,2;30,2;30,5;30,3;30;30,2;29,7;29,5;30,4;30,4;30,2;30,6;30,5;30,2;29,9;30,1;30,3;30,3;30,3;30,1;30,3;30,1;30,2;30,3;30,3;30,1;30;30,3;29,7;29,9;30,5;29,5;29,5;30,2;30,5;30,1;30,9;30,4;30,3;30,5;30;30,4;30,5;30,3;30,3;30,6;30,8;30,2;30,7;30,3;30,4;30,6;30,6;30,9;30,9;30,7;29,9;30,5;31,1;31;30,6;30,7;31,1;31,1;30,8;30,9;31,1;31,4;31,1;31;31,2;31,3;31,4;31;31,5;31,4;31,7;31,6;30,9;31,8;31,5;31,2;31,8;31,5;31,7;31,2;31,7;31,5;31,5;31,3;31,6;31,8;32,2;31,8;32;31,7;31,8;31,6;31,5;31,8;31,8;31,4;31,2;30,9;30,6;30,2;29,4;28,8;28;27,7;27,4;27,2;26,6;25,1;22,9;21,4;20,5;20,2;19,9;20;19,9;20;20,4;20,1;19,9;20;20,1;20,1;20,2;19,9;20;20;20;20,1;20,1;20,4;20,1;19,8;20;19,9;20,1;20,2;20;20,1;20;19,9;20,4;20,4;20,4;20,1;20,1;20;20;20,5;20,2;20,1;19,9;19,8;19,6;20,1;20,4;19,9;19,8;20;20,4;20,2;20;20,4;20,1;19,9;20,2;19,8;20;19,9;20;20,1;19,9;20,4;20,4;20,6;20;20,1;19,6;20,2;19,9;19,8;20;19,6;20,1;20,4;19,9;19,8;20,4;20,1;20,1;20,1;20,6;19,9;20,4;20;19,8;20;20;20;19,9;20,2;19,5;19,9;20;19,8;19,6;19,6;20,2;20,1;19,9;19,9;19,9;20,1;20,6;20,2;19,9;20,1;20;19,9;20;20,1;19,9;19,9;19,9;19,8;20,4;20,2;19,8;19,8;19,8;19,6;20,1;20,1;20,1;19,3;20,2;19,9;19,5;19,3;20;19,3;19,9;19,8;20;20,4;20,4;20,4;20,4;20,4;19,9;19,6;19,9;19,8;19,6;19,6;19,4;19,6;20,1;20,6;20,6;19,8;20,5;19,8;20;20,4;19,9;19,6;20;20,4;20;20;20,4;20,4;20,2;20,5;20,6;20,4;20,4;20,2;20,1;20,2;19,6;20,5;20,9;20,7;20;20,8;20,8;20,420,9;20,4;20,5;20,6;20,7;20,6;20,7;21,2;21,4;20,5;20,7;20,5;20,8;20,8;20,8;20,8;20,7;20,7;20,6;20,2;20,7;20,8;20,8;20,6;21,2;21,1;20,6;21,2;21,1;21,5;20,9;21,1;21,2;20,7;21,1;21,4;21,8;21,6;21,1;20,8;21,1;21,8;21,6;21,5;21,9;21,6;21,5;21,6;21,1;21,9;22,2;21,8;21,5;21,6;21,5;21,1;21,2;21,8;22;21,5;21,6;21,1;21,8;21,8;20,9;21,9;21,5;21,4;21,2;21,4;21,5;21,6;21,8;21,5;21,6;21,4;20,8;20,7;20,8;21,1;21,2;21,2;21,4;21,1;21,1;21,1;21,1;21,2;20,6;20,9;21,2;20,8;21,2;20,1;21,6;20,6;20,7;20,9;21,2;20,2;20,9;21,8;20,9;20,8;21,2;20,8;21,2;21,1;20,8;20,6;20,6;20,8;20,7;20,5;20,7;20,8;20,6;21,1;20,6;20,8;21,4;20,2;20,5;20,7;20,9;20,5;20,8;20,2;20,4;20,5;20,9;20,8;20,6;20,9;20,8;20,7;20,6;20,5;20,6;20,5;20,5;20,5;20,6;20,7;20,8;20,8;20,7;20,7;20,8;20,8;20,7;20,7;20,5;20,8;21,1;20,8;20,6;20,6;20,7;20,9;20,9;20,7;20,2;20,4;20,8;20,8;20,8;20,7;20,6;20,6;20,6;20,8;21,1;20,7;20,6;20,5;20,5;20,6;20,7;20,6;20,7;21,1;20,9;20,6;21,1;20,7;20,6;20,7;20,6;20,7;20,7;20,6;21,1;23,6;26,3;27,5;27,5;27,7;27,9;28,4;29,3;30,3;31,1;31,5;31,4;31,8;31,8;31,8;32,2;31,8;31,7;32;32,2;32;31,5;32,2;32;32,2;31,7;31,5;31,4;31,4;31,8;31,5;31,6;31,3;31,6;31,1;31,7;31,4;31,4;31,4;31,1;30,8;30,9;30,9;30,8;30,4;30,8;30,9;30,8;30,8;30,2;30,3;30,5;30,6;30,6;30,6;30,3;30;30,4;30,3;30,2;30;30,4;30,2;30,1;30,3;30;29,9;30,1;29,9;29,7;29,7;29,9;29,7;29,9;29,9;30;30,1;29,9;29,5;29,3;29,3;29,4;29,4;29,5;29,2;29,3;29,5;29,7;30;30,2;30;29,4;29,4;29,5;29,5;29,5;29,7;29,7;29,7;29,7;29,5;29,4;29,5;29,9;30,5;29,7;29,9;29,9;30,1;29,9;30;30;29,5;29,7;29,2;29,9;29,5;29,2;29,2;30;29,9;30;30;29,5;30;29,4;30,1;30,1;30;30,3;29,4;29,5;29,1;30,3;29,9;29,3;29,3;30,1;30,1;29,2;29,9;30,1;30,4;30;30,3;29,5;29,4;29,9;30,2;30,3;30;30;29,9;29,7;29,4;29,9;30,2;30,3;30,2;30,1;30,2;30;30;30,4;30,5;30;29,4;29,9;30,2;30,4;30,2;30;30;30,2;30,1;30;30,3;30,4;30,3;30,6;30,2;30,1;30,2;30,2;30,3;29,9;30,3;30,5;30,3;30,1;30,2;30,3;30,4;30,1;30,2;30,2;30,2;30,3;30,3;30,7;30,4;30,7;30,5;30,7;30,2;31;30,9;30,6;30,3;30,3;30,4;31,2;30,8;30,3;31;31,1;30,9;30,7;30,8;31,3;31,1;31,2;31,3;31,2;31,3;31,4;31,2;31,5;31,5;31,7;31,5;31,4;31,5;31,7;31,4;32,1;31,6;31,8;31,3;31,4;31,5;31,5;31,5;31,7;31,6;31,8;32,1;32;32;32;31,7;31,7;31,5;31,5;31,5;31,2;31,1;30,6;30,3;29,5;28,6;28;27,9;27,6;27,4;26,6;25,1;23;21,2;20,4;20,6;20,5;20,6;20,4;20,1;20,2;20;19,9;19,8;20,1;20,2;20,5;20,4;20;19,8;19,9;20,4;20,5;20,2;20,1;19,8;19,9;20;19,8;20,2;20,5;20,1;20,1;19,9;19,4;19,8;20,2;20,1;19,9;20;20,1;20,1;19,9;19,8;19,9;20,1;20,1;20,1;20,1;19,9;19,9;20,4;20,2;20;19,5;20,1;20;19,5;20,1;19,8;20,1;19,4;19,5;19,6;20,2;19,9;20,1;19,9;20,1;20,1;19,5;20,4;20;20,2;20,5;20,4;20;20,4;20;19,5;20,1;19,4;20,4;20,2;19,6;20,2;19,9;19,8;20,6;19,8;20;19,4;19,6;19,9;19,8;19,9;20,1;20,5;19,8;19,6;19,9;20,1;20,4;20,1;19,8;19,6;19,6;19,9;20,2;20,1;19,9;20;20,1;20,2;20;20,2;20,1;19,9;20,5;19,9;19,9;20;19,8;19,3;19,9;20,1;20,2;20;20,1;20;19,4;19,4;20,1;19,8;19,6;19,9;20,1;20;19,8;19,9;20,2;20,5;20,4;19,8;19,8;20,1;20,2;19,9;19,5;19,8;20,5;20,5;20;20,1;20,1;19,8;19,8;20,4;20,1;20,1;20,5;20,5;20,4;20,1;20,4;20,5;20,2;20,4;20,7;20,6;20,2;20,4;20,2;20,1;20;20,2;21,2;20,8;20,5;20,6;20,5;20,920,6;20,6;20,4;20,2;20,7;21,1;20,5;20,8;21,4;20,7;20,5;20,4;21,1;20,8;20,5;20,8;21,1;20,8;20,6;20,5;20,6;21,1;20,7;20,5;21,9;20,7;20,9;21,2;21,4;20,9;20,8;20,9;21,5;21,5;21,1;21,5;21,5;21,8;22;21,6;21,8;22;21,9;21,8;21,4;21,4;20,8;21,1;21,2;21,5;21,5;21,1;21,2;21,6;20,8;20,9;21,2;21,4;21,9;21,2;21,4;21,2;21,2;21,5;20,9;21,6;21,2;21,2;21,5;21,4;21,6;21,4;20,9;21,1;21,8;21,8;20,9;20,8;21,1;21,1;21,5;21,5;21,2;21,2;21,2;20,9;21,1;21,5;21,6;21,2;21,4;21,4;21,2;20,8;20,6;21,4;21,1;21,2;20,9;21,1;20,6;20,9;21,4;20,7;21,4;20,9;20,6;20,6;20,9;20,8;21,2;20,8;20,6;20,7;20,6;20,7;20,8;21,1;20,6;20,6;20,8;20,7;20,4;20,5;20,9;20,4;20,9;20,5;20,2;20,8;20,9;20,9;20,5;20,6;20,6;20,5;20,2;20,4;20,6;20,4;20,5;20,1;20,5;20,6;20,4;20,4;20,4;20,7;20,9;20,5;20,8;21,1;20,8;20,7;20,7;20,7;20,8;20,6;20,2;20,2;20,5;20,6;20,5;20,4;20,5;20,5;20,8;20,6;20,4;20,5;20,8;20,7;20,7;20,6;20,2;20,6;20,7;20,8;21,2;20,6;20,1;20,2;20,6;20,7;20,5;20,5;20,2;20,4;20,6;20,5;20,6;20,7;21,5;23,5;26,2;27,4;27,4;27,7;28,2;28,4;29,1;30,2;30,9;31,2;31,3;31,4;31,7;31,7;32,2;31,6;31,6;32;32,4;31,6;31,5;32;31,5;32,2;31,7;31,3;31,4;31,2;31,5;31,4;31,3;31,5;31,6;31,3;31,6;31,3;31,1;31,3;31;30,8;30,8;31;30,9;30,4;30,9;30,8;30,7;31;30,3;30,2;30,8;29,9;30,6;30,2;30,6;29,9;30,5;30,2;30,2;30,2;29,9;30;30,3;30,4;30,3;29,7;29,5;29,4;29,4;29,5;29,9;29,4;29,4;29,2;29,3;30;30,4;30;29,5;29,5;29,4;29,3;29,2;28,9;29,1;29,1;29,1;29,4;29,5;29,3;29,4;29,4;29,2;29,4;29,5;29,9;29,7;29,3;29,5;29,4;29,7;29,5;29,5;30,1;29,7;29,5;29,3;29,5;29,4;30,1;29,5;29,9;30,1;29,7;29,3;29,5;29,3;29,4;29,2;29,5;29,3;29,4;29,5;30,1;29,4;29,9;29,1;29,9;29,5;28,7;29,9;29,5;29,3;29,9;29,9;29,2;29;29,2;30,1;30;29,5;30;29,5;29,5;29,2;29,3;29,7;29,7;29,5;29,2;29,4;30,1;30,1;29,3;29,7;30,2;30,1;30;29,9;29,9;29,9;29,7;29,7;30;30,1;30,2;29,7;30;29,9;29,7;29,9;29,9;30;30;30,2;30,4;30;30;30,1;30;29,5;29,3;30,4;30,5;30,2;30,3;30,1;30,3;30;29,9;30,3;30,3;30,2;30,2;30,2;30,2;30,4;30,4;30,4;30,4;30,4;30,4;30,2;30,3;30,8;30,8;30,8;30,2;30,4;30,4;30,9;30,2;30,6;30,8;31;30,8;30,9;30,7;31,4;31;31,1;31,4;31,1;31,3;31,4;31,2;31,4;31,2;31,5;31,1;31,2;31,5;31,5;31,7;31,5;31,3;31,4;31,6;31,5;31,6;31,3;31,4;31,6;31,3;31,6;32,2;32;32;31,6;31,7;31,4;31,4;31,7;31,6;31,1;31,2;30,9;30,4;29,4;28,7;28,4;28;27,3;27,2;26,7;25,4;22,8;20,8;20,2;20,2;20,1;20,1;20,5;20,1;20;20,5;20,5;19,9;19,8;19,5;19,5;19,9;19,9;20;20,2;20,2;20;19,8;19,8;20,2;19,9;19,6;20;20,2;20,1;20,2;20,1;20;19,9;19,9;20,4;20,2;20,1;19,6;19,6;19,6;19,8;20,1;20,1;20;20;20,2;20;19,6;19,8;20,4;20;19,6;19,6;19,8;20;19,5;19,9;19,8;20,1;19,4;19,5;19,8;20,2;19,8;20,2;20,1;20,1;20,2;20;20,2;19,6;20,4;19,8;20,4;19,8;20,5;19,9;19,8;19,2;20,2;19,4;20,7;19,6;19,4;20;19,5;20;19,9;19,3;19,6;20,1;20,1;20,4;20,4;20,1;19,6;19,3;19,6;20,4;20,2;19,9;19,8;19,5;19,8;20,2;20,4;20,1;19,9;19,9;20;20;20;20,1;20,6;20;19,6;19,9;19,8;19,9;20;19,8;19,6;19,6;20,1;19,9;20;20,2;20;20;20,1;20,4;20;19,9;20,2;19,9;19,9;19,6;19,5;19,8;20,4;20,2;19,9;20;19,8;20;19,5;19,8;20,1;20,1;20,1;19,6;20,1;19,9;20,1;19,5;20;20;20,1;20,1;20,5;20,2;20,1;20,5;20,1;20,2;20,5;20,4;20,1;19,9;20,1;20,5;20,6;20,7;20,2;20,5;20,6;21,1;20,7;20,5;20,520,2;20;20,2;20,2;20,2;20,7;20,8;20,9;21,1;21,2;20,7;20,6;20,8;20,7;20,4;20,7;21,2;20,8;20,5;20,6;20,7;20,9;20,8;20,7;21,6;21,1;21,1;21,6;21,1;20,6;20,8;21,6;21,1;21,1;21,1;21,2;21,6;21,6;21,4;21,4;21,4;21,5;21,5;21,6;21,6;21,5;21,6;21,9;21,9;21,5;21,4;21,4;21,2;21,9;20,9;21,2;21,5;21,5;21,2;21,1;21,5;21,6;21,5;21,4;21,2;21,2;20,8;21,4;21,1;21,2;21,6;21,2;21,1;21,4;21,4;21,4;21,1;21,2;21,5;21,6;21,5;21,1;21,1;21,1;20,6;20,9;21,1;21,2;21,4;21,1;21,4;21,5;21,5;20,9;20,9;20,5;20,9;21,5;21,1;20,8;21,4;20,8;20,8;20,8;21,4;20,2;20,2;20,6;20,9;20,5;20,8;20,6;20,8;20,5;20,6;20,6;20,5;20,8;20,4;20,6;20,7;21,1;20,9;20,8;20,7;20,5;20,8;20,5;20,6;20,9;20,6;20,8;20,1;20,5;20,7;20,5;20,6;21,1;20,8;20,4;20;20,1;20,4;20,6;20,7;20,8;20,5;20,5;20,8;20,9;20,8;21,2;20,9;20,6;20,4;20,7;21,1;20,6;20,6;20,9;21,1;20,9;20,8;20,5;20,1;20;20,7;20,7;20,4;20,1;20,5;20,6;20,8;20,7;20,6;21,2;21,2;20,5;20,5;20,6;20,6;20,7;20,5;20,6;20,5;20;20;20,4;20,7;20,6;20,5;20,5;21,2;23,3;25,8;27,3;27,6;27,4;27,8;28,2;29,1;30,1;30,8;31,3;31,5;31,4;31,7;31,8;32;31,7;31,7;32,1;32,5;31,8;31,4;31,5;31,5;32,1;31,4;31,5;31,4;31,1;31,6;31,5;31,3;31,4;31,6;31,3;31,5;31,3;31,1;31,3;31,1;30,9;31;30,9;30,9;30,6;30,9;30,6;30,8;31,1;30,5;30,1;30,7;29,7;30,5;30,2;30,3;30,2;30,5;30,2;30,3;30,1;30,4;29,5;30,4;30,3;30;29,9;30,1;30,1;30,1;29,7;29,4;29,4;29,3;29,5;30;29,9;29,7;29,5;29,3;29,4;29,5;29,2;29,2;29,4;30,1;30;29,7;29,4;29,3;29,9;29,7;29,2;29,1;29,1;29,1;29,1;29,3;29,7;29,4;29,3;29,9;29,9;29,4;29,3;29,3;29,7;29,4;30;29,9;29,9;29,4;29,3;29,4;30,3;29,7;30,4;29,1;30,1;30,1;29,9;29,9;30;29,7;30,2;29,9;29,5;30,1;29,3;30,2;29,9;29,5;29,5;30,4;29,4;30,3;29,7;29,3;29,4;30;29,9;29,5;29,4;29,9;29,7;30,2;29,4;30;30,1;29,4;29,5;29,7;30;30,2;30,2;30;30;30,1;30,5;30,7;30,4;30,3;30,4;30;29,9;30,3;30,1;30;30,5;30,3;29,9;29,4;29,4;29,9;30;30,2;30;30;30,3;30,2;29,9;30,2;30,3;30,5;30,1;30;30,4;30,2;30;30;30,1;30,4;30,6;30,4;30,1;30,5;30,4;30,7;30,4;30,6;30,6;30,4;30,3;30,2;30,5;30,5;30,9;30,8;30,5;30,4;30,6;30,3;30,1;30,6;30,8;30,7;30,8;31,2;30,7;31,2;30,9;31,1;31,1;31,1;31,1;31;31;31,3;31,2;31,6;31;31;31,4;31,2;31,5;31,3;31,2;31,5;31,3;31,4;31,4;31,3;31,3;31,7;31,3;31,5;31,7;31,7;31,6;31,5;31,8;31,6;31,7;31,4;31,3;31,1;31,1;30,8;30,3;29,3;28,8;28,1;27,5;27,5;27,3;26,6;25,3;22,9;21,2;20,5;20;19,8;19,9;20,1;20;20;19,8;19,8;19,6;19,8;20;19,6;19,6;19,9;19,8;20;20,1;19,8;19,6;19,8;19,9;20;19,8;19,8;19,9;20;20,1;20;19,9;19,8;19,9;20;20;19,8;19,4;19,6;19,8;20,4;20,2;20,1;20,1;19,9;20;20,2;19,9;19,4;20;19,4;19,6;19,6;19,5;19,9;19,6;20;19,9;19,9;20,1;19,8;19,6;20,2;19,3;20,2;20,2;20,1;19,8;19,6;19,8;19,9;19,4;19,8;20,1;20,1;20,5;18,7;19,8;19,8;19,8;19,6;19,5;19,8;19,5;19,9;19,9;19,9;19,9;19,8;19,8;19,6;19,3;19,2;19,9;20,6;20,2;19,9;19,8;19,9;19,8;20;20,2;20;19,9;20,2;20,4;20,4;20;19,9;19,8;19,6;19,9;19,8;20,5;19,8;19,6;20;20;19,6;20,1;19,8;19,8;19,8;19,8;19,6;19,9;19,6;19,6;20;20,1;20,1;20,2;20;20,2;20,1;19,4;19,8;20;20,2;20,5;19,9;19,8;20,4;20,2;20,1;20;19,4;19,9;20,2;20,1;19,3;19,9;20,2;20,4;20,1;19,8;19,8;19,5;20;20,1;20;20;20,4;20,2;20,2;20,4;20;19,8;20;20,4;20,6;20,5;20,1;20,4;20,2;19,9;20,7;20,2;20;21,220,6;21,1;20,7;20,6;20,2;20,7;20,6;21,1;20,7;20,9;20,5;20,6;20,6;20,6;20,7;20,8;20,9;20,7;20,6;20,7;20,8;20,9;21,2;20,7;21,4;20,9;21,2;21,1;20,9;21,2;20,8;21,4;21,1;20,7;20,7;21,1;21,5;20,9;20,8;21,1;21,4;21,9;21,8;21,4;21,4;21,2;21,2;21,5;21,1;20,9;20,7;20,9;20,9;21,8;20,7;21,4;21,2;21,1;21,2;20,8;21,5;21,1;21,8;21,5;21,1;21,4;21,1;21,5;20,8;21,4;21,9;21,4;21,5;21,4;21,4;21,2;20,7;20,5;20,9;21,2;21,2;21,5;21,2;20,7;20,9;20,9;20,8;21,2;21,2;20,7;21,1;21,5;21,4;20,2;21,1;20,9;20,4;20,7;20,6;21,2;20,9;20,8;20,7;21,4;20,9;20,2;20,7;20,5;20,8;20,4;20,9;20,8;20,5;20,4;20,6;20,7;20,5;21,1;20,4;20,7;21,1;20,9;20,8;20,8;20,6;20,8;20,8;20,5;20,9;20,7;20,5;20,7;20,1;20,7;20,7;20,6;20,8;20,8;20,9;20,7;20,5;20,7;20,5;20,9;20,6;20,5;20,6;20,7;20,8;20,7;21,1;20,8;20,6;20,7;20,7;20,7;20,8;20,5;20,2;20,7;20,8;20,4;20,7;20,9;21,1;20,6;20,8;20,8;20,5;20,4;20,6;20,5;20;20,2;20,4;20,8;20,8;20,6;20,6;20,7;20,6;20,6;20,8;20,6;20,5;20,1;20,1;20,1;20,5;20,7;20,5;20,7;21,6;23,8;26,6;27,5;27,6;27,4;27,8;28,4;29,7;30,2;30,7;31,2;31,4;31,6;32;32,4;32;31,5;31,2;31,8;32,2;32,2;31,6;31,6;31,5;31,7;31,2;31,6;31;31,4;31,3;31,4;31,3;31,3;31,3;31,1;31,3;31,2;31,4;31,1;31;30,7;30,7;30,9;30,7;30,3;30,9;30,7;30,7;30,8;30,7;30,3;30,4;30,1;30,3;30,7;30;30,3;30;30,3;30,4;30;30,3;29,4;30;30,2;29,5;30;29,9;30,2;30,2;29,4;29,3;29,7;29,5;29,3;29,9;29,7;29,4;29,7;29,9;29,5;29,3;29,3;29,9;29,4;29,1;29,2;29,3;29,9;29,5;29,5;29,7;29,3;29,4;29,9;29,9;29,5;29,4;29,5;29,3;29,1;29,5;29,7;30;29,7;29,5;29,5;29,4;29,3;29,3;29,9;30,3;30,3;29,9;29,7;29,5;30;29,9;29,5;29,2;29,1;29,5;29,7;29,9;29,9;29,5;29;29,4;30,5;29,4;29,3;29,9;29;29,5;29,3;29,3;29;29,2;29,4;29,3;29,1;29,7;30,1;29,9;29,4;30;29,7;29,7;29,9;29,7;29,5;29,3;29,7;29,5;29,7;30,2;30,2;29,9;30,3;30,1;30;30;30;30,1;30;29,9;29,7;29,5;30;30,1;30;29,9;29,5;29,7;29,7;30;29,5;29,9;29,7;30,1;30,3;29,7;30;30,3;29,5;30;30,3;30,4;30,2;30,3;30;30,2;30,5;30,4;30;30,7;30,6;30,7;30,1;30,8;30,2;30,4;30,3;30,4;30,5;30,3;30,6;30,7;30,5;30,2;30,7;30,6;30,5;30,7;30,3;30,5;30,8;31;30,9;30,9;30,9;31;31,3;30,9;31,3;31,1;30,8;31;31,1;31,6;31;31,1;31,2;31,2;31,5;31,7;31,2;31,5;31,3;31,7;31,4;31,3;31,1;31,6;31,4;31,6;31,8;31,8;31,8;31,8;31,8;32;31,8;31,6;31,5;31,3;31,3;30,8;30,8;29,9;28,5;27,9;27,9;27,8;27,6;27,1;25,2;22,7;21,1;20,4;19,9;19,8;20,1;20,2;20,5;20,4;20;20;19,9;20,1;20,1;19,9;20;20,1;20;20,4;20,5;20,1;20,4;20,1;20,1;20,2;20;19,8;19,8;20,2;20,2;20,1;19,5;19,8;19,4;19,5;19,9;20,1;19,9;20,1;19,9;20,4;20;20,1;20,1;20,5;20,1;20;20;19,6;19,6;19,4;19,8;19,8;19,4;19,9;20;20;20,2;19,9;20,2;20;19,5;19,9;19,4;20,1;19,8;20,1;20;19,9;19,9;20,1;19,6;19,6;19,8;19,5;20;19,6;19,6;19,3;20,1;20,4;19,9;19,8;18,1;19,9;19,6;19,5;20;19,6;19,4;20;20,1;20,1;19,6;20;19,6;19,8;19,6;19,6;19,8;19,6;20,1;20,5;20;19,9;20,2;20;19,8;19,6;19,6;19,6;19,9;20,1;20;19,8;19,8;20,5;19,9;19,5;20,1;19,8;19,5;19,9;20,2;19,3;20,2;19,8;19,9;19,3;19,6;19,6;19,9;19,9;20;19,8;20;20,2;20,5;20,4;20,1;19,6;19,5;19,5;19,6;20,2;19,6;19,6;19,5;20,4;20,5;19,9;20,1;20,7;20;19,9;20,2;20;19,5;20,1;20;19,9;19,8;20,1;20,4;20,2;20,2;20,1;20,1;20,4;20,5;20,4;20;19,8;20,2;20,4;20,7;20,1;20,7;20,2;20,520,8;20,9;20,7;20,6;21,1;20,7;19,8;21,1;20,7;20,8;20,6;20,5;20,8;20,7;20,9;20,9;20,8;20,7;20,8;20,8;20,7;20,9;21,1;20,6;21,1;20,9;21,6;21,1;20,6;21,4;20,8;21,2;20,8;20,9;20,4;20,9;20,9;21,5;21,2;20,8;21,5;21,8;21,6;21,8;21,5;21,5;21,4;21,4;21,4;21,2;21,5;21,2;20,7;22,1;21,2;20,9;21,5;21,2;21,2;21,2;21,4;21,4;21,1;21,4;21,1;21,5;21,6;21,5;21,2;21,2;22;21,4;21,4;21,6;21,8;21,2;20,8;21,2;21,4;20,9;20,9;21,5;21,8;21,6;21,2;21,1;21,5;21,2;20,9;20,9;21,5;21,1;20,8;21,2;21,2;21,4;21,2;20,4;20,6;21,2;20,8;21,1;20,9;21,1;21,5;20,7;20,7;21,2;21,4;21,1;20,9;21,1;20,4;20,5;20,6;21,1;20,6;20,9;20,6;20,9;21,2;20,4;20,2;20,6;20,7;20,7;21,1;20,8;21,1;20,7;20,7;20,7;20,4;20,5;20,7;20,7;20,8;20,8;20,7;20,5;20,4;20,4;20,6;20,9;20,8;20,8;20,5;20,2;20,5;20,2;20,5;20,5;20,4;20,4;20,5;20,6;20,7;20,2;20,2;20,7;20,6;20,5;20,6;20,4;20,4;20,2;20,4;20,4;20,5;20,2;20,5;20,2;20,4;20,4;20,4;20,6;20,5;20,4;20,4;20,5;20,7;20,4;20,5;20,5;20,4;20;20,2;20,5;20,5;20,5;20,8;20,6;21,2;23,5;26,3;27,4;27,3;27,3;27,9;28,5;29,3;30,3;30,8;31,3;31,2;31,3;31,6;31,6;31,7;31,2;31,2;31,8;31,8;31,6;31,8;31,4;31,3;31,3;31,3;31,4;30,7;31,3;31,1;30,9;31;31;31;31;31,2;30,9;31,3;31;30,9;30,6;30,6;31,1;30,7;30,5;30,8;30,7;30,4;30,4;30,6;30,3;30,4;30;30,2;30,4;30,4;30,3;30,1;30,1;30;30,1;29,5;29,4;29,7;30,2;29,9;29,7;29,5;30,2;29,9;29,9;29,5;29,5;29,3;29;29,2;29,4;29,4;29,3;29,5;29,5;29,4;29,7;29,7;29,3;29,5;29,7;29,2;29,7;29,7;29,5;29,5;29,7;29,9;29,4;29,7;29,7;29,7;29,7;29,4;29,5;30,1;29,7;29,2;29,1;29,4;29,5;29,5;29,5;29,5;29,3;29,7;29,4;29,1;29,4;29,1;29;29,2;29,7;29,9;29,7;29,9;29,2;29;29,4;29,7;29,7;29,2;30,2;29,3;28,7;29,4;29,5;29,3;30;29,1;29,4;30;29,7;29,5;30,1;29,9;29,9;29,4;30;29,7;30,1;30,1;29,9;29,9;29,3;29,5;29,4;29,4;29,3;29,7;29,4;29,1;29,9;30,2;30,3;30;29,9;30;30,1;29,9;29,9;29,5;29,7;29,9;29,2;29,3;29,7;29,9;29,7;29,4;29,4;29,9;30;29,7;29,7;29,9;30;30,4;29,9;30,3;30;30,1;30;30,2;30,2;29,7;30,4;30,2;29,5;30,1;30;30,2;30,1;30,5;30,2;30,1;30,2;30,1;30,4;30,6;30,4;30,5;30,6;30,1;30,7;30,7;30,6;31;30,5;30,7;30,7;30,7;30,8;31;31;31;31,3;30,7;31,1;31,2;31;31,2;31,2;31,3;31;31,1;31,1;31,2;31,3;31,7;31,4;31,4;31,6;31,5;31,4;31,3;31,3;31,6;31,5;31,7;31,6;31,6;31,6;31,6;31,5;31,7;31,5;31,5;31,3;31;31,1;30,9;30,3;29,2;28,8;28,1;28;28;27,5;26,6;25,2;23;21,2;20,5;20,4;20,5;20,1;19,9;20,1;20,1;20,4;20;19,4;19,8;19,9;19,8;19,5;19,5;19,9;19,9;20,1;19,9;20;20,2;20,2;20,2;20,2;20,4;20,1;20,1;20;19,8;19,8;19,8;20,2;19,8;19,8;20;19,9;20,1;20,2;20,4;20,1;20,4;20,2;20,2;20,4;20,1;19,9;19,6;20;19,8;20,1;20,2;19,3;20,1;20;20,1;20;20;19,8;20,1;19,5;20,2;20;20;19,3;20;20,1;20,4;20,2;20;20,2;19,5;20,2;19,5;20,6;19,6;20;20,1;20,2;20,2;20,2;20,2;19,2;19,2;19,8;20,2;20;19,6;19,9;20;20,1;19,9;20;20;19,8;19,3;19,6;20,4;20,5;20,1;19,6;19,8;20,1;19,9;20,4;20,1;20;19,4;19,6;20;19,9;20,2;19,9;19,8;19,9;20,1;20;19,3;19,9;19,8;19,8;19,6;20,6;19,2;20,4;19,9;19,4;19,3;19,8;20;19,4;20;19,9;19,5;19,4;19,8;19,9;19,6;19,8;19,8;19,8;19,9;19,4;19,8;19,3;19,4;19,3;20;20,2;20,4;19,9;20;20,1;19,5;20,2;20,4;20,1;19,9;20;20,1;19,9;20;20,1;20,1;20,4;20,4;20;20,2;20,5;20,6;20,1;20,1;20,5;20,5;20,4;20,2;21,1;20,2;2020,5;20,8;21,5;20,6;20,4;20,2;20,4;20,7;20,7;20,4;20,6;20,5;20,7;20,7;20,8;21,1;20,8;20,6;20,7;20,9;20,7;21,2;21,1;20,5;20,7;21,1;21,1;21,2;20,8;21,4;21,1;21,1;20,9;21,8;21,1;21,2;21,1;21,5;21,5;21,2;21,5;22;21,4;20,8;21,6;21,8;21,5;21,8;21,5;21,5;21,4;20,9;21,1;21,6;21,6;20,9;21,9;21,9;21,5;21,2;21,8;21,5;20,9;21,1;21,2;21,1;21,8;21,2;21,5;21,2;21,6;21,1;21,2;21,5;21,6;21,2;21,1;21,4;21,4;21,4;21,2;20,9;21,1;21,2;20,9;20,6;20,7;20,6;20,9;20,9;21,2;21,6;21,6;21,4;21,2;20,9;21,1;20,9;20,8;20,8;20,7;20,9;20,9;20,7;20,8;20,6;21,1;20,6;21,1;21,2;20,9;20,8;20,5;20,7;20,7;20,9;20,2;20,9;20,8;20,5;20,8;20,4;20,6;20,4;20,5;20,4;20,8;20,7;20,6;20,6;20,9;20,4;20,2;20,6;20,8;20,6;20,8;20,8;20,7;20,4;20,4;20,5;20,7;20,7;20,7;20,5;20,2;20,5;20,6;20,4;20,8;20,7;20,8;20,6;20,4;20,6;20,5;20,5;20;20,1;20,5;20,7;20,6;20,7;20,4;20,1;20,7;20,6;20,4;20,5;20,1;20,1;20,5;20,6;20,5;20,5;20,7;20,6;20,2;20;20,1;20,2;20,5;20,1;20,1;20,4;20,6;20,8;20,6;20,5;20,5;20,5;20,9;23,4;26,1;27,3;27,2;27,6;27,6;27,9;28,8;30,2;30,7;31,3;31,6;31,5;31,6;31,2;31,4;31,1;31,6;32,1;31,8;31,3;31,4;31,2;31,4;31,4;31,2;31,1;30,7;31;31,2;30,6;30,8;30,9;30,8;30,9;31,1;30,9;31,2;30,9;30,9;30,3;30,9;31;30,7;30,5;30,8;30,5;30,5;30,2;30,4;30,2;30,6;29,7;30,3;30,2;30,4;30;29,7;30,2;29,4;29,9;29,7;29,7;29,5;30;30,2;29,9;29,5;30,5;29,3;29,4;29,3;29,3;29,3;29,4;29,5;29,3;29,1;29,4;29,5;29,2;29,4;29,5;29,4;29,3;29,3;29,2;29,1;29,4;29,4;29,3;29,3;29,4;29,4;29,7;29,3;29,3;29,5;29,9;29,4;29,3;29,4;29,7;29,5;29,4;29,1;29,2;29,4;29,5;29,3;29,7;29,2;30;28,9;29,7;28,8;29,7;29,2;30,1;29,4;29,4;29,4;29,7;29,2;29,2;29,7;29,3;29,3;29,3;30,3;29,7;29,2;29,5;29,3;30;30,1;29,7;29,7;29,7;30,1;29,9;29,5;29,4;29,5;29,9;29,4;30;29,7;29,9;29,3;29,4;30;29,7;29,9;29,7;30;30,1;29,7;29,5;29,5;29,7;29,4;29,7;30;29,9;29,4;29,7;30;29,9;29,5;29,4;29,7;29,7;29,7;30;29,9;29,5;29,4;30;30,1;29,7;30;29,9;30,2;30;29,3;30;29,9;30;30,4;30,1;30,1;30,6;29,9;30,1;30;29,7;30,5;30,2;30,3;29,7;30,2;30;30,1;30,8;30,9;30,3;30,4;30,8;30,3;30,8;30,8;30,5;30,9;30,7;30,7;30,5;30,9;30,7;30,9;31;30,8;31,1;30,7;30,8;30,8;31,1;31,2;31,4;31,2;31,2;31,2;31,2;30,9;31,4;31,3;31,2;31,5;31,6;31,3;31,7;31,4;31,4;31,8;31,7;31,7;31,4;31,5;31,2;31,4;31,8;31,5;31,2;31,1;31,1;31,1;31,4;30,7;29,9;29,3;28,5;27,9;27,8;27,8;27,7;27,1;24,8;22,6;21,4;20,6;20,1;20,2;20,4;20;19,8;19,8;20,1;20,1;19,9;20,1;20;19,8;20;19,6;20,2;20,4;19,9;20,2;20;19,9;20;19,9;19,6;19,5;20;20,4;20,1;19,8;19,8;20;20,1;20;20;20;19,8;20,4;20,5;20,1;20,1;20,2;20;20;20,2;19,8;19,8;19,8;20;20,1;20,1;20,2;19,5;20;19,9;20;19,8;20,2;19,3;19,8;19,9;20,4;20,1;19,9;20,2;19;20,2;19,9;20,1;19,8;19,9;19,4;20,4;20,5;20,4;19,8;20,2;19,6;19,9;19,3;19,9;19,3;19,9;19,5;19,8;20;20;20,2;20;19,8;20,1;20,4;20;19,8;19,6;19,8;20,1;20,2;20;19,9;19,8;19,6;20;20,4;20,7;20,4;20,2;19,9;19,6;20,1;20,1;20;19,6;19,6;19,6;20,1;19,9;18,9;19,9;20;20;19,6;19,6;19,5;20,5;20,2;19,9;19,9;19,4;19,9;20,5;20;19,8;20;20;19,6;19,9;20,2;20,2;20,1;19,9;20,1;20;20;19,8;19,8;19,5;20,2;20,1;20;19,8;20,5;20,1;19,5;20;20,4;20;19,8;20,2;20,1;20;20,4;20,5;20,2;20,2;20,4;20,2;20,2;20,4;20,5;19,9;20,1;20,8;20,5;20,4;20,4;20,6;20,2;20,120,9;20,6;20,7;20,9;20,9;21,4;20,5;20,9;20,7;20,6;20,8;20,5;20,6;20,7;20,7;20,8;20,8;20,8;20,7;20,7;20,7;21,1;20,9;20,7;20,8;21,1;21,1;20,9;20,7;20,9;21,1;20,9;21,6;21,4;21,2;21,4;21,2;21,5;21,5;21,6;21,6;21,4;21,4;21,1;21,2;21,5;21,2;21,5;21,6;21,6;21,6;22;21,8;20,9;21,1;21,4;21,4;21,2;21,2;21,6;21,5;21,2;21,2;20,8;21,5;21,4;21,9;21,5;21,1;20,9;21,8;21,2;21,6;21,5;21,4;21,2;20,8;20,9;21,1;21,4;21,6;21,4;20,9;21,1;21,4;21,2;20,6;20,7;21,2;21,1;20,8;21,5;21,4;20,6;20,8;20,7;20,8;20,9;21,2;20,7;21,2;21,2;20,6;20,7;20,8;20,5;20,7;20,9;20,9;20,2;20,8;20,8;20,9;20,9;20,9;20,7;20,2;20,6;21,4;20,6;20,8;20,7;20,7;20,2;20,6;20,4;20,8;20,4;20,5;20,5;20,8;20,6;20,2;20,6;20,5;20,6;20,6;20,6;20,6;20,4;20,6;20,7;20,5;20,5;20,6;20,5;20,4;20,6;20,7;20,2;20,4;20,5;20,6;20,5;20,7;20,9;21,2;20,6;20,6;20,6;20,7;20,6;20,6;20,6;20,6;20,5;20,4;20,2;20,5;20,5;20,4;20,6;20,6;20,5;20,5;20,4;20,1;20,2;20,2;20,2;20,1;20,4;20,5;20,6;20,6;20,1;19,9;20,6;20,7;20,5;20,4;20,6;21,2;23,5;26,3;27,3;27,3;27,9;28,1;27,9;28,8;30,2;30,7;31,2;31,5;31,4;31,3;31,1;30,8;31;31,4;31,6;31,7;31,3;30,9;31,3;31,5;31,5;31;31,1;31;30,8;31,1;30,8;30,9;30,9;30,8;30,7;30,9;30,8;30,9;30,8;31,1;30,3;30,9;30,8;30,9;30,3;30,5;30,2;30,4;30,4;30,2;29,9;30,3;29,7;30,2;30,4;30,6;30;29,4;29,7;29,7;30,1;29,4;29,9;29,7;29,9;29,5;29,9;29,5;30,1;29,4;29,5;29,9;29,4;29,4;29,1;29,5;29,5;29,2;29;28,8;28,9;29,4;29,7;29,3;28,8;28,9;29;29,4;29,7;29,3;29,5;29,3;29,1;29,1;29,1;29,3;29,3;29,5;29,5;29,4;29,7;29,9;29,5;29,4;29,7;29,4;29,2;29,2;29;29,3;29,1;29,2;29,3;29,4;29;29,1;29,3;29,4;29,4;29,5;29,1;29,2;29,1;29,4;29,1;29,4;29;30;29,9;29,7;29;29,3;29,2;29,4;28,9;30;29,9;29,2;29,9;29;29,2;29,4;29,5;29,5;29,7;29,3;29,7;29,7;29,2;29,4;29,7;29,5;29,2;29,2;29,1;28,9;29,1;29,3;29,5;29,5;29,7;29,7;29,5;29,5;29,3;29,5;29,4;29,4;29,5;29,3;29,4;29,4;29,7;29,4;29,7;29,5;29,2;29,7;29,9;30,1;29,7;29,7;29,7;29,7;29,4;29,3;29,5;29,7;30,2;30,2;29,9;30;30,4;30,1;30,1;30,1;30,1;30,7;30,2;30,1;29,5;30,1;30;29,9;30,6;30,5;30,4;30,4;30,5;30,1;30,7;30,4;30,4;30,6;30,3;30,6;30,3;30,7;30,6;30,8;30,6;30,4;30,9;30,9;30,9;30,7;31,1;31;31,2;31,1;30,9;31;31;31;31,4;31,2;30,7;31,4;31,2;30,9;31,4;31,3;31,2;31,7;31,4;31,5;31,1;31,6;31,6;31,6;31,7;31,5;31,2;31,3;31,4;31,2;30,9;30,9;30,2;29,4;28,9;28,1;28;27,7;27,6;26,6;25,1;22,8;20,9;20,2;20;20,2;20,4;20,6;20,2;20,1;20,1;20,4;20,1;19,8;20;20,1;20,1;20,4;20,4;19,9;20,2;19,8;20;20,1;20,1;20,4;20,4;19,9;19,9;20,2;19,6;19,8;20,1;20,1;19,6;19,4;19,8;19,9;19,9;20,6;20,1;20,4;19,6;20;19,9;20,4;20,1;19,6;19,6;19,8;19,9;20,5;19,9;19,9;19,3;19,9;19,9;19,9;20;20,1;19,4;19,8;20,2;20;19,6;19,8;20;19,9;20;20;20,4;20,5;19,6;19,5;19,6;20;20,4;18,6;19,5;20,1;20,5;19,8;20,6;19,9;19,6;19,5;20,1;19,8;20,2;20,1;19,5;19,5;19,8;19,8;19,8;20,1;20,2;20;19,5;19,6;20;19,8;19,9;20;20,1;20,1;20,7;20,5;20,4;19,8;19,9;19,9;20;19,8;20;19,6;19,5;20;19,9;19,6;20,1;20,1;20;19,4;19,8;19,9;20;20,2;19,9;19,8;20,1;20,2;20,2;19,9;19,8;19,9;20,2;20;20,1;20,5;19,8;19,5;20;20,4;19,8;19,9;19,9;19,5;19,8;20,4;20,4;19,9;19,3;20,6;19,9;19,8;19,9;20,1;19,5;19,9;20,4;20,1;19,9;20,2;20,4;20,4;20,2;20,2;20,1;20,5;20,6;20,2;20,2;19,9;19,6;20,7;20,8;20,5;20,6;20,7;20,420,7;20,5;20,5;20,7;20,6;20,4;20,5;20,7;20,1;20,6;20,7;20,2;20,7;20,7;20,5;20,6;20,9;20,9;20,6;20,6;20,8;20,7;20,6;20,9;20,4;21,6;21,9;20,7;21,1;20,5;20,6;20,9;21,5;21,1;20,8;21,5;21,1;21,6;21,4;21,1;20,9;21,6;21,9;21,8;21,5;21,1;21,4;21,6;21,5;21,6;21,8;21,9;21,1;21,4;20,9;21,1;21,4;21,6;21,4;21,2;21,2;21,1;21,1;20,7;21,4;21,9;21,6;21,8;20,7;21,1;21,5;21,4;21,5;21,6;20,9;20,8;20,7;20,9;21,2;21,6;21,5;21,1;21,5;21,4;20,7;21,1;21,2;20,8;21,2;21,4;20,9;21,1;20,7;20,8;20,8;20,7;20,5;21,4;21,6;21,6;21,2;21,5;20,9;20,8;21,4;20,7;20,8;20,4;20,6;20,6;20,9;20,6;20,5;20,6;20,7;20,8;20,4;20,7;20,9;20,9;20,6;20,5;20,7;20,6;20,7;20,2;20,6;20,4;20,7;20,7;20,7;20,7;20,6;20,5;20,4;20,5;20,5;20,7;20,6;20,6;20,6;20,6;20,5;20,6;20,5;20,5;20,1;20,4;20,7;20,8;20,7;20,2;20,6;20,4;20,4;20,6;20,5;20,6;20,6;20,6;20,5;20,7;20,4;20,4;20,2;20,2;20,2;20,1;20,1;20,4;20,5;20,5;20;20,2;20,4;20,1;20,5;20,1;20,2;20,5;20,4;20,1;20,6;20,6;20,4;20,1;20,2;20,4;20,2;19,9;20,5;20,5;21,1;23,1;26,1;27,4;27,6;27,9;27,8;28;28,9;30;30,8;31,3;31,4;31,3;31,3;31;31,1;31,3;31,2;31,3;31,4;31;30,7;31,3;31,2;31,4;30,7;31,2;31;30,6;30,9;30,9;30,9;30,8;30,5;30,6;30,9;30,8;30,7;30,9;30,8;30,4;30,9;30,9;30,8;30,4;30,4;30,2;30,2;30,4;30,2;30,1;30,4;29,9;30;30,2;30,5;30,1;30,1;29,9;29,9;29,7;29,5;29,5;29,9;29,7;29,9;29,7;29,4;29,7;29,5;29,2;29,5;29,5;29,7;29,2;29,5;29,4;29,1;29;29,2;29,3;29,3;29,9;30;29,3;29,9;29,5;29,5;29,5;29,5;29,3;29,5;29,3;29,2;29,2;28,9;28,9;29,1;29,1;29,1;29,4;29,3;29,4;29,3;29,7;29,1;29,7;29,7;29,3;29,1;29,3;29,3;29;30,1;29,4;29;29,1;29,2;30,2;29,4;29,3;29,1;29,3;29,3;30;29,2;30;29,7;29,5;29,3;28,9;29,3;29;29,1;28,9;30;30;29,7;29,2;29;29,7;29,4;30;29,4;29,7;29,3;29,1;29,5;29,7;29,5;29,9;29,3;29,5;29,3;29,5;29,4;29,7;30;30;29,7;29,5;29,7;30;30,2;30,4;29,9;29,4;29,5;29,7;30;30,1;30;30,1;29,5;29,3;29,4;29,4;29,5;29,5;30;29,4;29,3;29,5;29,4;29,7;30;30;29,5;29,9;30,1;29,4;29,7;30,3;29,4;29,9;30,4;29,4;30,6;29,7;30,1;29,9;30,4;30,4;30,3;30,2;30,2;30,4;30,3;30,5;30,1;30,7;30,6;30,4;30,6;30,4;30,7;30,2;30,6;30,8;31;30,5;30,8;30,5;31;31,3;30,7;30,8;31;31,3;30,9;30,7;30,8;30,6;31,2;31,3;31,3;30,6;31;31;31,2;30,8;31,3;31,3;31,3;31,4;31,2;31;31,7;31,4;31,4;31,4;31,2;31,2;31,5;30,8;30,8;30,7;30,7;30,2;30;28,7;27,8;27,8;27,7;27,4;26,8;25;22,5;20,9;20,4;20,6;20,8;20,4;19,9;20,1;20,1;20,5;20,5;19,8;20;20,2;20,1;19,6;19,9;19,5;19,8;19,3;19,6;20,4;19,9;19,8;20,1;20,2;20;20,4;20,5;19,9;19,9;19,5;19,9;19,9;20;19,9;19,5;19,6;20,1;19,6;20,1;19,6;20,4;19,8;20,6;20,4;20,1;19,9;19,4;19,9;20,4;20;20;19,3;20;19,8;19,9;19,6;20,1;19,9;20,1;20,5;20,4;19,9;20,1;19,9;20,4;20;19,8;20,4;20;19,6;19,6;19,9;19,6;19,8;20,1;19,5;19,9;20;19,3;19,9;20,1;19,3;19,4;20;19,4;19,8;19,9;19,4;19,4;19,5;19,6;19,9;19,9;19,9;19,9;20,1;20,1;20,1;20,2;20;19,9;20;19,8;19,9;20,2;19,9;20;20,1;20;19,6;19,8;20;19,9;19,9;20;19,8;19,6;19,9;20;19,6;20,1;20,4;19,8;19,9;20;19,9;19,8;19,4;19,6;19,8;19,6;19,9;19,5;19,6;20;19,8;19,6;19,9;20,1;20,1;19,5;19,3;19,6;19,6;20,1;19,6;20,1;20,1;19,8;19,3;20;19,9;20;20,2;20,1;19,8;19,9;20,5;20,1;19,9;19,9;19,9;20,1;20,4;20,1;20,5;20,2;20,1;19,9;20,2;20;19,8;21,4;21,1;20,2;20,9;20,5;20,220,6;20,5;20,7;20,9;20,2;20,9;20,6;19,9;20,9;20,6;20,8;20,5;20,5;20,7;20,6;20,5;20,7;20,9;20,6;20,5;20,8;20,8;20,7;20,8;20,4;21,6;22;20,9;21,2;20,7;20,8;20,7;20,9;20,9;20,7;21,5;21,1;21,1;21,6;20,6;21,2;21,6;21,6;21,4;20,9;21,4;21,9;21,6;21,1;21,5;21,5;21,4;21,2;21,5;21,2;21,2;20,7;20,6;20,9;20,9;21,6;21,2;21,6;21,4;20,9;21,4;20,9;21,5;20,9;20,9;21,2;20,8;21,1;21,5;20,9;20,7;20,7;21,1;21,2;20,8;20,9;20,8;21,4;21,2;20,7;20,7;20,7;21,1;21,1;20,7;20,7;20,9;21,1;20,8;20,7;21,1;21,2;20,7;21,5;21,1;20,7;20,7;20,4;21,1;21,1;20,5;20,4;20,6;20,6;20,6;20,6;21,1;20,5;20,4;20,7;20,9;20,6;20,8;20,9;20,6;20,5;20,6;20,7;20,6;20,6;20,2;20,6;20,6;20,5;20,8;20,8;20,7;20,6;20,6;20,7;20,6;20,6;20,8;20,8;20,5;20,4;20,7;20,5;20,2;20,4;20,6;20,7;20,6;20,9;21,1;20,6;20,4;20,4;20,5;20,7;21,1;20,8;20,7;20,7;20,8;20,9;20,7;20,7;20,5;20,2;20,4;20,7;20,4;20;20,4;20,5;20,5;20,7;20,7;20,5;20,4;20,6;20,6;20,4;20,2;20,1;20,2;20,7;20,7;20,5;20,5;20,6;20,6;20,7;20,2;20,4;20,7;21,6;23,9;26,4;27,4;27,6;28,4;28;28,4;29,4;30;30,5;31,2;31,5;31,4;30,9;31,2;31,2;31,3;31,3;31,2;31,2;30,8;30,6;30,9;30,9;31,3;30,9;31;30,7;30,6;30,6;30,6;30,8;30,9;30,5;30,6;30,4;30,7;30,5;30,8;30,3;30,1;30,6;30,5;30,6;30,3;30,6;30,2;30,2;30,2;30;30;30,2;30;30,2;29,9;30,2;29,9;30,1;29,5;29,4;29,3;29,5;29,7;29,3;29,2;30;29,3;29,3;29,4;29,5;29,4;29,3;29,4;29,4;29,2;29,4;29,3;29,3;29,3;28,8;28,7;29,1;29;28,9;28,9;29,1;29,4;29,2;29;29,4;29,4;29,1;28,9;28,8;28,9;29,1;29,3;29,4;29,4;29,3;29,1;29,3;29,4;29,3;29,4;29,2;28,9;29,3;29,3;29,1;29,3;28,9;29,2;29,7;29,7;29,3;29,1;29,1;29,4;28,5;29,2;29,3;29,3;29,1;29,2;28,9;29,1;29;29,5;29,3;29;29,2;29;29;29,1;29,2;29,4;29,5;28,9;29,1;29,4;29,3;29,7;29,4;29,2;29,2;29,3;29,5;29,5;29,2;29,1;29,3;29,4;29,7;29,4;29,5;29,4;29;29,3;29,7;29,4;29,7;29,3;29,1;29,4;29,3;29,2;29;29,2;29,5;29,5;29,5;29,5;29,7;29,3;29,7;29,9;29,9;29,7;29,1;29,1;29,2;29,4;29,5;29,9;29,5;29,5;29,9;29,5;30,2;29,5;30,1;30,1;29,7;30;30;29,2;30,3;29,4;30,4;30,2;30,1;30,2;30,4;30;30,1;30,2;30,4;30,4;30,3;30,3;30,7;30,6;30,6;30,5;30,4;30,5;30,6;30,5;30,9;30,7;31;30,4;30,5;31,4;30,3;30,4;30,9;31,1;31,1;30,5;30,6;30,5;31;31,1;31,3;30,9;30,8;31;31;30,8;30,9;31;31,2;31,1;31,3;31,5;31,2;31,2;31;31,5;31,1;31,1;31,4;31;30,9;31,3;31;30,6;29,7;28,6;27,9;27,8;27,7;27,5;27,1;25,6;23,1;21,4;20,7;20,6;20,4;20,4;20,4;20,1;20,2;20,4;20,2;19,8;20;20,1;19,8;20;19,5;19,9;20;20,4;20,4;20,1;20,2;19,9;19,8;20;19,9;19,8;20,2;20,1;19,8;19,6;20;19,8;20;19,8;19,8;20;20,1;19,5;20,6;20;20,8;19,4;20,5;20,5;20;20,1;19,5;20;20,1;19,9;20,1;19,9;20;20;19,9;19,5;20;19,8;20,4;20;20,5;20;20,4;19,4;20,2;19,8;19,9;20;19,2;19,8;19,8;19,8;19,6;19,8;19,5;19,8;19,5;19,5;19,9;20,5;19,9;19,6;20;19,6;19,8;19,9;19,8;19,9;19,9;19,8;19,6;19,6;19,8;20;19,8;19,2;19,5;19,6;19,6;19,8;19,8;19,6;19,5;19,4;19,9;20;19,8;20,2;19,8;20;19,8;19,5;19,6;19,5;19,9;19,8;19,4;19,3;19,8;19,8;19,8;19,9;19,5;19;19,5;20,1;20;19,8;19,6;19,6;19,5;19,2;19,3;19,4;19,4;19,8;19,8;19,8;19,8;19,3;19,5;19,8;20,1;19,9;19,9;19;20,2;19,9;19,5;19,8;19,9;20,2;20;20,1;20;20,5;19,9;20,1;20,1;20,1;20,2;20,1;20,4;20,1;19,9;20,1;19,9;20,1;20,2;20,1;19,8;20,8;20;20,6;20;20,9;20,4;20,620,4;20,6;20,5;20,7;20,5;20,9;20,5;20,6;21,1;20,6;20,2;20,2;20,6;20,5;20,4;20,7;20,8;20,7;20,4;20,4;20,6;20,7;20,6;20,4;21,1;21,1;21,2;20,8;20,8;20,9;20,8;20,8;20,8;20,9;20,8;21,6;21,4;21,4;21,2;20,9;21,5;21,8;21,5;20,9;21,2;21,4;21,1;21,2;21,1;20,9;21,4;21,4;21,4;21,8;21,1;20,8;20,8;21,9;20,8;20,9;21,5;21,4;21,6;21,4;20,5;21,4;21,1;21,4;20,9;20,7;21,8;20,9;20,9;21,5;21,2;20,9;21,2;21,4;20,7;21,1;21,5;21,1;21,5;21,2;21,2;20,9;20,8;21,1;21,1;20,9;21,4;21,6;21,5;20,9;21,1;20,8;21,1;21,1;20,8;21,2;20,5;20,5;20,9;21,2;20,9;20,7;21,1;20,4;21,2;20,8;20,8;20,6;20,9;20,7;20,8;21,2;20,7;20,9;20,8;20,6;20,8;20,7;20,8;20,6;20,6;20,6;20,9;20,6;20,5;20,8;20,7;20,7;20,6;20,6;20,7;20,8;20,4;20,6;20,8;20,2;20,5;20,8;20,5;20,2;20,6;20,6;20,5;20,5;20,9;20,7;20,6;20,2;20,4;20,5;21,1;20,7;20,4;20,7;20,6;20,5;20,7;20,7;20,4;20,7;20,5;20,4;20,7;20,4;20,4;20,2;20,6;20,6;20,6;20,4;20;20,1;20,6;20,5;20,7;20,4;20,4;20,5;20,5;20,4;20,2;20,4;20,6;20,8;20,5;20,2;20,1;20,6;21,8;23,5;25,7;27,1;27,3;27,4;27,5;28;29,1;29,9;30,6;30,9;31;31,1;30,6;31;30,7;30,6;31,1;31,2;31,1;30,8;30,5;30,6;30,5;30,8;30,9;30,6;30,5;30,2;30,2;30,4;30,8;30,6;30,6;30,4;30,3;30,5;30,3;30,4;30,3;30;30,1;30;30,4;30;30,5;30;29,9;29,9;29,7;29,5;30;29,9;29,5;29,2;29,4;29,5;29,7;29,4;29,3;29;29,4;29,1;29,3;28,9;29,2;29,2;29,2;29;29,2;29,2;29;29,1;29,1;28,9;29,1;29;28,9;29,1;29;28,7;28,9;28,8;29,1;28,9;28,8;28,8;28,9;28,7;28,9;28,9;28,7;28,8;28,7;29;29;29,1;28,8;29,3;29,3;29;29,1;28,9;29;29,3;29,1;28,7;28,7;29;29,1;29,5;29,4;28,9;28,2;28,8;29,2;28,7;28,9;29,2;29;29;29,2;29,3;29,3;29,2;29,1;29,1;28,8;29,4;29,7;29,3;29,1;29,1;28,9;29;29,4;29,2;29,3;28,9;29;29,5;28,9;29,4;29;29,1;29,1;28,8;29,4;29,2;28,8;29;29,2;29,1;29,1;29,2;29,2;29;28,9;29,1;29,2;29,3;29,2;29,4;29,4;29,5;29,4;29,2;29,2;29,3;29,4;29,4;29,3;29,3;29,5;29,1;29,1;29,3;29,1;29,2;29,5;29,5;29,4;29,3;29,5;29,3;29,3;29,1;29,5;29,5;30,1;29,5;29,9;29,7;29,9;29,4;29,7;29,1;30;29,9;30,2;29,9;29,5;29,5;30,2;29,7;30,1;30,1;30,3;29,9;30,1;30;30,2;30,3;30,3;30,2;30,3;30,4;30,4;30,3;30,7;30,6;30,6;30,4;30;30,8;30,1;30,3;30,8;30,7;31,1;30,2;30,4;30,4;30,7;30,6;31,2;30,7;30,5;30,8;30,7;30,8;30,6;30,9;31,1;30,8;31,3;31,3;30,9;30,9;30,9;31,5;31,2;31,1;31,3;30,4;30,6;30,9;30,6;30,1;29,4;28,1;27,7;28;27,9;27,7;27,1;25,1;22,8;21,1;20,2;20;19,8;19,8;19,9;20,4;20,6;20;20,1;19,9;20;20;19,6;19,5;19,5;20,1;20,1;19,8;19,4;19,8;19,9;19,6;20,1;20;19,9;19,5;19,9;20;20,1;20,1;20,2;19,9;19,5;19,6;19,9;19,6;19,9;19,5;20,8;20,4;20,1;19,9;20,6;20,2;20;20,2;20;19,9;20,2;20;19,9;20,1;20,2;20,1;20,1;19,5;20;19,6;20,5;20,1;19,9;19,6;20,5;19,5;19,5;19,8;19,9;20,2;20;19,9;20,5;19,6;20,4;20,5;20;19,8;20;20,1;19,8;20,2;20,1;19,8;19,4;19,3;20,2;20,4;20;19,8;20;20,4;20,1;19,9;20,4;20,5;20;19,8;19,6;19,9;19,9;19,9;20,1;20;20,1;20;19,5;20,1;19,9;20,4;19,4;20,2;19,8;19,8;19,9;19,2;20;19,6;19,5;20,1;19,6;20,4;19,8;20,1;19,3;20;19,6;19,5;19,3;19,8;19,9;19,4;19,5;19,4;19,3;19,6;19,8;19,8;20;20;19,9;19,8;20,1;19,6;19,9;20;19,4;19,5;20;20;19,5;19,9;19,6;20,1;19,8;19,6;20;20,1;19,8;19,9;20,2;20,4;20,5;20,6;20;20;20,6;19,8;20;20,8;20,6;20;20,1;19,8;20,1;20,2;20,1;20,7;20,8;20,220,5;20,1;20,2;20,4;20,8;20,4;20,1;20,9;20,7;19,9;20,9;20,1;20,7;20,9;21,1;20,7;20,7;20,6;20,1;20,2;20,6;20,8;20,5;20,6;21,2;20,9;20,8;20,6;21,2;21,5;20,9;20,9;20,9;20,9;21,1;21,4;21,4;21,5;20,9;21,1;21,5;21,6;21,2;20,9;21,4;21,5;21,2;21,1;21,4;21,4;21,5;21,5;21,6;21,6;21,4;21,1;21,5;21,1;21,1;21,2;20,9;20,9;21,4;21,1;20,6;21,4;21,2;21,5;20,8;20,9;21,4;21,1;21,4;21,4;20,8;21,1;21,5;21,5;21,2;21,5;21,4;21,4;21,4;21,1;20,7;20,7;20,7;20,8;21,2;21,4;21,2;20,8;20,7;20,6;20,7;21,1;21,4;21,2;21,1;20,7;20,6;21,2;21,4;21,9;21,1;20,1;20,7;20,1;20,6;20,7;20,7;20,8;20,1;20,6;20,4;20,5;20,5;20,6;20,5;20,2;20,9;20,2;20,4;20,5;20,2;20,5;20,5;20,5;20,6;20,5;20,7;20,4;20,5;20,4;20,6;20,7;20,5;20,4;20,5;20,2;20,5;20,9;20,2;20,4;20,4;20,5;20,2;20,5;20,5;20,4;20,6;20,5;20,6;20,5;20,6;20,4;20,6;20,2;20;20,5;20,6;20;20,4;20,4;20,4;20,5;20,4;20,2;20,5;20,4;20;19,9;20,9;20,8;20,5;20,2;20,4;20,1;20,2;19,8;20,2;20;19,9;20,1;20,5;19,9;20,1;20,2;20,2;20,1;20,5;20,7;21,4;23,7;26,3;27,3;27,4;27,6;27,8;28,4;28,9;29,7;30,4;30,7;30,8;30,6;30,6;30,9;30,7;30,1;30,7;31,1;30,8;30,6;30,5;30,5;30,3;30,8;30,6;30,5;30,1;30;30,4;30,4;30,5;30;30,4;30,4;30,4;30,3;30,2;30,4;30,2;30,3;30;30;30,1;29,9;30,2;30,1;30;29,7;29,4;29,3;29,7;29,4;29,3;29,5;29,5;29,4;29,5;29,5;30;28,8;29,2;29;29,3;29,3;29,2;29,1;29,2;29,3;29,3;29,3;29,2;29;29,1;28,8;29;29,1;28,9;28,6;28,9;28,6;28,6;29;29,1;29,1;29,2;28,9;29;29,1;29,1;29,7;29,7;29,2;28,8;28,8;28,7;28,9;29;28,7;28,8;29;29,3;29;29;29,3;28,9;29;29,4;29,1;28,9;29,2;29,2;29,4;28,5;28,6;29,1;29,2;28,8;29,4;29,1;29;28,8;29,2;29,4;29,4;29,3;29,3;29,1;29,7;29,2;28,5;29;29,1;28,9;29,1;28,5;30;28,9;28,9;29,2;29,1;29,5;29,3;29,3;29,5;29,3;29;29,3;29,3;29;29,4;29,2;29,2;29,2;29,3;29,2;29,3;29,3;29,3;29,2;29;28,9;29,2;29,4;29,3;29,3;29,2;29,1;29,2;29,3;29,4;29,3;29,3;29,3;29,1;29,7;29,5;29,1;29,1;29,5;29,3;29,3;29,2;29,5;29,2;29,9;29,3;29;29,7;29,4;29,4;29,7;29,3;29,9;29;29,9;29,3;29,9;29,9;29,5;29,7;29,7;30,1;30;29,9;30;29,9;30,3;30,2;29,9;29,9;30,1;29,7;30,1;30;29,9;30,1;30,1;30,5;30,7;30,1;30,3;30,6;30,2;30,5;30,2;30,2;30,7;30,5;31;30,2;30,3;30,5;30,5;30,6;30,7;30,7;30,7;30,7;30,4;30,8;30,7;30,6;30,7;30,7;31,3;31;31;30,6;30,6;30,9;31;30,5;31;30,6;30,5;30,8;30,7;30,3;29,3;28,7;27,9;27,6;27,3;27,1;26,8;25,3;22,7;20,8;20,2;20,4;20;20,2;20,4;20,4;20,2;19,6;19,8;20,2;19,9;19,4;19,4;19,4;19,3;19,9;20,1;20,4;20,1;19,9;20;20,2;20;20;19,8;19,8;19,9;19,5;19,6;19,6;20;19,6;19,6;20;19,8;19,3;19,4;19,4;20,2;20,2;19,6;20;20,2;20,1;20,2;20;19,9;19,8;20,2;20;19,6;19,5;20,2;20;19,8;19,5;19,5;19,9;20,6;20;19,9;19,8;19,5;20;19,6;20,1;20,7;19,8;19,8;19,9;20,4;19,8;20,5;19,9;19,2;20;20;20,4;20,4;20;20;19,8;20,1;20;20,1;20,7;20,4;20;20,2;20,5;20,2;19,6;19,2;19,6;20;19,3;19,5;20,1;19,9;19,9;20,4;20,1;20,1;20,1;19,8;19,8;20,2;20,5;19,6;20;19,9;19,8;20,1;19,3;20;20,1;19,6;19,9;20;19,5;19,5;19,8;20,2;20,2;19,9;19,4;19,8;20,2;19,9;19,5;19,8;19,8;20;20,1;19,5;19,5;20;19,6;19,6;20,1;20,4;19,3;19,8;20,2;19,6;19,4;20,4;20,5;20;19,9;20;20,2;19,6;19,6;20,2;20,2;19,8;19,8;19,8;20,1;20,5;20,4;20;20;20,4;20,4;20,2;20,1;20,1;20,1;19,8;20,4;19,9;21,2;19,8;20,8;20,5;20,520,5;20,2;20,5;20,6;20,2;20,6;20,2;20,8;20,6;20,6;20,9;20,5;20,8;20,8;20,8;20,7;20,7;20,6;20,8;20,9;20,9;21,1;21,1;21,1;21,2;20,9;20,9;20,7;21,4;21,4;21,1;21,1;21,2;20,9;20,9;21,9;21,4;21,6;21,2;20,9;21,5;21,4;21,4;21,4;21,2;21,1;20,9;21,4;21,6;21,4;21,5;21,4;20,9;21,4;21,4;21,6;21,2;20,7;21,1;21,1;21,1;21,4;21,4;20,6;20,8;21,2;21,2;21,2;20,9;20,9;21,4;20,5;21,1;20,8;20,8;20,7;21,2;21,4;20,9;20,8;20,9;21,1;20,9;20,7;20,7;20,8;20,7;20,6;20,8;20,8;20,7;20,7;20,9;20,8;20,6;20,7;20,9;20,6;20,4;20,5;20,4;21,1;20,4;20,9;20;19,9;20,8;20,4;20;20,5;20,4;20,6;20,2;20,1;20,5;20,6;20,4;20,6;20,5;20,5;20,4;20;20,5;20,6;20,5;20,4;20,4;20,5;20,6;20,4;20,8;20,2;20,1;20;20,6;20,5;20,2;20,6;20,2;20,5;20,6;20,8;20,1;20,6;20,5;20,6;20,2;20,6;20,6;20,4;20,6;20,7;20,8;20,6;20,5;20,7;20,6;20,6;20,9;21,4;20,4;19,9;20,5;20,7;20,5;20,6;21,1;20,7;20,2;20,5;20,6;20,4;20,5;20,5;20,5;20,2;20,6;20,2;20,4;20,5;19,9;20;20,5;20,4;20,5;20,5;20,6;20;20,2;20,6;20,7;20,8;21,2;23,6;26,4;27,2;27,5;27,6;28,1;28;28,7;29,5;30,3;30,8;30,8;30,6;30,5;30,7;30,7;29,9;30,5;30,8;30,8;30,3;30,2;30,2;30,4;30,8;30,3;30,2;29,9;30,2;30,5;30;30;29,9;30,4;30,3;30,4;30,1;30,3;30,3;30,2;30,2;29,7;30,2;30;30;29,9;29,7;30;30;29,3;29,2;29,5;29,2;29,4;30,2;29,5;29,5;29,4;29,2;30;28,9;29,3;29;29,7;29,3;29,4;29,1;29;29,2;29,2;29,3;29,1;29,1;29,2;29;29;28,9;29;28,8;29,1;28,9;28,8;28,8;28,8;28,9;29,2;29,1;28,9;28,7;29;29,5;29,3;29;28,8;28,7;29;29,3;29,1;28,7;28,7;28,8;28,8;28,8;28,8;28,7;28,8;28,9;28,7;28,8;28,6;29,2;29,1;29,2;28,6;29;29,1;29,2;28,8;29,2;28,8;29,3;29;29,1;29,7;29,2;29,3;29,5;29,1;29,4;28,9;28,7;29,4;28,9;29,2;29,4;29,2;29;29,2;28,9;29,1;29;28,9;29,7;29,3;29,3;29,3;29,2;29,2;29;29;29,7;29;29,3;29,5;29,2;29,3;29;29,2;29,7;29,1;28,9;29,4;29,7;29,3;29,4;29,2;29,2;29,3;29,1;29;29,2;29,7;29,9;29,3;29;29,4;29,2;29,2;29,4;29,5;29,1;29;29,1;29,4;29,1;29,4;29;29,2;29,5;29,7;29,4;29,4;29,3;29,7;29,4;29,7;29,3;29,7;29,5;29,7;29,7;29,7;30,1;29,9;29,9;29,9;29,7;30,6;30,2;29,5;29,5;30,2;29,9;30;30,2;29,5;30,3;30;30,4;30,5;30;30,1;30,5;30,3;30,5;30,2;30,4;30,6;30,3;30,8;30,4;30,6;30,5;30,7;30,4;30,4;30,8;30,6;30,7;30,3;30,7;30,8;30,7;30,5;30,8;31,3;30,9;31;31;30,7;30,8;30,8;30,9;31;30,8;30,9;30,6;30,7;29,5;28,9;28,5;28,1;27,8;27,9;27,6;27,4;25,4;22,9;21,4;20,1;20,1;20,4;19,4;20;20,4;19,9;20;19,9;20;19,6;19,8;19,8;19,6;20;20,2;20,1;20,5;20,6;20,1;20,1;20;20,2;20,2;20,1;20,1;20;19,9;19,8;19,9;20,1;20;20;20,4;20;19,6;19,8;19,5;20;20;20;19,9;20;20;20;20,1;19,9;19,8;20,4;19,9;19,6;19,5;19,5;19,8;19,6;20;19,4;19,9;20,1;19,8;19,9;19,9;19,3;19,9;20,1;20;19,5;19,9;19,9;19,4;18,9;19,2;19,9;20,6;19,6;19,5;19,4;19,5;19,9;19,4;19,8;19,6;19,3;19,5;20;19,9;19,6;19,8;20,2;20,4;19,8;20;20,1;19,8;19,6;19,3;19,5;19,9;19,6;19,8;19,8;20;19,6;19,9;20,1;19,8;19,6;19,6;19,8;19,6;19,2;19,6;19,6;18,9;19,8;20,2;19,6;20,4;20;19,2;18,9;19,9;20,5;20,4;20,1;19,5;19,8;19,9;19,8;19,6;19,4;19,3;19,5;19,5;19,4;19,9;20;19,6;19,5;19,5;20;19,5;20,1;20,6;19,4;19,4;20,5;20,1;20,2;19,6;20,2;20,4;19,6;19,9;20,5;20,4;20,5;20,4;19,9;19,8;20,6;20,7;20,6;20,9;20,7;20,7;19,9;20;20,4;20,1;19,8;20,6;20,1;20,8;20,4;20,2;20,2;20,820,1;20,4;20,7;20,8;20,4;20,2;20,4;20,5;20,6;20,8;20,5;20,4;20,5;20,7;20,7;20;20,4;20,6;20,7;20,7;20,8;20,8;20,7;20,7;21,1;20,9;20,9;20,8;21,2;20,9;20,8;20,8;21,4;21,1;20,6;21,5;21,2;21,1;21,2;21,1;21,4;21,4;21,2;20,7;20,9;21,1;21,4;21,2;21,1;21,2;21,2;21,2;21,2;21,5;21,2;20,8;20,9;20,9;20,8;20,7;20,8;20,9;21,4;20,6;20,6;21,6;21,2;21,2;21,1;20,8;21,4;20,8;20,4;20,9;21,1;20,6;21,1;20,8;20,7;20,9;20,7;20,8;20,8;20,8;20,9;20,7;20,7;20,7;20,9;20,9;20,9;21,4;20,9;20,8;21,2;21,1;20,7;20,9;20,9;20,7;20,6;20,4;21,1;20,9;20,1;20,8;20,7;20,9;20,8;20,9;21,1;20,5;20,5;20,5;20,7;20,2;20,9;21,1;20,5;20,9;20,5;20,6;20,7;20,6;21,1;20,4;20,9;20,1;20,4;20,7;20,9;20,2;20,7;19,9;20,5;20,7;20;20,6;20,6;20,7;20,7;20,5;20,5;20,5;20,4;20,6;20,2;20,6;20,6;20,5;20,4;20,5;20,2;20,4;20,6;20,6;20,2;20,6;20,7;21,1;20,9;21,1;20,8;21,1;20,6;20,5;20,6;20,4;20,7;20,7;20,5;20,8;20,8;20,5;20,2;20,5;20,9;20,4;20,4;20,5;20,5;20,4;20,5;20,8;20,4;20,1;20;19,8;20,8;20,8;20,2;20,5;21,6;23,9;26,2;27,2;27,5;27,6;28,2;28;29,1;29,3;29,7;30,5;30,8;30,4;30,6;30,6;30,2;30,2;30,5;30,4;30,5;29,9;30,3;30,2;30,6;30,7;30;29,9;29,4;29,9;30,3;29,5;29,5;30;30,3;29,9;30,2;30;30,2;30,1;30,2;30;29,9;29,7;30,2;29,5;29,5;29,2;29,3;29,3;29,4;29,1;29,5;28,9;29,1;29,5;29,1;29,3;29,2;29;29,2;29;29;28,8;29,1;29;29,3;28,7;28,9;29,3;29;28,9;28,7;28,9;28,9;28,6;28,9;28,8;28,7;28,4;28,5;28,7;28,8;28,7;28,8;28,5;28,6;28,6;28,6;28,5;28,6;28,6;28;28,1;28,7;28,8;28,7;28,8;28,8;29;28,8;28,8;28,7;28,9;29;28,9;28,7;28,6;28,6;28,6;29;29,1;28,9;29,5;28,9;29,1;28,5;28,8;28,4;28,8;28,7;29;29;28,9;28,9;28,8;29;28,6;28,9;29,3;28,8;28,9;29;28,8;29,1;29;29,3;29;29,1;28,7;29,3;29,3;28,9;29;29;29;28,7;28,9;29,3;29;29;28,9;29,2;29,1;28,7;28,9;29,2;29,1;28,6;28,7;28,8;28,9;28,6;28,6;28,7;28,7;29;29,1;28,9;28,8;28,5;28,8;29,1;28,6;28,8;28,9;29,1;29;29,1;28,9;29,2;29,1;29,1;29,1;29,3;28,7;29;28,6;29,4;29,3;29,4;29,1;29,1;29;29;29,5;29,3;29,5;29,4;29,5;29,7;29,2;29,2;29,2;29,4;29,4;29,9;29,3;30,2;29,3;29,2;29,2;30,1;29,7;29,7;29,7;29,7;30,2;29,9;30,1;30,3;30,2;30,2;30,1;30,1;30,3;30,5;30,4;30,3;30,3;30,5;30,3;30,3;30,6;30,4;30,4;30,5;30,8;30,3;30,9;30,4;30,5;30,5;30,3;30,3;30,8;30,9;30,8;30,8;30,6;30,5;30,8;30,6;30,8;30,8;30,6;30,5;30,3;30,3;30,2;29,4;28,7;28,1;27,8;27,4;27,4;26,7;25,5;22,8;20,8;20,4;20;20;20,5;20,5;20,1;19,8;20;20,4;20,2;20;20,1;19,9;20;19,8;20,2;19,8;19,9;20,1;19,6;20;20,4;20,1;19,9;20,1;20;20,1;20,1;20;20,2;20,6;20,1;20,2;20,2;20,1;19,9;20,2;20;20,5;20;20,2;19,9;20,4;20,2;20;20,1;20;20,1;20,4;19,9;20;20;19,8;20;20;20,2;20;20,1;19,9;19,6;19,8;20,2;19,4;20,2;20,1;19,8;20,1;19,9;20;19,9;19,8;19,3;19,6;19,9;19,2;19;19,5;20,2;20;19,6;19,8;19,4;19,5;20,1;20,2;20,1;19,9;19,6;20;20,1;19,5;19,6;20,1;20,2;19,9;19,6;20;20;19,6;19,9;19,9;20,1;19,6;20,2;20,1;19,8;19,5;19,6;19,9;19,8;19;20,4;19,5;18,9;20;20,1;19,6;19,3;19,6;20,1;19,6;20;19,9;19,9;19,9;19,8;19,6;19,9;19,9;19,8;19,9;19,8;19,3;19,4;19,6;19,6;19,9;19,5;19,4;19,9;19,8;19,5;20,2;20,1;19,8;19,5;20;19,8;20;19;19,8;19,9;19,6;19,8;20,5;20;19,6;20,1;19,8;19,6;20;19,8;19,8;20,4;19,9;19,9;19,2;20,4;19,8;19,9;20,1;19,8;20;20,2;20,1;20,4;20,5;20,620,4;20,5;20,2;20,4;20,6;20,6;19,8;20,7;20,2;20,2;20,1;20,7;20,4;20,5;20,6;20,7;20,8;20,4;20,4;20,4;20,5;20,4;20,1;20,6;21,1;21,1;20,8;20,8;21,1;20,9;20,7;20,8;21,4;20,9;20,6;20,8;20,9;21,4;21,2;21,4;21,5;21,2;21,8;21,5;21,5;21,4;21,2;21,5;21,8;21,6;21,5;21,6;21,6;21,6;21,2;21,2;21,5;21,5;21,1;21,4;20,7;20,9;21,4;21,4;20,5;21,2;21,1;20,9;21,2;20,9;20,9;21,1;20,6;21,2;21,2;20,4;20,8;20,7;20,9;21,5;21,2;21,1;21,1;20,9;21,1;20,8;20,7;20,8;20,9;20,9;20,8;21,1;21,1;21,1;20,9;20,9;20,8;21,2;21,4;20,8;21,1;21,1;21,1;20,8;21,2;20,8;20,7;20,7;20,9;20,6;20,5;20,9;20,8;20,7;20,7;20,9;20,5;21,4;20,5;21,2;20,7;20,5;20,5;20,6;20,7;20,7;20,6;20,4;20,6;20,8;20,8;20,5;20,8;20,4;20,4;20,5;20,5;20,1;20,7;20,6;20,6;20,2;20,7;20,5;20;20,4;20,4;20,5;20,9;20,5;20,5;20,5;20,2;20,2;20,5;20,6;20,8;20,6;20,4;20,4;20,5;20,4;20,2;20,5;20,2;20;20;20,2;20,6;20,5;20,4;20,4;20,6;20,4;20;20,2;20,2;20,2;20,2;20,4;20,2;20,1;19,9;20,7;20,5;20,2;20,6;20,4;20,4;20,5;20,2;20,5;21,5;24,4;26,8;27,4;27,2;27,7;27,9;28,4;29,1;29,2;29,9;30,1;30,3;30;30;30,2;30,1;30;30,4;30;30,2;29,9;30,1;30;30,4;30,5;30;30;29,3;29,3;30,2;29,5;30;29,4;29,9;29,5;29,9;29,5;29,7;30;29,7;29,4;29,9;29;29,9;29,4;29,2;29,2;28,9;29,2;29,4;28,9;29,2;28,6;29,1;28,9;28,9;28,9;29,1;28,8;28,9;28,8;28,7;28,6;28,8;28,7;28,9;28,6;28,5;29;28,7;28,9;28,5;28,5;28,8;28,7;28,7;28,7;28,5;28,2;28,6;28,6;28,7;28,6;28,2;28,5;28,5;28,1;28,2;28,7;29;28,8;28,5;28,4;28,5;28,5;28,6;28,8;28,7;28,4;28,5;28,5;28,5;28,6;28,8;28,8;28,9;28,5;28,5;28,2;28,6;29,1;28,5;28,7;28,9;28,9;28,1;28,6;28,1;28,5;28,6;28,9;28,5;28,8;28,6;28,8;29,2;28,4;28,9;29;28,4;28,6;29,1;28,7;29,1;28,8;29,1;28,8;28,9;28,7;29,3;28,8;28,5;29,5;28,6;28,7;28,6;28,8;29,1;28,7;28,5;28,2;28,4;28,6;28,4;28,8;29,3;29,1;29;29;28,7;28,8;29,1;29,1;29,1;29,1;29,1;28,9;28,8;29;28,9;29;29;28,7;29,1;29;29;29;28,9;29;29,1;28,9;28,8;28,9;28,9;28,5;29;28,7;29,4;28,9;29,1;28,7;28,9;28,9;29,1;29,1;28,9;29,3;29,1;29,3;29,4;28,9;29,2;29,1;29,1;29,3;29,2;29;29,4;29,3;29,1;29,2;30;29,3;29,5;29,2;29,5;29,7;29,5;29,7;30;29,7;30,1;30;29,9;29,9;30,4;30;30;30;30,4;30;29,9;30,3;30,1;30,3;30,5;30,3;30,4;30,7;30,1;30,4;30,5;30,2;30,6;30,5;30,6;30,4;30,5;30,3;30,6;30,9;30,5;30,6;30,3;30,4;30,9;30,4;30,3;29,9;29,2;28,6;28,4;28;27,6;27,3;26,7;25,2;22,5;21,5;20,7;20;20,4;20,4;19,9;19,8;19,8;20;20,2;20;19,6;19,6;19,8;19,8;19,6;19,6;19,6;19,9;19,9;20,1;20;20,1;19,9;19,9;20;20;20,1;20;20,1;20;20,1;19,8;20,2;20;20;19,9;20;19,6;20,5;19,9;20;20;20,6;20,1;19,9;19,8;20,1;19,9;20,1;20,2;20;19,8;20,4;19,9;19,9;19,5;20;20;20;20;20,1;19,9;20,2;19,8;20,2;20,1;20,7;20,2;20,2;19,8;19,6;19,5;19,9;19,9;19,5;19,9;20;20;20,4;19,9;19,5;19,8;19,9;20,4;20,2;20,1;20,4;20,4;20,1;20,1;19,6;19,6;20,1;20,2;19,9;19,6;20,4;20,4;19,9;20,1;20;20,6;20;20,1;20,1;20,2;20;19,9;20,2;20,6;19,8;20,1;19,9;19,3;20,4;20,1;19,5;19,9;20,2;20,1;19,5;19,6;20,2;20,2;20,2;20,4;20,1;20,1;19,8;19,3;19,8;20,1;19,6;20;20,8;20,1;19,4;19,9;19,4;20;20;19,5;20,4;19,6;20;19,3;19,8;20;19,6;19,3;19,9;20,2;19,9;19,5;19,8;20;19,6;19,4;19,5;19,4;19,5;20;20;19,8;19,5;20,2;20;20,1;20,4;20,4;19,6;20,5;19,9;19,9;20,4;20,2;20,4;20,420,8;20,1;20,5;20,7;20,7;21,2;20,7;20;20,2;20;20,4;20,8;20,9;20,7;20,2;20,7;20,7;20,6;20,6;20,9;20,9;20,6;20,7;20,9;20,9;20,8;20,9;21,1;20,7;21,1;20,7;20,9;21,2;20,8;20,9;21,2;20,9;21,4;21,4;20,9;21,5;22,2;22;21,6;21,8;21,6;22,1;21,9;21,2;21,5;21,6;21,5;21,5;21,1;21,1;20,9;20,9;21,4;20,7;20,2;20,2;21,1;20,6;20,7;20,7;21,2;21,1;21,1;21,6;21,1;20,8;20,8;20,7;21,2;20,9;20,8;20,8;20,7;20,9;21,5;21,6;21,2;20,9;21,1;20,9;20,8;20,7;20,8;20,9;20,8;20,5;20,8;21,1;21,1;21,4;20,8;20,5;20,5;20,2;20,6;20,7;20,4;20,8;21,2;20,8;20,5;20,6;20,8;20,8;20,9;21,2;20,4;20,8;20,2;20,8;20;20,8;20,9;20,5;20,7;21,1;20,7;20,5;20,6;20,6;20,6;20,4;20,6;20,8;20,6;20,5;20,6;19,9;20,4;20,2;20,4;20,7;20;20,4;20,5;20,5;20,5;20,7;20,2;20;20,4;20,6;20,7;21,1;20,4;20,6;20,6;20,2;20,4;20,7;20,9;20,6;20,6;20,5;20,2;20,7;20,2;20,6;20,2;20,1;20,2;20,4;20,5;20,2;20,5;20,4;20,1;20,1;20,1;19,6;20,1;20,5;20,2;19,8;19,9;20;20,4;20,1;20;19,9;20;20,4;20,4;20,7;20,5;20,8;21,1;21,2;24,3;26,6;27,3;27,3;28,1;28;27,8;28,9;29,1;29,4;30;29,5;30;29,5;30,1;30;29,2;30;29,4;30,1;29,5;29,7;29,4;29,7;30,3;30,2;30,1;29,4;29,1;30;29,2;29,9;28,8;29,4;29,2;29,4;29,1;29,2;29,4;29,1;29;29,2;28,9;29,3;28,9;29;28,7;28,6;29;29;28,7;28,8;28,5;28,9;28,6;28,8;28,9;28,7;28,7;28,8;28,4;28,5;28,5;28,8;28,7;28,4;28,5;28,2;28,5;28,4;28,4;28,2;28,1;28,5;28,5;28,6;28,5;28,2;27,8;28,2;28,7;28,4;28,2;28,2;28,2;28,2;28,1;28,1;28,4;28,2;28,6;28,2;28,2;28,4;28,5;28,5;28,7;28,4;28,4;28,1;28,2;28,2;28,1;28,6;28,6;28,7;28,5;28,2;28,4;28,7;28,5;28,6;28,1;28,5;28,6;28,1;28,6;28,2;28;28,5;28,7;28,2;28,7;28,4;28,5;28,7;28,5;28,9;28,5;28,4;28,1;29;28,7;29;28,4;28,4;28,4;28,5;28,5;29;28,9;28,8;28,7;28,8;28,6;28,5;28,8;28,7;28,6;28,5;28,5;28,4;28,8;28,8;28,6;28,7;28,6;28,5;28,7;28,6;28,2;28,5;28,9;28,9;28,8;28,6;28,6;28,6;28,6;28,9;28,8;28,6;28,7;28,6;28,2;28,7;28,7;28,9;29;28,7;28,8;28,8;28,7;28,8;28,5;28,8;28,6;28,9;28,5;28,9;28,6;28,6;29,2;29,2;28,7;28,7;29;28,9;29,1;29,1;28,7;29,3;28,8;29;29;28,8;29;29,1;29,3;28,8;29,1;29,4;29,1;29,5;29,2;29,1;29,9;29,4;29,4;29,4;29,2;29,7;29,7;29,5;29,5;29,7;29,3;29,7;30;29,7;29,5;29,4;29,4;30,3;30,1;30,2;30;30;29,9;30,3;30,1;30,1;29,5;30,6;30,1;30,4;30,5;30,6;30,2;30,1;30,5;30,6;29,9;30,3;30,4;30,1;30,4;30,6;29,2;28,2;28,2;27,9;27,8;27,5;27,5;26,7;24,8;22,3;21,1;20,2;20,4;20,2;20;20,1;20;20;19,6;19,6;19,9;19,9;19,8;19,5;19,9;20,2;20;19,3;20;20,2;20,1;19,8;19,9;20;20;20,1;19,6;20,2;19,6;20,2;19,8;19,6;19,9;20,4;19,9;20;19,5;19,8;19,4;20,2;20;20;20,2;20,6;19,6;19,6;19,6;20;19,8;19,8;19,8;20;19,2;20,2;19,5;20,1;19,4;19,8;20;20;20,2;20,1;19,8;19,6;19,9;19,9;20,1;20,5;20,1;19,8;19,6;19,5;19,5;20;20,1;19,6;19,5;19,2;19,9;19,6;19,8;20;20;19,8;19,8;20;19,9;19,8;19,3;19,5;20,1;19,9;19,9;19,9;19,8;19,5;19,4;20,4;20,5;19,8;20,1;19,8;20;20;19,6;20,2;20;19,9;19,9;20;20,7;19,9;19,8;19,6;19,4;20,2;19,5;20,4;20,4;19,8;20,4;19,6;20,1;20,1;20,4;19,9;19,6;19,8;19,8;19,5;19,8;20;20;20,1;19,5;19,8;20,5;19,6;20,2;19,6;19,9;20,1;19,5;20,1;19,9;20,1;19,4;19,6;19,9;19;20;20,4;20,5;20,2;20,2;19,8;19,8;19,9;19,9;20,2;20,2;20;20,4;20,4;20;20,2;20,4;20;21,6;19,9;19,8;20,4;20,6;20,4;21,1;20,6;20,2;20,5;20,820,7;20,7;21,2;21,4;20,6;20,4;20,4;20,6;20,7;21,1;20,5;20,7;21,2;20,6;20,8;20,4;20,4;20,4;20,7;21,1;20,9;20,6;20,8;21,2;20,9;20,7;20,7;20,7;20,7;20,6;20,8;20,8;21,2;20,8;20,8;21,1;21,4;21,4;21,2;20,6;21,2;21,9;21,6;21,4;20,8;20,7;20,8;20,8;20,8;21,1;21,1;20,7;20,8;21,2;21,2;20,8;21,1;21,4;21,2;21,1;21,1;21,2;21,2;21,5;20,7;21,2;20,8;21,1;21,4;20,6;20,8;20,8;20,8;20,8;20,8;20,8;21,2;20,9;20,8;21,2;20,9;20,9;20,8;21,1;20,9;20,7;20,7;20,6;20,7;20,7;20,7;20,7;20,7;20,5;20,4;20,4;20,6;20,7;20,8;20,9;20,9;20,6;20,4;20,4;20,2;20,7;20,8;20,7;20,8;20,2;20,9;20,2;21,1;20,6;20,4;20;21,1;20,8;20,1;20,2;21,1;20,9;20,5;20,5;20,6;20,2;20;20,7;19,9;20,5;20,6;20;20;20,2;20,2;20,5;20,5;20,5;20,2;20,2;20,4;20,6;20,6;20,1;20,1;20,7;20,6;20,5;20,7;20,2;20,6;20,5;20,2;20,2;20,4;20,5;20,2;20,2;20,6;20,5;20,4;20,2;20,4;20,5;20,1;19,9;19,9;19,6;20,2;20,1;20,2;19,9;19,9;20,1;19,9;20;20,2;19,6;20;20,5;20,6;20,4;20,5;20,6;20;20,4;20,4;20;20,1;20,2;20,6;20,6;21,4;23,7;26;26,7;27,1;27,4;27,4;28,1;28,7;28,7;29,3;29,4;29,5;28,8;29,5;29,5;29,5;29,3;29,4;29,2;29,7;28,9;29,4;29,4;29,5;29,7;30;29,3;28,8;28,9;29,2;29,1;29,4;28,7;29,3;28,9;29,2;29,3;29;29,2;28,9;28,7;28,8;28,9;29,2;28,5;29;28,7;28,6;28,8;28,6;28,2;28,8;28,1;28,4;28,6;28,6;28,8;28,2;28,5;28,6;28;28,5;28,2;28,6;28,5;28,4;28;28,5;28,6;28,5;28,1;28,4;28,1;28,4;28,2;28,7;28,5;28,5;28;28;28,4;28;28,2;28,6;28,4;28,4;28,1;28,1;28,5;28,4;28;28,2;28,2;28,2;28,1;28;28,4;28,1;28,1;28;28,6;28,4;28,4;28,4;28,6;28,7;28,5;28,4;28,7;28,9;28,6;28,2;28,5;28,5;28,9;28,7;28,6;28,2;28,4;28,9;28,5;28,6;28,7;28,1;28,8;28,6;28,2;28,9;28,9;28,4;28,4;28,6;28,2;28,9;28,5;28,1;28,7;28,6;28,7;29,1;28,8;28,7;28,9;28,9;28,4;28,4;28,9;28,7;28,6;28,6;28,6;28,6;28,8;28,9;28,7;28,6;28,8;28,5;28,6;28,2;28,6;28,8;28,6;28,7;28,6;28,5;28,8;28,8;28,7;28,4;28,5;28,8;28,5;28,5;28,5;28,7;28,8;28,9;28,9;28,8;28,7;28,6;28,4;28,6;28,4;28,6;28,5;28,9;28,2;29,1;28,6;28,8;29,1;28,7;28,7;28,8;28,8;28,9;28,8;28,7;28,7;29,1;28,5;29,1;28,6;28,8;29,2;29,2;29;28,8;29,1;29,3;29,1;29,3;29;29;29,4;29,1;29,2;29,2;29,7;29,9;29,4;29,7;29,4;29,7;29,2;29,5;30,1;29,7;29,3;29,9;29,4;29,4;29,5;29,9;30;29,4;29,1;30,1;30,1;30;29,3;29,5;30,2;30,2;30,1;30;29,9;29,9;29,9;30,1;30,3;29,7;29,5;29,7;30,4;29,4;29,2;28,4;28,1;28,2;27,6;27,8;27,3;26,8;25,1;22,5;20,7;20,2;19,6;19,6;19,8;19,8;19,8;19,8;19,6;20,1;20,2;19,9;19,6;19,9;19,6;19,6;19,8;19,9;19,8;19,9;20;19,9;20;20,1;19,9;20;19,4;19,4;19,6;20;19,9;19,5;19,9;19,5;19,8;19,8;19,4;20;19,5;20,5;20;20;20,2;20,6;19,9;19,9;19,8;19,4;19,8;19,9;19,8;20;19,5;19,9;19,3;20,2;19,8;19,6;19,3;19,6;19,9;19,5;19,8;19,5;20;19;19,2;19,2;19,5;19,4;19,4;19,8;19,3;19,4;19,4;19,6;19,3;19,9;20,4;19,4;19,2;19,9;20;19,4;19,9;20,1;19,9;19,6;19,5;19,9;19,8;19,8;19,9;19,8;19,6;19,6;19,5;20;20,4;19,6;20;20,1;19,5;19,9;19,6;19,9;19,6;19,6;19,8;19,6;19,6;20,1;19,3;19,6;19,6;19,6;19,6;19,2;20,5;20;19,8;19,9;19,6;19,6;19,3;19,4;20;19,9;19,6;19,6;19,5;19,5;19,5;19,3;19,5;19,9;20,1;20;20;19,9;19,8;20;19,9;19,9;19,9;20,4;19,6;19,4;19,8;19,2;20;20,1;20,4;20,1;20;20;19,6;19,6;20;20;19,8;19,9;20,1;20;20,1;20,2;20,5;20;21,1;20,4;20,5;20;20,7;20,4;20,5;20,4;20,5;20,7;21,120,6;20,5;20,5;20,5;20,2;20,6;20,8;20,5;20,8;20,6;20,4;20,5;20,9;20,7;20,2;20,6;20,8;20,9;20,2;20,5;20,5;20,1;20,6;20,7;20,6;20,7;20,4;20,2;20,6;20,7;20,8;20,9;21,1;20,8;20,7;20,9;20,9;21,2;21,1;20,9;20,9;21,5;21,2;21,2;21,1;20,9;21,4;21,1;20,6;20,9;21,2;20,9;21,4;21,5;20,8;20,7;20,8;21,2;21,6;21,5;20,7;20,8;21,1;20,7;20,5;21,2;21,2;21,4;21,1;20,8;20,7;20,9;21,2;20,9;21,2;20,6;20,8;21,2;20,9;20,9;20,7;20,8;20,9;20,7;20,6;20,7;20,8;20,5;20,2;20,5;20,8;20,8;20,5;20,1;20,1;20,4;20,7;20,9;20,6;20,8;21,1;20,9;20,5;20,5;20,4;20,2;20,6;20,2;20,9;20,4;20,4;20,6;20,5;20,7;20,5;20,6;19,6;20,6;21,1;20,7;20;19,6;20,2;20,9;20,5;20,4;20;20,5;20,1;20,1;20,7;20;20,5;20,1;20,1;20,5;20,4;20,8;20,5;20,1;20,5;20,5;20,5;20,7;20,2;20,6;20,1;20,4;20,5;20,2;20,6;20,7;20,6;20,4;20,5;20,2;20,2;20,2;20,6;20,6;20,5;20,4;20;20,1;20,7;20,1;20,2;19,9;19,9;19,9;20,5;20,2;20,6;20,1;20,2;20,7;20,7;20,4;20,7;20,6;20,8;20,8;20,7;20,6;20,2;20,7;20,4;20,1;20,1;20,2;20,6;20,6;21,2;24,3;26,3;27,1;27,5;27,5;27,5;27,8;28,2;28,6;29,3;29,4;29,2;29,1;29,5;29,4;29,3;29,3;29,2;29,2;29,7;29,3;29,2;29,3;29,7;29,2;29,3;29,2;28,6;29;28,9;29,1;29;28,9;28,9;28,9;29,2;29,3;29,1;29;28,7;28,5;28,6;28,9;29,1;28,9;29;28,6;28,6;28,7;28,9;28,2;28,5;28,1;28,6;28,6;28,4;28,5;28,2;28,4;28,5;27,8;28,5;28,2;28,2;28,6;28,6;28,1;28,1;28,5;28,4;28;28,6;28,4;28,4;28,1;28,4;28,1;28,1;28,2;28,2;28,2;28;28;28,2;28,1;28,2;28,1;27,9;28,2;28,4;28,1;28,2;28,2;28,4;28,2;28;28,5;28,4;28,4;28,2;28,2;28,1;28,4;28,4;28,4;28,4;28,6;28,4;28,6;28,5;28,7;28,6;28,4;28,2;28,2;28,2;28,2;28;28,4;28,5;28,4;28,6;28,8;28,2;28,6;28,5;28,6;28,8;28,8;28,4;28,6;28,6;28,1;28,8;28,4;28,1;28,6;28,6;28,4;28,7;28,5;28,4;29;28,5;28,6;28,5;28,8;28,7;28,6;28,5;28,8;28,5;28,2;28,5;28,5;28,4;28,9;28,6;28,5;28,4;28,1;28,4;28,4;28,9;28,9;28,4;28,4;28,2;28,6;28,6;28,6;28,6;28,5;28,4;28,2;28,7;28,6;28,1;28,4;28,7;28,6;28,4;28,4;28,8;28,1;28,2;28,2;28,9;28,5;29;28,5;28,8;28,7;28,8;28,7;29,2;28,6;28,9;28,8;28,6;28,4;28,7;28,7;29;28,6;29;28,8;29,4;28,9;28,9;29;29;28,9;28,8;28,9;29;29,2;29,2;29,1;29,4;29,3;29,5;29,2;29,3;29,4;29,5;29,2;29,7;29,4;29,4;29,3;29,9;29,4;29,9;29,4;29,9;29,7;29,2;29,5;29,3;29,4;29,4;28,9;29,2;29,7;29,7;29,5;29,7;29,7;29,7;29,9;30;30,2;29,9;29,1;29,4;29,4;29,1;29,3;28,5;28,6;28;27,5;27,3;27,5;27,1;25,7;23,1;20,8;20,1;20;20,4;20,4;20,2;19,9;19,4;19,9;19,9;20,5;20,2;20,4;20,6;20;19,3;19,8;20,4;20,4;20,2;19,9;20,5;19,9;19,9;20;20;19,9;19,8;20;19,6;19,8;20;19,8;18,8;19,8;19,9;19,9;20,1;19,6;20,6;19,9;19,6;20,1;20,6;20,2;20;19,5;19,3;19,5;19,6;20,4;19,8;19,9;19,8;19,3;20;20,1;19,3;18,7;19;19,8;19,6;20,1;19,9;19;19,8;19,5;19,8;19,9;20;20;19,6;19,8;19,5;19,5;19,4;19,6;20,2;20,2;19,6;19,9;20,1;19,8;19,9;20;20;19,9;19,6;19,8;19,6;19,6;19,8;19,5;19,5;19,5;19,8;19,8;19,5;20,1;19,4;20;20,2;19,6;20;19,6;19,8;19,6;19,8;20,2;19,6;19,8;20;19;19,4;19,4;19,8;19,9;19,6;20;19,6;19,5;19,3;19,2;19,6;19,9;19,8;19,9;19,9;19,8;19,8;19,9;19,9;19,6;19,4;19,9;20;19,8;19,6;19,6;19,9;20;19,9;19,6;19,8;19,5;20,2;19,5;19,6;20,1;19,4;19,5;19,6;19,9;19,9;19,5;19,6;19,9;19,8;19,4;19,9;20,5;20,6;20,8;20;19,5;20,4;20,1;19,6;19,8;20;19,6;19,9;19,9;19,9;20,4;20;20;20;20,420,5;20,5;20,5;20,7;20,7;20,4;20,5;20,7;20,4;20,4;20,8;20;20,8;20,6;20,5;20,5;20,1;20,7;20,6;20,8;20,8;20,6;20,7;20,9;20,8;20,6;20,5;20,5;20,9;20,8;20,8;20,7;20,8;20,9;20,8;21,1;21,2;21,2;20,7;20,8;20,7;21,4;21,5;21,4;20,8;20,7;20,8;21,1;21,2;20,9;20,7;20,5;20,5;20,9;21,1;20,7;20,5;20,9;21,4;21,2;20,5;20,8;20,6;20,4;20,1;20,2;21,1;20,4;20,8;20,6;20,5;20,9;20,8;20,9;21,2;20,9;20,7;20,7;21,2;20,8;20,6;20,8;20,7;20,6;20,7;20,9;20,8;20,5;20,5;20,7;20,7;20,8;20,5;20,1;20,2;20,5;20,8;20,5;20,7;20,7;20,8;20,7;20,5;20,8;20,8;20,8;20,6;20,2;20,8;20,8;20,7;20,5;20,1;20,8;20,4;20,8;20,4;20,9;20;20,5;20,5;20,5;20,2;20,8;20,7;20,5;20,5;20,2;20,2;20,5;20,8;19,9;20,5;20,1;20,6;20,6;20,5;20,8;20,5;20,2;20,7;20,6;20,6;20,8;20,4;20,5;20,2;20,9;20,2;20,2;20,5;20,7;20,6;20,4;20,5;20,2;20,5;20,6;20;20,5;20,5;20,7;20,4;20;20,2;20,4;20,5;20;20,7;20,1;20,2;20,6;20,9;20,5;19,6;20,6;20,8;20,4;20,4;20,7;20,4;20,1;20,4;20,7;20,6;20,5;20,2;19,8;20,5;20,5;20,4;20,7;21,6;23,7;26;26,7;27,3;27,7;27,8;27,8;28,6;28,2;29;28,7;29,1;29;29,1;29;28,9;28,8;28,5;29,1;29,4;28,5;29,1;28,7;29,2;29,1;28,8;29;28,8;28,8;28,6;28,5;28,9;28,9;28,7;28,8;29,2;29;28,9;28,5;28,6;28,5;28,5;28,7;28,9;28,7;28,7;28,4;28,5;28,5;28,8;28,1;28;28,1;28,8;28;28,4;28,6;28;28,1;28,1;27,8;28;28,2;28;28,2;28,2;28,4;27,9;27,9;27,9;27,9;28,7;28,2;28;28;28,2;28,1;28;27,9;28,1;28,4;28,2;28,2;28,2;27,9;28;27,8;27,7;28;28,4;28,1;28,1;28;28,1;28,2;28;28,2;27,9;28,1;28,4;28,1;28,2;28,2;28,2;28,1;28,1;28,1;27,8;28,2;27,9;28,8;28,5;28;28,2;28,2;28;28,4;28,1;28,1;28,4;28,1;28,2;28,8;27,9;28,5;28,1;28,5;28,4;28,6;28,8;28,6;28,4;28,4;28,4;28,5;28,6;28,5;28,4;28,6;28,2;28,4;28,5;28,8;28;28,4;28,6;28,5;28,2;28,2;28,4;28,5;28,2;28;28;28,4;28,4;28,6;28,7;28,7;28,5;28,6;28,4;28,5;28,6;28,9;28,4;28,1;28,1;28,6;28,4;28,2;28,6;28,6;28,2;28,5;28,6;28,5;28,2;28,4;28,7;28,5;28,2;28,2;28,7;28,1;28,4;28;28,5;28,4;28,8;28,6;28,7;28,5;28,7;28,4;28,9;28,1;28,5;28,8;28,8;27,7;28,8;28,6;28,6;28,5;28,8;28,5;29,3;28,8;28,6;28,8;28,6;28,5;28,8;28,7;28,7;29,1;29,1;29,2;29,3;28,8;28,9;29;29,1;29;29,1;28,9;28,8;28,7;29,3;28,8;29,9;29,9;29,5;29,4;29,2;29,1;29,5;29,4;29,2;29,7;29;29,1;29,2;29,3;29,3;29,4;29,3;29,2;29,3;29,4;29,2;29,3;29,4;29,3;29,3;29,4;29,5;29;28,4;27,9;27,9;27,8;27,5;27,5;26,7;25,3;22,6;20,8;20;20,2;20,7;19,8;20,1;19,9;19,8;20,2;20,5;19,9;19,9;19,9;19,9;19,9;19,8;19,8;19,8;20,1;20;19,6;20,1;19,5;19,9;20,1;20;20,1;20,1;19,5;19,4;19,6;20,2;19,9;19,6;19,5;20,1;20;20,1;20,1;20,4;20,5;20;19,8;20,1;20,2;20,4;19,8;19,5;19,3;19,9;20,5;19,8;20,1;20,6;19,8;19,9;19,9;19,8;19,5;20,4;20;20,2;19,8;19,5;20,5;19,6;19,8;20;19,8;20,2;20,2;20;20;20,2;20,2;19,9;19,5;19,6;20;19,6;20;19,8;19,4;19,9;20;19,8;19,5;19,4;19,8;19,6;19,6;19,9;19,6;19,6;19,9;20,1;19,9;19,9;20,1;19,9;20;19,5;19,5;19,6;19,8;20;19,8;19,9;20;19,8;19,3;20,4;19,4;19,2;19,4;19,9;19,9;19,8;20,2;19,9;19;19,5;20,4;20,2;20;19,5;20;20;19,5;19,6;19,6;19,6;19,6;19,6;19,6;19,8;19,5;19,4;19,9;19,9;19,9;19,8;19,8;19,5;19,3;19,9;19,2;20;20,1;19,5;19,2;19,6;19,8;20;20,4;20,1;19,9;20;20,1;20,1;19,9;19,9;20,4;19,9;19,9;19,6;20,2;19,4;19,9;20,1;19,8;20,1;20,1;20,2;20,6;20,5;20,4;19,9;19,920,1;20,1;20,4;20,1;20,2;20,4;20,8;20,6;20,6;19,8;19,6;19,8;20,8;20,7;20,4;20,7;20,8;20,2;20,9;20,8;20,5;20,2;20,6;20,9;20,7;20,5;20,4;20,6;21,1;20,6;20,7;20,5;20,7;20,9;20,7;21,2;21,4;21,2;20,5;20,8;20,9;21,1;21,5;21,4;20,8;21,1;21,1;21,1;20,8;21,4;20,9;20,6;21,2;21,4;20,9;21,1;21,2;21,6;21,1;20,7;20,7;20,8;20,8;20,7;20,8;21,6;21,5;20,9;20,8;20,8;21,2;21,4;20,8;20,9;20,7;20,8;20,5;20,8;21,8;21,1;20,1;21,1;20,7;20,8;21,1;20,9;20,8;20,7;21,1;21,1;21,1;21,1;20,7;20,5;20,7;20,6;20,6;20,4;20,6;20,7;20,9;20,8;20,6;20,8;20,5;20,5;20,5;20,8;20,6;20,6;20,4;19,9;20,5;20,5;20,9;20,9;20,7;20,2;20,2;20,5;21,2;20,2;20,5;20,9;20,6;20,6;21,1;19,9;20,6;20,2;20,7;20,4;20,6;19,6;20,7;20,5;20,9;20,5;20,1;20,5;20,7;20,7;20,8;20,6;20,4;20,1;20,7;21,1;20,2;20,2;20,4;20,7;20,6;20,8;20,7;20,1;20,5;20,7;20,4;20,7;20,4;21,2;20,6;19,8;20,2;20;20,2;20,1;20,6;20,6;20,6;20;20,6;20,4;20,5;20,9;20,7;20,5;20,7;20,5;20,7;20,7;20,6;20,9;20,5;20,2;20,5;20,4;20,4;20,8;21,1;21,1;21,9;24,3;26,2;27,4;27,3;27,7;27,8;27,8;28,2;28,2;28,6;29;28,6;28,7;28,6;28,6;28,7;28,8;28,2;28,9;29,1;28,4;28,7;28,4;29;28,7;28,8;28,9;28,7;28,6;28,5;28,4;28,7;28,2;28,7;28,5;28,8;28,5;28,8;28,4;28,4;28,4;28;28,4;28,4;27,9;28,2;28,1;28,5;27,9;28,1;27,6;28;27,8;28,1;27,8;28,2;28,1;27,6;27,7;28;27,7;27,5;27,9;27,8;27,9;27,9;27,9;27,7;27,6;27,3;27,2;28;27,7;27,6;27,4;27,9;27,7;27,8;27,8;27,8;27,9;27,9;27,8;28;27,8;27,7;27,8;27,8;27,8;28,2;28,4;28,1;27,6;27,6;27,7;27,8;28;27,8;28;28;27,8;27,7;28;27,8;27,5;27,6;27,8;28;28,1;27,9;28,6;28;27,9;27,7;28,1;28;28,4;27,9;27,9;27,7;27,8;28,1;28,1;27,5;28,2;27,7;28,1;28,5;28,1;28,2;28,4;28,2;28;27,9;28;28,4;28,1;28;28;28;28,2;28,6;28,2;28;27,9;28,2;28,1;27,8;27,9;28,1;28,1;27,9;28,1;28;27,8;27,9;28;28,2;28,5;28;28,1;28;28,1;28;28,4;28,4;27,9;27,9;28,2;27,9;27,9;28,2;27,9;28;28,2;28,2;27,9;27,9;27,9;28,2;28,1;27,8;27,6;28,2;27,9;28,1;27,9;28,1;28;28,1;28,5;28,4;28,4;28,6;28,2;28,6;27,7;28,1;28,6;28,7;27,7;28,5;28,5;28;28,4;28,2;28,4;28,9;28,7;28,1;28,7;28,4;28,5;28,7;28,4;28,6;28,6;28,8;29,1;28,8;28,8;28,9;29,1;29,1;28,8;29;28,7;28,6;29;29,4;28,5;29,3;29,3;29,1;29,3;29,2;29;29,2;28,8;29,2;29,3;28,9;29;29,5;30;29,9;29,9;29,4;29,5;29,4;29,9;29,9;29,4;29,1;29,3;29,2;29,7;29,1;28,8;28,8;28,5;28;27,7;27,6;26,7;26,3;25,2;22,6;21,1;20;20;20;20,6;20;19,5;20,2;20,2;20,1;20,1;20,1;20;19,8;19,9;19,8;19,9;19,9;20,5;20,2;19,5;20,1;19,5;20,4;20;20,2;20,2;20,2;20;19,5;19,8;19,9;20,1;20;19,6;19,9;19,9;20,1;20,2;20,4;20,4;20,4;20,2;20;20;20,2;20,2;19,8;19,8;20,1;20;19,5;19,8;20,6;20,2;20;19,9;20,6;19,2;19,9;19,5;19,6;20,2;20;19,9;20,6;19,6;19,6;19,5;19,9;19,9;20,1;19,6;19,8;20,1;20,1;20,1;19,6;19,8;19,6;19,5;19,8;20,1;20,4;20,1;20;19,9;19,6;19,9;19,6;19,4;19,9;19,9;20;20,2;20,5;20,1;20,2;20;20,2;19,8;20;20;19,8;20,2;20,2;20,2;20,1;20;20;19,9;19,5;20,5;19,5;20,5;20,2;19;19,5;20,6;19,9;19,3;19,6;19,9;19,4;19,4;19,8;20,1;19,8;19,8;20,1;20,2;20;19,5;19,6;19,6;19,8;19,5;19,9;19,9;20,2;19,6;19,4;20,1;20;19,6;20,1;19,2;19,8;20;19,8;19,3;19,5;19,8;19,8;19,4;19,5;19,6;19,6;20;20;20;19,5;19,9;18,9;19,2;19,8;20;20;20,1;20,1;19,8;19,4;19,8;20;20,5;20,2;20;19,9;19,920,1;20,5;20,6;20,2;20,1;20,7;20,8;20,7;21,1;20,6;20,7;20,4;20,7;20,7;20,7;20,6;20,5;20,8;20,6;20,7;21,1;20,8;20,6;20,7;21,1;21,4;21,5;21,6;21,1;20,6;20,8;21,1;20,8;21,1;20,8;20,9;20,9;20,9;20,8;21,1;20,8;21,1;21,1;21,4;21,6;21,6;21,4;20,9;20,9;20,8;20,8;21,2;21,5;21,5;21,2;20,8;20,8;21,2;20,7;20,8;21,5;21,5;21,2;20,5;20,5;20,9;20,8;20,9;20,9;21,1;20,8;21,5;20,4;20,9;21,4;21,1;20,6;21,2;20,9;21,1;20,7;21,2;20,8;21,1;21,1;20,8;20,8;20,8;21,1;21,1;21,5;21,4;20,9;20,7;20,7;20,8;20,7;20,5;20,7;20,9;20,8;20,9;21,1;21,1;20,7;20,7;21,1;20,7;20,5;20;20,9;20,7;20,6;20,7;20,7;20,4;20,4;20,5;20,9;21,2;20,7;20,4;20,7;20,9;20,6;20,4;20,2;20,1;20,9;20,4;20,5;20,1;20,6;19,9;20,7;20,6;20,8;20,5;20,4;21,1;20,6;20,5;20,7;20,4;20,4;20,2;20,6;20,8;20,5;20,2;20,5;20,6;20,4;20,4;20,8;20,4;20,5;20,5;20,6;20,6;20,1;20,4;20,7;20;20,4;19,6;20,2;20,5;20,6;20,1;20,1;19,9;20,5;20,2;20,2;20,6;20,6;20,2;20,1;20;20,4;20,7;20,4;20,4;20,2;20,1;20,2;19,9;19,8;20,4;20,5;20,5;21,2;23,8;26,5;27,1;27,1;27,1;27,7;27,3;28,1;28,1;28,5;27,9;28,2;28,4;28,9;28,7;28,4;28,2;28,6;28,6;28,6;28,2;28,6;28,4;28,6;28,5;28,7;28,6;28,1;28,5;28,5;28,2;28,5;27,8;28,4;28,2;28,4;28,1;28,6;28,6;28,2;28;27,8;28,4;28,1;27,8;28;27,5;28,1;27,4;27,8;27,5;27,9;27,8;27,8;28;28,2;27,5;27,6;27,6;28;27,6;27,7;27,8;27,7;27,8;28;27,7;27,4;27,8;27,3;27,6;27,7;27,5;27,6;27,6;27,9;27,8;27,6;27,8;27,7;27,7;27,7;27,8;28;27,8;27,7;27,7;27,8;27,8;28;28,2;27,8;27,7;27,7;27,8;27,9;28,1;27,8;27,6;27,9;27,9;27,8;27,9;27,7;27,9;27,8;28;28,2;27,9;27,8;28,4;27,7;27,9;28;28,1;27,8;28,1;27,8;28,2;28,1;27,9;27,9;27,9;27,7;28,2;28;28;28,2;28,5;28,2;28,1;28,2;27,7;27,9;28,1;28,7;28,5;27,8;28,1;28,4;28,2;28,4;28,4;28,1;28,1;28;28;28,1;28,1;28,1;28;28;28,4;28,5;27,9;28,2;28,4;28,2;28,4;28;27,9;27,9;28;28,2;28,2;28,2;28,1;28;28,4;28,2;28,2;28,2;27,8;27,9;27,9;27,8;27,9;27,9;27,6;28;28,1;27,8;27,8;28,1;27,6;28;28,1;28,4;27,8;27,7;28,2;28,6;28,4;28,4;28,1;28,4;28,1;28,2;28,7;28,2;27,8;27,9;28,5;27,8;28,1;27,9;28,1;28,5;28,5;28;28,6;28,1;28,4;28,2;28,5;28;28,2;28,2;28,6;28,7;28,6;28,8;28,9;28,6;28,9;28,6;28,8;28,8;29,2;29,1;28,2;29,2;28,8;29,2;29,2;29,2;28,7;29;28,8;28,6;28,7;28,9;28,7;29,2;29;28,9;28,6;29,1;28,8;28,8;28,9;29,1;28,9;30;29;28,7;28,7;28,8;28,9;28,5;28;27,9;27,2;26,7;26,7;26,4;24,7;22,7;21,1;20;20,7;20,5;19,8;19,9;19,9;20;20,4;20,2;19,6;20;19,9;19,9;20,1;20,1;19,6;20;20,1;20;19,9;20,2;19,8;20,4;20;20,2;20;20,1;20,1;19,5;20;20,1;19,9;20;19,5;20;19,5;20,1;19,8;20,2;19,9;20,4;20,5;20,1;19,5;20,2;19,9;19,5;19,9;20,2;20,5;19,5;19,6;20,5;20,1;20,5;19,9;19,5;19,6;20,1;19,5;19,8;19,4;20,2;19,9;20,2;20,4;20,9;20,5;20;20,4;20,1;19,3;19,6;20,4;20,2;20,4;19,9;20;20;19,9;20,2;20,4;20;20,1;20,1;20;20,1;19,8;19,8;19,8;19,8;19,9;20,1;20;20,4;20;20,2;20;20;19,8;20,1;20;19,8;19,9;20;19,5;20,5;20,1;20,1;20,4;19,8;20,7;19,9;19,6;19,8;20;19,8;20,5;19,5;19,5;19,8;20,4;20,2;19,6;19,4;19,9;19,9;19,8;19,9;19,5;19,8;19,9;19,8;19,6;19,8;19,6;20,2;20,1;20,2;19,8;19,6;19,9;20,5;20,2;20,4;19,4;19;20;19,8;19,5;19,8;19,8;20;20,2;19,9;19,6;20,2;20,6;20,2;20;20,2;20,6;19,2;20,1;20,4;19,6;20,4;20,2;20,4;20,4;19,9;20,2;20,2;20,2;20,2;20,2;20;20,120,2;20,5;20,9;20,6;20,5;20,6;20,4;20,2;20,5;20,5;20,4;20,5;20,6;20;20,7;20,7;20,6;20,6;20,6;20,8;20,6;20,8;20,7;20,6;20,9;20,9;20,8;20,7;20,4;20,2;20,8;20,8;20,9;20,9;20,9;20,8;21,1;20,9;21,5;21,1;20,6;21,1;21,1;21,2;21,5;21,1;20,8;20,9;21,2;21,2;21,5;21,4;21,5;21,1;20,7;20,7;20,9;21,2;20,9;21,1;20,9;21,1;21,1;20,7;20,9;21,4;20,9;20,9;20,5;21,2;20,9;20,6;21,1;20,8;21,9;21,2;20,6;20,4;21,1;21,2;21,2;20,8;20,6;21,2;20,9;20,6;20,9;20,8;20,9;20,9;21,1;20,9;20,7;20,5;20,6;20,7;20,6;20,5;20,4;20,7;20,6;20,5;20,2;20,5;20,7;20,4;20,5;20,6;20,7;20,5;20,6;20,7;20,7;20,2;20,2;20,2;20,6;20,5;20,1;20,1;20,5;19,8;20,5;20,5;20,9;20,4;20,4;20,2;20,5;20,2;20,9;20,4;20,4;20,6;20,6;20,7;20,7;20,6;20,4;20,7;20,6;20,6;20,7;20,2;20,7;20,8;20,7;20,8;20,5;20,2;21,1;20,8;20,5;20,5;20,9;20,9;20,8;20,5;20,6;20,4;20,4;20,5;21,1;20,4;20,7;20;20,1;20,4;21,2;20,8;21,2;20,8;20,6;20,8;20,5;21,1;20,9;20,4;21,2;20,8;20,7;20;20,1;20,9;21,6;20,7;20,6;20,7;20,7;20,8;21,1;20,7;22,1;23,9;26,3;27,7;27,5;27,3;27,8;28;28,4;28;28,2;28,6;28,5;28,5;29,1;28,7;28,4;27,5;28,5;28,5;29,1;28,7;28,6;28,4;28,7;28,4;28,5;28,9;27,9;28,2;28;28,1;28,4;27,9;27,9;27,9;28,2;28,1;28,5;28,4;28,4;27,5;27,9;28;28,2;28;27,7;27,4;27,7;27,2;27,6;27,5;27,7;27,7;28;27,8;27,8;27,5;27,7;27,8;27,6;27,4;27,8;27,6;27,7;27,5;27,7;27,4;27,3;27,7;27,3;27,7;27,7;27,5;27,2;27,2;27,7;27,6;27,4;27,3;27,3;27,1;27,2;27,6;27,7;27,5;27,3;27,2;27,3;27,5;27,7;28;27,6;27,3;27,2;27,7;27,6;27,7;27,7;27,4;27,4;27,5;27,5;27,6;27,5;27,5;27,5;27,5;27,8;27,4;27,5;27,8;27,5;27,4;27,6;27,5;27,5;27,8;27,6;27,7;27,6;27,6;27,8;27,7;27,4;28,1;27,6;27,9;27,8;28;27,8;27,6;27,7;27,3;27,7;27,8;28,1;27,6;27,6;28;27,9;27,9;28;28;28;27,6;27,6;27,6;28;27,8;27,7;27,6;27,5;27,7;28;27,8;27,8;27,7;27,6;27,7;27,7;27,6;27,6;27,8;27,9;28;27,8;28;27,8;27,8;28;28;28,2;28,1;27,9;27,8;27,9;28;27,8;27,7;28;27,9;27,6;27,6;27,8;27,6;27,7;28,2;27,8;27,6;27,9;28;28,4;28,1;27,9;27,9;28;28,1;28,1;28,1;28;27,8;28,1;28,1;27,9;28;27,8;28,1;28,2;28,4;27,9;28,1;28,1;28,4;28,5;28,2;27,9;28,5;28,1;28,4;28,5;28,6;28,5;28,5;28,6;28,8;28,5;28,4;28,7;28,8;29,1;28,5;28,6;28,7;29,3;29,3;29,2;28,7;29;28,8;28,9;29,3;29,1;28,6;28,7;28,9;28,9;28,5;29,1;28,4;28,8;28,8;29,4;29;29,1;29,1;28,8;29,2;29,1;28,8;28,1;27,9;28,1;27,6;26,8;27,2;26,8;25,4;22,6;21,2;20,8;20,6;20,4;20,2;20,2;20,2;20,7;20,2;20,4;19,6;19,9;20,1;20,6;20,5;20,4;19,9;20,4;20;19,9;20,5;20,7;20,4;20,8;19,8;20,5;20;20,4;20,2;19,9;20;20,5;19,8;20,2;19,5;20,4;19,8;19,9;19,8;20,2;20,2;20,2;20,2;20;19,6;20,1;19,6;19,8;19,9;20,1;20,4;20,2;19,4;20,1;19,2;19,6;20,2;19,8;20;19,6;19,9;20,2;19,6;19,6;19,8;19,8;20;20,5;20,4;20,2;19,9;20;19,6;20,2;20,2;20;20,1;19,6;19,6;19,3;19,4;20,1;19,6;19,5;19,9;19,9;20,1;20,1;19,8;19,8;19,9;19,6;19,8;20,2;19,8;20;19,5;20;20,4;19,8;19,9;19,8;20,1;20;20,6;20,2;19,9;20,2;20,2;19,6;19,6;19,8;20;19;19,4;20,5;19,9;19,4;20;19,9;20,1;19,9;19,9;19,9;19,8;19,6;20,1;20;19,6;20,2;20,4;20,1;20,2;20;19,9;19,6;20;20,2;20,4;20,1;19,9;20,1;19,8;20;20,1;20;19,8;19,2;20,1;19,9;19,6;19,6;19,8;19,8;19,8;19,6;19,5;19,9;20,1;20,2;20,2;19,6;19,9;19,5;19,2;20;20,2;19,8;20,7;20,6;20;19,9;20,2;20,4;20,4;20,1;20,2;20,4;20,220,2;20,5;20,9;20,8;20,8;20,9;20,5;20,6;20,5;20,5;20,5;20,6;20,2;20,5;20,5;20,1;21,2;20,7;20,2;20,7;21,2;20,6;20,4;20,8;21,1;21,1;21,2;21,4;21,1;20,9;20,9;20,8;21,4;21,1;20,5;20,9;21,1;21,2;21,4;21,1;20,6;20,9;20,8;20,9;20,9;20,7;21,2;20,9;20,9;21,2;21,5;20,9;20,8;20,9;20,8;20,7;20,7;21,1;20,7;20,8;20,7;20,4;20,8;20,5;20,4;20,5;20,9;20,6;20,1;20,5;20,6;20,8;20,8;20,9;20,7;20,8;20,2;20,4;21,8;20,8;20,7;20,9;20,8;20,9;20,9;20,7;20,9;20,8;20,8;20,8;21,2;21,4;21,1;20,8;20,6;20,6;20,7;20,8;20,9;21,2;21,1;21,1;21,1;21,2;20,9;20,9;20,7;20,7;21,1;20,9;21,1;20,7;20,7;20,1;20,2;20,7;20,7;21,4;20,6;20,7;21,9;21,1;20,8;20,8;20,7;20,1;20,9;20,7;20,8;20,6;20,7;20,9;20,5;20,7;20,7;21,2;20,8;20,9;20,7;20,7;20,6;21,1;20,9;20,5;20,8;20,8;21,1;20,7;20,5;20,2;21,1;20,7;20,9;20,7;20,8;21,2;20,6;20,5;20,8;20,4;20,7;20,5;20,9;20,2;20,1;20,4;20,5;20,5;20,8;20;21,1;19,8;20,5;20,1;20,5;20,4;20,5;20,1;20,4;20,5;20,5;20,5;21,4;20,8;20,1;20;20,1;20,1;20,2;20,2;20,4;20,4;21,2;23,6;25,7;26,5;26,8;26,8;27,3;27,2;27,8;27,7;27,5;28;28,5;27,8;27,5;28,1;28;27,2;27,9;27,9;28,4;27,7;28,1;27,7;27,4;27,5;27,8;28,5;27,3;27,6;27,5;27,5;27,8;27,3;27,5;27,5;27,9;27,5;27,7;28;27,9;27,2;27,7;27,4;27,9;27,7;27,5;27,4;27,3;27,1;27,4;27,1;27,4;27,2;28;27,3;27,2;27,4;27,5;27,7;27,2;26,8;27,1;27,4;27,2;27,5;27,3;26,8;26,8;27,3;27,3;27,3;27,2;27,2;27,1;26,5;27,2;27,1;27,1;27,1;26,7;27,1;27,1;27,4;27,3;27,2;27,2;26,8;26,7;27,1;27,3;27,6;27,4;27,1;26,8;27,4;27,1;27,2;27,3;27,2;27,3;27,3;27,2;27,2;27,1;27,3;27,6;27,3;27,2;27,3;27,4;27,4;27,4;27,1;27,1;26,8;27,5;27,5;26,7;27,3;27,2;27,1;27,3;27,5;27,2;27,6;27,1;27,6;27,2;27,4;27,2;27,3;27,3;27,1;27,4;27,4;27,4;27,3;27,6;27,4;27,4;27,6;27,4;28,1;27,5;27,1;27,2;27,4;27,5;27,7;27,3;27,3;27,4;27,8;27,7;27,5;27,5;27,1;27,1;27,7;27,8;27,4;27,3;27,6;27,9;27,6;27,4;27,5;27,4;27,5;27,7;27,8;27,7;27,5;27,5;27,5;27,7;27,7;27,4;27,4;27,4;27,2;27,4;27,5;27,5;27,6;27,6;27,8;27,6;27,4;27,3;27,7;27,7;27,7;27,7;27,7;27,6;27,6;28;27,5;27,8;27,7;28,2;27,6;27,7;27,4;27,7;27,6;27,8;28;27,7;27,6;28;27,8;27,9;28;28,1;28;28;27,8;28,4;28,5;28;28;28;28,2;28,1;28,2;28,1;28,1;28,6;28,2;28;28;28,2;28,4;28,8;28,4;28,9;28,6;28,4;28;28,4;28,4;27,9;28,5;28,2;28,7;28,2;28,1;28,1;28,4;29,1;28,5;28,4;28,6;28,6;28,8;28,2;28,6;28;28;27,7;27,4;27,3;27,4;26,2;24,8;22,9;21,4;20,5;20,4;20,4;20;20,4;19,6;20,1;20,2;20,1;20,1;19,8;20,2;20,4;20,1;20,1;20;19,8;20;20,2;20;20,1;20,4;20,5;19,4;20,6;19,6;20,6;20,2;20,5;20,1;20;20;20,4;20,2;20,4;20,2;19,5;20;20,6;20,2;20,6;20,1;20,1;20,4;20,4;19,8;20,4;20,1;20,7;20,5;20,6;19,6;20,5;20,4;19,8;19,9;20,8;19,8;19,8;19,9;20,1;19,9;20,2;20,6;20,7;20,2;19,6;20,7;20,4;20,1;20,6;20,5;20,8;20,6;20,4;20,2;20,2;20,4;19,9;20,1;20,2;19,8;19,8;19,9;20;20,1;20,1;19,9;19,9;20;19,9;19,9;20,1;19,9;19,9;19,5;20,2;20;19,5;20,1;20;20,1;20,1;20,4;20,6;19,9;19,6;19,6;20,2;19,5;19,9;19,9;19;19;19,2;19,6;19;19,8;20;19,8;19,6;19,9;19,8;19,5;19,8;20;20,1;20;19,9;19,8;19,5;19,6;19,8;20;19,8;20,1;20,1;20,1;20;20;19,9;19,8;19,9;19,9;19,9;20;20;20,2;20,5;19,9;19,8;19,9;19,6;19,5;19,9;19,9;19,9;20,1;20,2;20,5;20;20;19,8;19,9;20,4;20,5;19,9;20,5;20,2;19,8;19,9;20,6;20,5;20,1;20,1;20,1;20,1;20,220,5;20,5;20,7;20,6;20,7;20,7;20,1;20,5;20,6;19,9;20,2;20,6;20,8;20,5;20,4;20,6;20,2;20,5;20,5;20,4;20,4;20,4;20,8;20,8;20,5;20,2;20,4;20,8;21,4;21,2;20,7;20,9;21,4;20,8;20,8;21,2;20,8;21,1;21,2;20,9;21,1;20,9;20,8;21,4;21,2;21,1;21,4;21,2;21,2;21,5;21,5;21,1;21,8;21,8;21,6;21,2;21,1;20,9;20,9;21,8;21,2;21,5;21,5;21,2;20,8;20,6;21,1;20,8;20,9;20,9;21,4;21,8;21,4;20,8;20,7;21,8;20,6;21,2;21,1;21,1;21,1;21,4;21,5;21,1;21,4;21,2;20,8;20,7;20,7;21,1;21,6;21,5;21,1;20,8;20,7;20,6;20,8;21,1;20,9;20,8;20,6;20,8;20,8;20,8;20,6;20,4;20,7;20,8;20,6;20;20,2;20,4;20,6;20,7;21,1;20,6;20,8;21,1;20,7;20,4;20,7;20;20,4;20,2;20,4;20,6;20,7;20,6;20,5;20,1;21,1;20,6;19,8;19,9;20,6;20,8;20,2;20,8;20,5;20,9;20,4;20,5;20,6;20,6;20,4;20,4;20,6;20,7;20,6;20;20,7;20,1;20,7;20,7;20,4;20,7;20,4;20,2;20,6;20,4;20,6;20,5;20,7;20,1;19,9;20,1;20,6;20,7;20,4;20;20,4;19,6;20,6;20,1;20,2;20,7;20,7;20,8;20,8;20,2;20,5;20,2;20,4;20,1;20,2;19,8;20,2;20,4;20,1;20,2;20,1;20,4;21,2;22,1;25,4;26,8;26,5;26,8;27,4;27,7;27,3;27,2;27,3;27,3;27,2;26,7;28,1;27,9;27,6;26,6;27,9;27,5;28,1;27,7;27,9;27,8;27,3;27,6;27,8;27,8;27,3;27,6;27,3;27,1;27,5;27,3;27,5;27,3;27,9;27,7;27,5;27,6;27,5;27,4;27,4;27,5;27,7;27,6;27,8;27,5;27,1;27,1;27,1;27,1;26,8;27,1;27,7;27,1;27,1;27,2;27,2;27,4;27,2;26,8;26,7;27,2;26,7;27,3;27,1;26,7;27,1;27,3;27,1;27,2;27,2;26,8;27,1;27,1;27,1;26,7;27,1;26,7;26,8;27,1;27,1;26,8;27,1;27,2;27,3;27,2;27,1;27,2;27,1;27,5;27,4;27,2;26,8;27,3;26,8;27,3;27,1;27,2;27,2;27,2;27,2;27,2;27,5;27,4;27,2;27,1;26,8;27,5;27,2;27,4;27,3;27,3;27,3;27,1;27,2;27,2;26,7;27,2;26,8;27,3;26,8;27,4;26,8;27,2;26,6;27,2;26,8;27,3;27,3;27,2;27,2;27,3;27,1;27,2;27,3;27,2;27,3;27,3;27,3;27,5;27,1;27,8;27,1;27,5;27,1;27,5;27,2;27,5;27,2;27,2;27,2;27,6;27,7;27,2;27,4;27,3;27,3;27,3;27,7;27,5;27,5;27,4;27,6;27,5;27,3;27,3;27,2;27,4;27,4;27,5;27,3;27,3;27,4;27,4;27,5;27,3;27,3;27,6;27,3;27,3;27,7;27,3;27,6;27,7;27,6;27,4;27,7;27,1;27,3;27,3;27,9;27,5;27,6;27,8;27,5;27,4;28;27,6;27,8;27,8;27,8;27,6;27,6;27,2;27,5;27,4;27,8;27,6;27,5;27,6;28;27,7;27,5;28;27,8;27,9;27,6;27,8;27,9;27,9;27,9;27,7;27,7;27,9;27,8;27,8;27,8;28;28,4;27,8;28,2;28;28;28,2;28;27,8;28;28,5;28,1;27,9;28,2;28;27,8;28;28,5;28,6;28,1;28,4;28,6;29;28,7;28,1;28,1;28;27,9;27,8;28,2;28,1;27,9;27,6;27,4;27,3;26,6;26,5;25,8;24,8;22,3;21,5;20,4;20,1;20,2;20,2;19,4;19,6;19,9;20;20,2;20,1;19,5;20;20,5;20;20,1;19,9;19,5;20,1;20,2;20;20,1;19,6;19,9;19,6;20,4;19,5;20,1;19,8;20,7;20,2;19,6;19,8;20,4;19,9;20,1;19,9;20,1;19,4;20,1;20;20,1;19,9;19,9;20,5;20,2;19,4;20,1;20,4;19,9;20,4;20;20,2;20;20,2;20;19,9;19,9;19,6;19,6;19,6;19,6;19,6;20;20;19,8;20,2;19,9;19,6;20;20,2;20;19,8;20;20;19,9;19,9;19,8;19,9;19,8;20;20,5;20,2;19,8;19,9;20,1;20,2;20,1;20;20,1;20,4;20,4;20;20,2;20,4;20,1;19,9;20,4;19,9;20,2;19,8;19,9;20,1;20,1;20,5;20,7;19,9;19,5;20,5;20,2;20,4;20,1;20,6;20,1;19,6;20;19,6;19,6;20,7;20,7;20,4;20,1;20,4;20,4;20,1;19,9;19,6;20;20,4;20,2;20;20;19,6;20;19,9;20;20,1;20,5;20,1;19,9;20;19,6;19,8;20,2;19,8;20,5;20,1;19,8;19,4;19,5;19;19,6;20;19,6;19,6;19,8;19,9;19,5;19,6;19,9;19,9;19,2;20,5;19,9;19,3;20,4;19,6;19,3;20,4;20;19,6;19,9;20,4;20,1;19,8;19,9;20,1;20;2020,6;20,4;20,7;20,7;20,7;20,6;20,4;20,7;21,1;20,1;20,6;20,4;21,4;20,7;20,8;20,7;21,1;21,4;21,2;20,9;20,8;21,1;20,7;21,2;20,9;20,8;20,9;21,2;21,4;21,1;21,1;21,1;20,9;20,7;21,1;21,4;21,1;21,2;21,5;20,8;21,5;20,9;20,9;21,8;21,1;20,7;20,9;21,1;21,1;21,1;21,1;20,8;21,4;21,4;20,9;20,9;20,9;20,7;20,5;20,4;20,8;21,4;20,9;20,2;20,5;20,6;20,7;20,1;20,2;21,4;20,7;20,5;20,5;20,9;20,4;21,2;20,8;20,5;20,5;20,6;20,9;20,7;20,9;20,5;20,8;20,6;20,2;20,5;20,6;20,9;21,1;20,9;20,8;20,6;20,5;20,6;20,8;20,9;20,8;20,7;20,7;20,8;20,8;20,8;20,2;20,2;20,6;20,8;21,1;20,6;20,7;20,7;20,5;20,1;20,1;20,5;20,5;20,8;20,5;20;20,8;20;20,1;20;20;20,5;20,9;20,6;20,2;20,4;20,8;20,2;20;20,2;20,4;20,6;20,5;21,1;20,6;20,7;20,5;20,5;20,7;20,1;20,2;20,5;20,4;20,8;20,9;20,1;20,7;20,1;20,6;20,9;20,6;20,6;20,7;20,6;20,2;20,7;20,7;20,8;20,6;20,6;20,4;20,1;20,9;20,6;20,5;20,7;20,8;20;21,4;20,4;20,5;20,5;21,1;20,6;20,5;20,5;20,5;20,8;20,8;20,8;20,8;20,4;20,4;21,1;20,7;20,7;20,8;21,5;21,2;22,1;24,8;26,4;27,3;27,4;27,4;27,5;27,4;27,4;28;28,2;27,6;27,3;27,4;27,5;27,7;27,8;27,9;27,3;27,2;27,5;28;27,9;27,2;28,1;27,8;27,7;27,4;27,2;27,3;27,3;27,4;27,3;27,4;27,4;27,6;27,7;27,5;27,5;27,4;27,4;27,2;27,4;27,4;27,4;27,7;27,2;27,1;27,1;27,1;27,3;27,1;26,7;27,4;27,1;27,2;27,2;27,3;27,4;27,4;26,7;27,1;26,5;27,4;27,2;27,2;26,7;27,2;27,4;27,1;27,1;27,1;27,2;26,8;27,2;27,2;27,1;27,1;26,6;26,8;27,1;26,8;26,8;27,2;27,1;27,3;27,3;27,2;27,5;27,4;27,4;27,4;27,1;27,2;26,7;26,8;27,3;27,1;27,3;27,1;26,8;27,1;27,1;27,2;26,6;27,1;26,8;27,1;27,5;27,3;27,5;26,8;26,7;27,1;27,2;27,1;26,8;27,1;27,1;26,6;26,7;26,8;27,3;26,8;26,8;27,1;26,8;26,7;27,5;27,3;26,7;27,2;27,2;27,1;27,3;27,1;26,7;26,8;27,5;27,4;27,2;26,7;27,3;26,5;27,2;27,3;27,1;27,3;27,5;27,3;27,3;26,8;27,2;27,2;27,1;27,2;27,4;27,4;27,2;27,3;27,2;27,6;27,5;27,5;27,5;27,2;27,1;27,1;27,4;27,3;27,1;27,4;27,4;27,4;27,5;27,4;27,1;27,4;27,6;27,5;27,4;27,3;27,2;27,6;27,2;27,3;27,2;27,6;27,5;27,5;27,1;27,6;27,4;27,6;27,3;27,6;27,2;27,9;27,5;27,6;27,7;27,7;27,5;27,8;27,6;27,4;27,6;28;27,3;27,4;27,7;27,6;27,6;27,8;27,8;27,4;27,9;27,6;27,9;27,7;27,8;27,9;27,6;27,7;27,8;28,1;27,7;27,9;28;28,2;27,8;27,9;27,9;28,1;28,5;28,1;27,8;28;28,1;28,5;28,4;27,8;28,5;28,4;28,1;28,2;28,8;28,2;28,1;27,9;27,8;28;27,8;28,4;28,7;28,5;28,2;28,2;28,6;27,6;27,5;27,4;27,3;27,6;26,7;25,8;23,3;22,2;21,6;20,2;20,5;20,7;20,2;20,7;20,4;20;20,2;20,1;20,4;19,8;20,2;20,4;20;20,1;19,8;20,2;20,4;20,4;20,4;20,2;19,5;20,1;20,4;20,1;19,9;19,9;20;20,7;19,8;20,1;19,6;20,5;19,9;20,4;19,9;20,1;19,6;20,5;19,8;19,5;20;19,6;19,8;19,5;19,4;19,6;20;19,8;19,6;19,6;19,8;20;19,5;19,4;19,6;19,9;19,9;19,9;19,4;19,4;20,2;20;19,8;19,8;20;20;19,8;19,6;20;19,5;19,4;19,5;20;20,1;20,2;20;19,9;19,6;19,6;20,4;20,4;19,8;19,8;20;20,1;19,9;19,8;20;20,6;20,2;20,2;20,1;19,8;20;20,2;20;19,9;20;19,6;19,8;19,8;19,9;19,5;20,5;20;19,9;20,2;19,6;19,6;19,5;19,6;20,4;20,1;19,6;19,4;19,6;20,2;19,9;19,9;20,1;20,4;20,1;20,2;20,5;20,1;19,8;20;20,2;19,9;20,1;19,6;20,4;19,5;20,2;19,9;20,8;20,2;20;20,2;19,8;20;20,5;20;20,5;19,9;19,9;20;20,4;20,1;19,8;19,9;20,2;20,5;20,5;20,2;20,1;19,9;20,5;20,6;20,4;19,9;20,7;19,9;20,2;20,2;19,9;20,4;20,4;19,9;20,1;19,8;20;20,2;20,1;20,2;20,4;20,220,5;20,4;20,9;20,8;20,7;20,5;20,2;20,7;21,1;20,6;20,8;20,4;21,4;20,5;20,6;20,2;20,6;20,5;20,9;20,4;20,9;20,4;20,1;20,1;20,6;20,6;20,7;20,9;20,9;20,8;20,6;20,9;21,2;20,7;21,1;21,2;21,5;21,2;20,7;20,8;21,5;20,9;21,1;21,2;20,9;20,6;20,9;20,6;21,2;21,1;20,9;20,6;21,1;21,1;20,8;20,8;20,8;20,7;20,8;20,7;20,4;20,7;21,1;20,9;20,9;21,4;20,5;20,9;21,1;20,6;20,5;20,6;20,4;20,7;21,4;20,6;20,5;20,6;20,8;20,5;20,1;20,5;21,1;20,7;20,5;20,5;20,4;20,8;20,7;20,6;20,6;20,6;20,8;20,7;20,6;20,7;20,9;20,9;20,8;20,6;20,9;21,1;20,7;20,8;20,7;20,7;20,9;20,8;21,1;21,2;21,1;20,5;20,4;20;20,1;20,6;20,8;21,4;20,9;20,6;20,5;20;20,4;20,7;20,4;20,5;21,4;20,1;20,8;20,5;21,5;20,2;20,7;20,7;20,7;20,8;20,5;20,9;20,1;20,8;20,8;20,6;21,1;20,2;20;20,8;20,5;21,1;21,5;20,6;20,8;20,6;20,6;20,9;20,8;21,1;20,8;20,8;20,5;20,8;20,8;20,5;20,2;20,7;20,2;20,4;20,7;20,5;20,5;20,4;20,6;20,4;20,8;20,4;20,1;20,5;20,6;20,4;20,1;20,5;20,4;20,2;20;20,4;20,8;20,5;20,2;20,1;20,6;21,5;20,8;20,4;20,4;20,7;22,7;25,8;27,2;26,5;26,7;27,6;27,7;27,9;27,5;27,2;26,8;27,5;27,5;27,6;27,5;27,2;27,2;27,2;27,8;27,5;27,4;27,4;27,3;27,4;26,7;27,1;26,7;27,5;27,1;27,2;27,3;27,1;26,8;27,2;27,3;27,1;26,7;27,4;27,3;27,2;27,2;27,2;26,6;27,1;27,2;26,7;27,2;26,6;26,7;26,8;27,2;26,3;27,2;26,6;27,1;26,8;27,2;27,1;27,2;26,4;26,7;26,3;27,4;26,8;27,3;26,6;26,6;26,7;26,6;26,5;26,8;26,8;26,6;26,6;27,1;26,8;26,6;26,5;26,6;26,5;26,6;26,7;26,7;26,7;27,1;26,8;26,7;26,7;26,7;27,1;27,1;26,8;26,8;26,3;26,5;26,5;26,5;26,6;26,8;27,1;26,7;26,6;26,7;26,7;27,1;26,6;26,4;27,2;26,6;27,1;27,3;26,6;26,7;27,2;26,6;26,7;26,7;26,7;26,2;26,3;26,7;27,2;26,4;26,7;26,6;26,8;26,5;27,4;27,2;26,8;26,7;26,8;26,5;26,7;27,1;26,5;26,8;26,7;27,4;26,8;27,1;26,6;26,4;26,7;26,7;26,8;27,1;26,8;26,7;27,1;26,7;26,7;26,6;26,6;26,7;27,4;27,2;26,6;26,8;26,8;27,1;27,2;27,1;27,2;26,6;26,5;26,7;27,1;27,1;26,8;27,2;27,2;27,3;27,3;27,3;27,1;27,2;27,2;27,2;27,1;27,1;27,2;27,5;27,1;27,6;26,6;27,4;27,7;27,1;26,8;27,3;27,3;27,4;26,7;27,2;26,7;27,5;27,2;27,5;27,3;27,6;26,8;27,4;27,3;26,8;27,4;27,7;27,1;27,5;27,5;27,6;27,5;27,6;27,4;27,3;27,7;27,7;27,3;27,8;27,5;27,9;27,4;27,8;27,5;27,8;27,4;27,9;27,6;27,6;27,7;27,9;27,9;27,6;27,9;28;27,7;28,2;28;27,8;27,8;28,1;28,1;27,9;28,2;28,8;28,5;27,7;27,9;28,4;27,8;27,7;28,5;28;27,7;27,7;27,5;27,8;27,5;27,4;27,4;27,1;27,4;27,4;26,1;24,4;23,3;20,4;20,8;20,7;20,4;20,2;20,6;20,5;20,6;20,8;20,4;20,4;19,9;19,8;19,8;20,5;20,1;20,2;19,8;20,4;20,2;20,4;20,4;20,1;19,5;20,2;20,4;20,2;19,9;20;20,4;20,4;20;20,4;20,2;20,5;20;20,2;20;20,2;20,1;20,4;20;20,4;20;20,6;20,2;20,1;19,9;20,1;20,4;20,4;20,8;20,6;19,8;20,1;19,6;20,4;19,9;19,8;19,8;19,6;20,2;20,8;20,4;20,2;20,6;20,1;19,9;20,2;20,5;20,4;20,4;20,1;20,2;19,9;20,1;20,4;20,2;20;20,5;20;19,9;20,4;20,1;19,9;20,1;20;19,9;20;20;20,2;20,4;20,2;20,5;20,1;19,6;20,2;19,9;20;20,6;20,2;19,8;20,2;19,6;19,9;20,2;20,2;20,2;19,8;19,9;20,1;19,8;19,3;19,5;19,5;19,9;20;20,4;20,1;19,9;19,5;19,5;19,6;19,8;20,1;19,9;19,5;19,9;19,8;19,8;20,1;20,1;20,1;19,8;20,1;19,4;20,2;19,6;20,4;20,2;19,8;20,2;19,9;19,6;20,7;20,1;20;19,3;19,4;19,6;19,9;19,6;19,5;19,8;19,9;20;19,9;19,9;20,4;20,1;20,2;19,9;19,3;20,6;19,8;20,1;20,4;20,1;20;20,4;20,2;19,9;19,9;19,6;20;20,6;20,4;20;20,4;20,220,6;20,5;20,8;20,6;20,4;20,2;20,2;20,6;20,7;20,6;20,7;20,4;20,8;20,7;20,4;20,6;20,5;20,2;20,4;20,5;20,6;20,2;20,6;20,2;20,6;20,7;20,5;20,6;20,5;20,5;20,8;20,9;20,9;20,9;21,1;21,4;20,9;21,1;20,9;20,9;21,5;21,1;21,2;20,7;21,1;20,8;21,2;20,5;21,1;21,1;21,1;20,8;21,5;21,2;21,2;21,9;21,5;20,9;20,8;21,1;21,1;21,2;21,4;21,1;20,7;21,2;20,9;21,1;21,4;20,7;20,7;21,1;20,9;21,4;21,1;21,2;20,7;20,9;21,9;21,1;20,8;21,2;21,2;20,8;20,5;20,8;20,6;20,9;20,6;20,6;20,6;20,5;20,6;20,7;20,8;20,5;20,5;20,8;21,2;20,9;21,1;20,9;20,8;21,2;20,9;20,9;21,1;20,9;20,6;20,6;20,7;20,5;20,9;20,7;20,5;20,7;20,5;20,9;21,1;20,7;20,6;20,7;21,1;20,6;19,8;20,8;20,8;20,4;20,8;20,1;20,7;20,6;21,1;20,7;20,4;20,9;20,5;20,8;20,2;20,7;20,4;20,5;20,6;20,5;20,2;20,7;20,5;20,7;21,1;20,5;20,8;20,7;20,2;20,5;20,5;20,7;20,5;20,5;20,2;20,6;20,8;20,2;20;20,5;20,2;20,1;20,2;20,5;20,2;20;20,4;20,6;20,4;20;20,1;20,1;20,4;20,1;20,5;20,5;20;20,7;19,6;20,8;20;20,2;19,9;20,4;20,4;20,1;20,5;20,1;20,4;20,6;21,4;23,5;25,6;26;26,6;26,8;26,8;26,6;26,3;27,6;27,3;27,1;27,3;26,8;27,4;26,5;26,8;27,1;27,2;27,1;27,2;27,4;27,3;27,5;27,5;27,2;26,6;27,3;27,4;26,7;26,6;27,3;26,6;26,6;26,7;26,8;26,7;27,2;27,2;27,2;26,8;26,8;27,3;26,6;27,1;26,8;26,7;26,7;26,6;26,5;27,1;26,4;27,2;26,6;27,1;26,4;27,1;26,7;26,8;26,4;26,7;26,6;27,1;26,6;27,3;26,7;26,7;26,4;26,5;26,5;26,8;26,6;26,5;26,5;26,7;26,5;26,7;26,6;26,5;26,3;26,5;26,7;26,6;26,8;27,1;26,5;26,5;26,7;26,7;26,7;26,7;26,8;26,8;26,5;26,5;26,4;26,5;26,8;26,8;26,8;27,1;26,7;26,8;26,8;26,7;26,5;26,6;26,7;26,3;26,8;27,3;26,7;26,7;27,2;26,4;26,6;26,5;26,7;26,8;26,8;26,6;27,2;26;26,7;26,5;26,6;27,1;27,2;26,8;27,3;27,1;26,8;26,4;27,2;27,1;26,8;26,8;27,1;26,7;27,1;27,1;26,7;26,6;27,1;26,8;27,1;27,2;27,1;26,8;26,6;27,2;26,8;26,7;26,4;26,7;26,8;27,2;26,8;26,6;26,8;26,7;26,8;26,8;27,1;26,8;26,7;26,8;26,8;26,8;26,8;27,2;27,1;27,2;27,3;27,4;27,2;27,1;26,8;26,8;26,8;27,2;27,2;27,4;27,2;27,4;26,5;27,4;27,3;26,8;27,3;27,4;27,3;27,4;27,3;26,8;26,6;27,1;27,2;27,6;27,1;27,4;26,7;27,4;27,1;27,2;27,2;27,4;27,3;27,4;27,1;27,7;27,5;27,5;27,5;27,3;26,8;27,5;27,4;27,5;27,3;27,6;27,3;27,4;27,3;27,5;27,5;27,6;27,2;27,6;27,4;27,4;27,1;27,1;27,7;27,7;27,7;27,4;27,6;27,4;27,3;27,7;27,7;27,9;28,1;27,9;27,6;28,5;27,2;27,3;27,6;27,4;27,9;28;27,8;27,6;27,6;27,2;27,7;26,7;27,3;27,1;25,7;26,1;24,6;23,1;21,2;20,5;19,9;20,4;20;20;19,9;20,4;19,8;20,4;20,1;19,9;19,9;19,9;19,9;20;20;20;19;19,8;19,6;20;19,8;20,2;19,6;20;20,1;20,1;19,6;20,1;19,8;20;20,6;20,4;20,1;20,2;20,1;20;19,8;20,1;19,9;20,2;19,9;20;20;20,2;20,5;20,1;20,2;19,5;19,9;20,2;20,2;20,4;19,4;19,4;20,4;20,4;20,2;20,5;19,9;20,2;19,9;20,1;20,2;20,1;20;20,1;20,5;20,4;19,8;19,4;19,9;20,5;20,4;20,1;20,1;20,1;20,1;19,9;20,1;20,1;20,1;20,2;19,9;19,8;20,1;20;19,8;20,1;20,5;20,4;20,1;20,2;20,1;20,4;19,9;20,4;20,2;19,9;20,8;20,1;19,5;20,5;19,9;20,9;20,2;19,9;20,7;20,7;19,9;19,9;20,2;20,4;20,4;20;20,2;20,4;19,9;19,9;20,1;20,5;20,4;20,1;20,6;20,4;20,2;20,4;20,4;20,4;20,6;20,2;20,1;20,2;20,2;20,1;19,5;20,4;19,9;20;20,1;20,1;19,8;20;20,2;20,2;19,8;19,9;19,8;19,6;19,8;20;19,9;19,4;19,5;20;20;19,9;19,5;19,8;20,1;19,8;19,6;19,8;20,1;20,1;20,1;20,5;20,2;19,4;20,4;20;19,4;19,6;20;20;20,2;20;19,8;20;19,920,8;20,7;20,5;20,4;20,4;20,6;20,8;20,8;20,8;20,7;20,7;20,8;20,7;20,8;20,6;20,9;20,5;20,1;20,6;21,1;20,9;20,5;20,9;21,1;20,9;21,1;21,1;20,8;20,5;20,7;21,4;21,6;21,5;21,5;21,2;21,5;20,7;20,8;21,2;20,8;21,1;21,1;21,2;20,9;21,1;20,9;21,4;20,6;20,6;20,7;21,2;20,9;21,6;21,2;21,1;21,1;20,9;21,2;21,2;20,9;21,2;21,1;20,6;20,6;20,7;20,7;20,7;20,7;20,6;20,9;20,8;21,1;20,4;20,2;20,8;20,9;20,8;21,8;22,1;20,7;20,5;20,7;20,8;20,5;20,4;20,8;20,7;20,8;20,5;20,5;20,8;20,9;20,5;20,7;20,7;20,5;20,2;20,4;20,7;20,8;20,8;20,5;20,6;20,8;20,6;20,4;20,6;20,6;20,4;20,2;20,4;20,4;20,4;20,2;20,2;20,1;19,8;20,6;20,4;20,8;20,5;20,6;20;19,5;20,2;20,6;20,1;20,1;20,5;20,6;20,7;20,5;20;20,7;20,4;20,8;20,5;20,5;20;20,7;20,2;20,4;20,2;20,5;20,5;20,7;20,2;20,4;20,8;20,4;21,1;20,7;20,1;20,6;20,5;20,4;20,5;20,5;20,2;20,5;20,7;20,4;20,4;20,8;20,6;20,1;20;21,1;20,7;20,4;20,8;20,6;20,6;20,7;20,4;20,2;20,6;20,8;20,5;21,1;20,5;20,2;20,6;21,1;19,6;20,7;20,7;20,9;20,5;20;20,9;20,5;21,4;21,1;21,8;22,2;23,4;25,5;26,5;26,8;27,4;27,2;26,8;27,4;27,5;27,5;27,2;27,3;27,1;27,4;26,8;27,5;27,6;27,8;27,2;27,8;27,1;27,6;26,8;27,3;26,8;27,2;27,1;26,8;26,6;27,2;26,8;26,7;26,7;27,2;27,1;26,8;27,3;26,7;26,8;26,6;26,7;26,6;26,7;26,8;26,8;26,6;27,2;26,2;26,7;26,3;26,7;26,7;26,7;26;26,8;26,7;26,7;26,4;26,6;26,4;26,8;26,2;26,6;26,7;26,5;26,3;26,6;26,6;26,4;26,1;26,3;26,2;26,2;26,2;26,4;26,2;25,8;26;26,1;26,3;26,3;26,4;26,4;26;26,1;26,5;26,5;26,3;26,3;26,3;26,3;26,2;26,1;26,2;26;26;25,6;25,8;26,4;26,4;26,5;26,5;26,4;26,1;26,5;26,2;26;26,4;26,5;26,1;26,4;26,4;26,1;25,8;25,7;26,1;26,6;26,4;26,3;26,4;25,7;26,1;26,1;26,2;26,5;26,4;26,2;26,6;26,4;26,3;26,1;26,5;26,2;26,4;26,1;26,4;26,4;26,5;26,6;26,5;26,5;26,2;26,3;26,6;26,5;26,6;26,4;26,2;26,5;26,4;26,5;26;26,4;26,5;26,7;26,7;26,5;26,4;26,3;26,4;26,6;26,8;26,7;26,6;26,6;26,6;26,5;26,6;26,8;26,6;26,6;27,1;27,1;26,7;26,7;26,7;26,7;26,7;26,7;26,8;26,7;26,8;26,8;26,6;27,1;26,6;26,6;27,3;26,7;26,8;27,1;27,2;27,1;26,8;26,8;27,1;27,3;26,7;27,3;26,8;27,5;26,7;26,8;26,8;27,4;27,4;26,8;27,5;27,7;27,2;27,7;27,3;27,3;27,2;27,5;27,4;27,7;27,3;27,7;27,4;27,4;27,6;27,7;27,8;27,7;27,7;28,5;27,4;27,3;28;27,9;27,5;27,9;27,9;28,2;27,4;28;27,7;28,1;27,8;27,9;27,8;27,8;28,1;27,4;27,8;28;27,5;28,2;27,8;27,7;28,4;27,3;28,1;27,5;27,2;27,6;27,1;26,6;26,2;25,5;23,7;22,6;21,4;20,6;20,8;20,5;20,5;20;20,2;20,6;20,2;20,1;19,9;20,2;20,2;20,6;20,4;20,2;20,1;20;19,4;20,2;19,9;20,2;19,9;20,5;20,4;20,4;20;20,2;19,9;20,4;20;20,2;20,5;20,5;20,2;20,2;20,2;19,9;19,9;20,6;19,6;21,1;19,8;19,8;19,8;19,9;20,1;19,8;19,6;19,5;19,8;19,5;20,1;19,3;18,8;19,8;19,6;19,6;20,2;20,4;19,9;19,6;19,9;20,1;20;19,9;19,8;19,6;20,6;20,7;20,4;19,8;19,6;20,1;20;20;19,9;19,8;20;19,9;19,8;20;20;19,6;19,5;19,6;19,8;20;19,6;19,8;20,1;19,8;20;20,1;19,8;20,1;20;20;19,8;19,3;20;20,1;19,8;20;19,6;19,9;20,1;19,9;20,4;19,8;19,9;20,4;20;20,1;20;20,2;20,1;20,2;20,2;19,9;19,8;20,4;20;19,6;19,9;20,1;20,1;20,4;20,2;20,1;20,4;20;20,1;20,1;20,2;20;19,6;20,6;20;19,9;20,1;20,2;19,8;19,9;20,8;20,6;20,2;20,1;20,1;20,2;20,2;20,1;20,2;20,4;20,5;20,4;19,9;20,1;20,1;19,8;19,4;20,9;19,8;20,1;20,7;20,6;20,1;20;20,6;19,6;21,1;20,4;19,6;20;20,4;20,1;20,2;20,1;19,8;20,1;19,920,9;21,2;20,8;20,7;20,8;20,9;20,8;20,8;20,7;20,6;20,8;20,9;20,6;20,6;20,5;20,7;20,6;20,1;20,8;20,8;20,8;21,2;20,5;20,6;20,9;20,9;20,8;21,1;20,7;20,5;20,8;21,1;20,9;21,2;21,5;21,6;20,9;20,9;20,9;20,9;21,2;21,1;21,2;20,9;20,7;20,7;21,2;20,6;20,8;20,7;20,9;20,9;21,1;20,7;20,9;20,8;20,8;20,5;20,5;20,5;20,6;20,8;20,8;21,1;20,9;20,7;20,6;20,6;20,2;20,6;20,8;20,5;20,4;20,7;21,1;20,8;20,7;20,8;20,9;20,7;20,5;20,4;20,7;20,6;20,7;20,8;20,6;20,7;20,2;20,5;20,6;20,9;20,6;20,7;20,7;20,7;20,5;20,5;20,5;20,7;20,9;20,8;20,8;20,9;20,6;20,4;20,8;20,8;20,6;20,7;20,8;20,6;20,9;20,7;20,4;20,8;20,7;20,8;20,9;20,7;20,6;20,6;20,1;20,4;20,8;20,7;20,8;20,5;20,4;21,2;20,8;20,7;21,2;20,6;21,1;20,9;20,9;20,7;20,4;20,6;20,8;20,4;20,8;20,2;20,5;20,9;20;20,6;20,7;20,4;21,1;20,9;20,6;20,6;20,6;20,6;20,7;20,6;20,6;20,7;20,5;20,4;20,4;20,7;20,6;20,2;20,2;20,6;20,9;20,4;20,2;20,5;20,4;20;20,2;20,6;21,1;20,5;20,8;20,7;20,8;20,4;20,1;20,6;20,8;20,1;20,9;20,4;20,1;20,4;20,7;20,8;20,9;20,8;21,2;21,6;21,8;22,5;24,3;25,4;26,4;25,8;26,4;25,7;26,6;26,1;26,1;26,5;26,4;26,5;26,3;26,2;27,4;26,2;27,1;26,7;26,4;26,7;26,5;26;26;26,1;25,6;25,7;26;25,7;25,6;25,6;25,8;25,6;25,7;25,4;25,7;25,6;25,2;25,5;25,4;25,4;25,2;25,5;25,2;25,3;25,5;25,1;25,4;25,1;25,3;25,3;25,3;24,8;25,2;25,2;25,3;25,3;24,8;24,7;25,1;24,6;25,2;25,3;24,8;24,8;25,1;25,2;24,7;24,5;24,5;24,4;24,5;24,7;24,5;24,3;24,3;24,5;24,3;24;24,4;24,5;24,6;24,3;24,4;24,6;24,6;24,7;24,5;24,5;24,5;24,4;24,4;24,3;23,8;23,9;23,8;24,4;24,7;24,5;24,8;24,8;24,7;24,4;25,1;24,4;24,8;24,7;24,4;24,3;24,5;24;24,3;24;24,3;24,5;24,7;24,5;24,4;24,5;24;24,7;24,5;24,5;24,3;24,5;24,4;24,3;24,7;24,6;24,5;24,6;24;24,7;24,5;24,6;24,6;24,6;25;24,8;25;24,4;24,5;25,1;25,1;24,8;24,6;24,6;24,4;24,6;24,6;24,6;24,5;24,6;24,4;24,7;24,8;25,2;25;25;25,1;25,4;25;24,6;24,7;24,8;25,3;25,4;25,2;25;25,3;25,4;25,3;25,2;25,2;25,2;25,5;25,4;25,1;25,3;25,4;25,5;25,6;25,6;25,8;25,5;25,6;25,7;25,1;25,7;26;25,4;26,2;25,4;26,1;25,7;25,5;25,6;25,8;26,2;26,5;25,7;25,8;25,7;26,2;26,1;26,3;26,3;26,5;26,1;26,3;26,2;26,5;26,6;26,3;26;26,8;26,3;26,5;26,6;26,8;26,8;27,3;26,5;27,3;27,1;26,8;27,4;26,5;27,9;26,8;27,4;28;27,4;27,6;27,4;27,7;27,3;27,7;27,8;27,6;27,5;28,1;27,8;27,9;27,1;27,6;27,4;27,1;27,4;27,2;27,7;27,3;26,8;26,8;27,3;26,1;26,1;26;24,8;23;22,2;21,2;21,2;20,4;20,6;20,5;20,5;19,9;20;20,4;20,6;20,1;20,2;20,4;20,2;20,5;20,1;20;20,1;20,2;20;20,4;20,4;20,8;20,1;20,5;20,5;20,2;20;20,5;19,9;20,1;20,4;20,4;20,4;20,4;20,5;20,4;20,4;20,2;19,9;20,7;19,9;20,6;20,1;19,9;20,2;20,7;20,5;20,2;20,5;19,8;20,4;20,2;20,1;19,9;20,2;20,5;20,1;20;20,1;20;20;20,1;20;20,5;20;20,1;20,1;20;20,1;20,2;20,7;20,5;20,4;20,1;19,8;20;19,9;19,8;19,8;20;20;20;20;19,8;19,6;19,9;20,1;20,1;19,8;20;20;20,1;20,4;20,1;20;20;19,8;20;19,4;19;19,9;19,9;19,3;19,8;18,9;19,3;20;19,8;19,5;19,8;19,6;19,5;20;19,9;19,9;20,2;19,6;19,6;19,9;19,8;19,4;19,4;19,8;19,6;19,8;19,9;19,4;19,4;19,6;19,5;19,5;20,1;20;20;19,9;19,5;19,8;20,5;19,6;19,8;20;20;19,9;20,2;20,4;20,5;20,5;20;19,9;20,2;20,2;19,9;19,8;20,1;20,2;19,9;19,9;19,9;20,2;20,8;20,1;19,6;19,6;20;20,8;19,9;19,8;20;20,2;20,1;20,8;20,2;20;20,1;20,4;20,1;20,4;20,6;20;20,6;20,420,1;20,7;20,6;20,7;20,9;20,5;20,2;20,5;20,5;20,5;20,8;20,8;20,4;20,5;20,5;20,6;20,9;20,7;20,6;20,4;20;20,8;21,4;20,7;20,2;20,4;20,5;20,7;20,9;20,7;20,7;20,7;20,5;20,2;20,4;20,5;20,7;20,7;20,8;21,6;21,9;20,9;20,9;20,8;20,6;20,4;20,9;20,7;21,1;20,9;20,9;21,2;20,9;20,7;21,1;20,9;20,9;20,7;20,6;20,6;20,6;20,7;20,8;21,1;21,1;20,9;20,7;20,7;20,8;21,5;20,9;20,6;20,7;21,4;21,5;21,1;20,5;20,7;21,2;21,4;20,6;20,4;20,7;20,7;21,5;21,1;20,7;21,1;20,7;20,8;20,9;21,1;20,6;20,5;20,8;20,8;20,8;20,8;20,7;20,7;20,9;20,9;20,9;20,9;20,6;20,5;20,9;21,1;20,5;20,6;20,5;20,5;20,6;20,5;20,8;20,5;20,4;20,1;20,4;20,4;20,5;20,6;20,5;20,4;20,4;20,4;20;21,8;20,7;20,2;20,7;20,7;20,2;20,7;20,7;20,6;20,5;20,8;21,1;20,6;20,9;20;20,8;20,2;20,4;20,8;19,8;20,7;20;20,2;20,4;20,7;20,8;20,2;20,8;20,8;20,7;20,6;20,5;20,6;20,6;20,2;20,5;20,5;20,6;20,1;20;20,5;20,7;20,4;20,2;20,2;20,4;20;20;20,6;20,8;20;20,6;20;20,6;20,4;20,4;20,4;20,6;19,9;20,6;20,8;19,8;20,4;20,6;21,1;20,7;20,4;20,9;21,1;21,1;21,4;22,3;22,3;22,9;22,9;23,7;23,7;23,7;23,5;23,6;23,7;24;23,9;23,7;23,6;24,6;24,5;23,6;24,3;23,6;24,4;24,4;23,8;23,7;23,3;23;23,3;23,1;23,1;23,5;23,5;23,6;23,3;23,6;23,1;23,9;23;23,3;23,1;23,1;23,1;23,1;22,8;22,5;22,7;23;22,8;23,1;22,9;23;22,8;23,1;22,8;23,1;22,9;23;23;22,8;22,8;22,9;23,1;23,3;22,9;22,7;22,8;22,7;22,8;22,9;22,7;22,3;22,3;22,6;22,7;22,3;22,3;22,6;22,6;22,2;22,2;22,3;22,5;22,7;22,5;22,3;22,5;22,7;22,8;22,6;22,7;22,7;22,5;22,5;22,2;22,1;22,3;22,5;22,5;22,6;22,7;22,6;22,8;22,8;22,7;23,3;22,7;22,7;22,7;22,7;22,5;22,3;22,6;22,5;22,5;22,6;22,6;22,8;22,7;22,1;23;22,1;23,1;22,7;22,7;22,8;22,7;22,6;22;22,9;22,8;22,7;22,5;22,5;22,9;22,7;22,7;22,6;22,5;22,8;22,6;22,7;22,8;22,6;22,8;22,9;22,8;22,5;23;22,6;22,6;22,5;22,6;22,6;22,7;22,1;22,6;22,7;23,1;22,9;23;22,9;23;22,8;22,5;22,5;22,8;23,4;23,1;22,7;22,8;23,1;23;22,8;22,8;23;23;23,1;23;23;23,1;23,3;23;23,4;23,1;23,5;23,4;23,4;23,6;23,1;23,4;23,9;23;23,7;23,3;23,8;23,5;23,4;23,6;23,6;23,8;24,3;23,5;23,8;24,3;24,4;23,8;24,7;23,7;24,3;24,4;24;24,3;24,5;24,7;25,1;24;24,7;24,4;24,8;24,8;25,4;24,7;25,2;24,5;25;26;26,1;25,5;25,2;25,7;25,1;25,8;25,7;26,1;26,3;26;25,3;25,6;26,3;25,5;25,7;25,8;26,1;26,1;26,2;25,6;25,6;25,8;25,4;25,7;25,6;26,5;25,7;25,4;26,1;25;24,6;24,8;24,4;22,6;22,2;21,1;20,4;20,5;20,9;20,4;20,6;20,7;20,4;20,4;19,8;20,5;20,2;20;19,9;19,9;20,2;20,1;19,6;20,4;20,7;20,1;20;20,2;20,6;19,9;20,2;20,2;19,6;19,9;20,2;20,1;19,5;20;20,1;20,4;20,1;20,1;20,1;20,4;20,4;19,5;20,1;20,2;20,2;20,2;20,5;19,4;20,4;20,4;19,6;20,5;19,6;20,4;19,8;20,2;19,8;19,6;19,8;20,1;20,6;19,9;20,2;20,2;20;19,5;19,6;20,5;20,5;20,1;20,5;20,2;20,5;20,7;20,1;20,1;19,9;19,9;19,8;20;20;19,9;20;20,2;20,6;20,4;20,1;20,1;20,1;20,5;20;19,9;19,9;19,9;20,4;20,2;20,1;20,2;19,9;20;20,4;19,5;20,2;19,9;20;19,5;19,8;20,1;20;20,8;20,6;20;20,1;20,5;20,4;20,7;20,4;20,6;20,6;20;20,2;20,4;20,6;20,6;20,4;20,2;20,1;20,2;20,4;20;19,9;19,9;20;19,8;20,6;20,2;19,9;19,6;19,6;19,8;20,4;19,5;19,5;20;19,8;19,8;20,4;20,2;20,4;20,1;19,6;19,5;19,8;20;19,8;19,9;19,8;19,5;19,8;19,4;19,6;19,4;19,8;19,6;19,5;19,5;19,4;20,4;19,6;19,4;19,8;19,5;20;20,2;20;19,5;19,9;20,2;20,1;20,2;20;19,8;19,9;19,820,5;20,1;20,1;20,4;20,2;20,1;20,2;20,6;20,7;20,7;20,7;20,8;20,7;20,6;20,7;20,9;20,8;20,5;20,9;20,2;20,5;21,1;21,8;20,4;20,8;20,5;20,8;20,8;20,8;20,8;21,1;21,1;20,8;20,6;20,7;20,8;20,9;21,1;21,2;21,5;21,2;21,2;20,9;21,1;20,9;20,5;21,1;20,8;20,7;20,9;21,2;20,9;21,1;20,8;21,1;20,9;20,7;20,5;20,8;20,9;20,5;20,1;20,5;20,8;20,9;20,8;20,7;20,9;20,5;20,7;20,7;20,4;20,7;20,8;20,9;20,7;20,6;21,1;20,8;20,8;20,6;20,2;21,1;20,6;20,6;20,1;20,7;21,1;20,9;20,2;20,8;20,8;20,6;20,6;20,4;20,8;21,1;20,8;20,7;20,6;20,8;20,6;20,7;20,7;20,5;20,5;20,9;21,2;20,4;20,1;20,4;20,6;20,7;20,6;21,1;20,5;20,2;20,5;20,4;20,5;20,7;20,4;20,5;20,6;20,1;20,2;20,7;20,6;20,6;20,1;20,6;20,9;20,4;20,5;20,7;20,7;20,9;20,7;19,9;20,4;20,4;20,2;20,4;20,5;20,4;20,2;20,2;20,6;20;20,2;20,6;20,8;20,7;20,4;21,1;21,1;20,8;20,6;20,4;20,5;20,7;20,2;20,5;20,7;20,7;20,1;20;20,5;20,2;20,7;20,5;20,2;20,8;20,2;20,2;20,2;20,5;20,4;20,5;20,7;20,8;20,4;20,2;20,7;20,7;19,5;20,7;20,4;19,9;20;20,4;20,4;20,7;20;20,2;20,6;20,7;20,5;21,5;21,5;22,5;21,4;21,6;22,1;21,8;22,1;22;22,1;21,9;21,9;22,2;21,6;22,6;22,2;22;22,3;22,3;22;22;22,1;21,6;22,1;22,2;22,1;22,2;22,1;22,2;22,1;22,1;22;22,1;22,2;22,3;21,8;22,1;21,9;21,8;21,8;22,2;21,5;21,8;21,6;22;21,8;21,9;21,8;22,1;21,5;21,9;21,6;21,9;22;21,8;21,5;22;21,9;21,9;21,9;21,9;21,5;22;21,8;21,6;21,6;21,9;21,8;21,8;21,8;21,9;21,8;21,6;21,8;21,8;21,9;21,8;21,8;21,5;21,4;21,6;21,6;21,5;21,8;22;21,8;21,5;21,8;21,9;21,8;21,5;21,2;21,2;22,1;21,8;21,5;22;22,1;21,9;22;21,9;21,8;22,1;22;21,6;21,8;22;22,1;21,6;21,9;21,9;21,5;21,8;21,9;21,9;21,6;21,4;22,1;21,2;21,9;21,6;21,5;21,9;22;22;21,9;22;21,8;21,9;21,9;21,9;22,1;21,9;21,8;21,8;21,8;21,8;21,8;21,4;22;21,9;22,2;22;22,2;21,8;22;21,6;22,2;21,6;21,6;21,6;21,8;21,5;21,8;21,9;21,9;21,5;21,8;21,8;21,9;22;21,8;21,6;21,8;21,8;21,6;21,5;21,6;21,8;21,5;21,5;21,5;21,8;22;21,6;21,6;22;21,8;21,8;21,2;21,6;21,4;21,6;21,8;21,8;22,1;21,5;21,4;21,9;21,5;21,5;21,8;22;21,6;22;22;22;21,6;22,1;22;22,2;22,2;22,1;22,2;22,7;22,5;22;22,7;22,5;22,3;22,3;22,1;22,5;22,3;22,2;22,6;23;22,3;22,8;22,6;23,5;23;23;23,1;22,8;22,7;23,1;22,3;22,3;22,3;23;23;22,7;22,2;22,5;22;21,8;22,5;23;22,6;23;23;22,1;22,7;22,5;23,5;22,6;22,9;22,9;22,3;22,2;22,8;22,9;22,8;22,5;22,1;22,3;21,4;21,6;20,7;20,4;20,2;20;20,5;20,7;20,4;20,4;20,4;20,4;20,1;20,5;19,9;20,1;19,6;20,1;20,4;20,1;20,1;20,6;20,1;19,6;20,4;20,2;20,2;20,5;20,1;19,9;19,9;20,5;20,2;19,6;20,5;19,6;20,4;20,6;19,9;20,1;20,6;20,2;20,4;19,8;19,8;20,5;20,2;20,5;20;20,1;20,4;20,4;20,5;19,6;19,4;20,2;20,5;20;20;20,2;20,2;20,2;19,4;20;19,8;19,6;20,2;20,5;20;19,9;19,6;19,3;20;20;20,2;20;19,8;19,6;19,8;19,8;19,8;19,9;20;20,1;20,2;20,4;20,4;20,1;20,1;20;20,4;19,9;20;19,8;20,2;20,5;20;20,1;20,1;19,4;19,6;20,4;20,1;19,8;20;20,7;20,1;20;20,1;20,2;20,6;20,6;19,4;19,9;20,2;20,7;20,5;19,8;19,6;19,4;19,6;19,8;20;20,2;19,9;19,8;20;20;20,1;20,6;20,4;20,1;20,1;20,4;20,4;20,4;20,1;20;19,8;19,9;19,5;20,6;19,9;20;20,5;20;19,5;20,1;19,8;20,1;20,4;20;20;20,4;20,4;20,2;20,1;20,1;20,4;20,2;19,9;20,2;20,2;20;19,6;20,5;20,2;19,6;20,5;20,1;19,9;20;19,5;20;20,5;20,2;19,6;19,8;20,1;20,1;19,9;19,5;19,4;19,6;19,620,7;20,5;20,4;20,9;20,9;20,7;20,9;20,9;21,1;20,8;20,6;20,8;20,8;20,7;20,8;21,1;20,7;20,4;20,7;20,4;20,7;20,5;20,6;20,8;20,4;20,8;20,7;21,1;20,7;20,6;20,6;20,9;20,7;20,2;20,8;21,1;20,8;21,1;21,1;20,7;20,8;20,6;20,7;20,6;20,6;20,6;21,1;20,5;20,6;20,8;20,8;20,2;21,4;20,8;20,4;20,8;20,8;20,4;20,7;20,5;20,2;20,7;20,9;20,7;20,4;20,9;21,1;20,6;20,7;20,9;20,6;20,4;20,7;20,7;21,2;20,6;19,4;20,7;20,7;20,6;20,7;21,4;20,2;20,9;20,2;20,5;20,4;20,5;20,6;20,6;20,8;20,8;20,5;20,7;20,2;20,7;20,9;20,8;20,7;20,7;20,7;20,8;20,8;20,5;20,4;20,6;20,7;20,6;20,4;20,4;20,2;20,2;20,5;20,2;20,1;20,5;20,7;20,5;20,6;20,4;20,5;20,6;20,2;20,6;20,5;20,6;21,1;21,1;20,5;20,2;20,2;20,2;20,1;20,5;20,1;20;20,2;20,8;20,2;20,4;20,6;20,6;20,5;20,8;20,4;20,6;20,7;20,8;20,5;19,9;20,7;20,7;20,7;20,1;21,1;20,8;20,6;20,5;20,5;20,6;20,6;20,2;20,5;20,7;20,5;20,2;20,4;20,6;20,5;21,1;21,1;20,7;20,8;20,2;20,6;20,8;20,7;20,8;20,6;20,6;21,4;20,1;20,6;20,5;20,7;20,4;20,5;20,4;20,5;20,1;20,2;20,8;20,7;20,4;20,2;20,7;20,2;20,9;21,8;20,7;21,2;21,4;20,8;21,5;21,2;21,2;21,8;21,2;20,8;20,9;21,5;22,1;21,5;21,9;21,6;22,1;22,1;21,9;21,9;21,4;21,5;21,4;21,5;22,2;21,6;20,9;21,8;21,5;21,8;21,4;21,9;21,6;21,6;21,2;21,4;21,9;21,6;21,6;21,8;21,4;21,6;21,5;21,4;21,2;20,9;21,2;21,8;21,4;21,2;21,6;21,1;21,5;21,2;21,4;21,6;21,8;21,8;21,5;21,2;21,4;21,8;21,2;21,1;21,4;21,2;21,5;21,4;21,4;21,4;21,4;21,4;21,5;21,4;21,5;21,5;21,4;21,1;20,8;21,2;21,2;21,2;21,5;21,6;21,5;21,1;21,1;21,5;21,6;21,2;21,1;21,4;22;21,6;21,8;21,8;21,5;22,1;22,1;21,8;21,4;21,4;21,6;21,9;21,5;21,4;22,3;21,5;21,4;21,5;21,5;21,4;21,8;21,6;21,5;21,5;21,5;21,4;21,1;21,1;21,4;21,5;21,6;21,5;21,8;21,5;21,4;21,5;22,1;21,6;21,6;20,9;21,4;21,6;21,5;21,2;21,6;21,2;21,9;21,8;22,1;21,6;21,9;21,2;21,8;20,9;21,9;21,2;21,4;21,6;21,9;21,4;21,5;21,4;21,2;21,1;21,1;21,4;21,4;21,2;21,2;21,2;21,2;21,4;21,4;21,4;21,4;21,4;21,2;21,4;21,4;21,4;21,5;21,5;21,5;21,5;20,9;21,4;20,7;20,9;21,1;21,4;21,1;21,4;21,8;21,4;20,8;21,5;21,2;21,2;21,2;21,4;21,2;21,5;21,1;21,5;20,7;21,5;21,5;21,9;21,4;21,5;21,5;21,9;21,6;21,8;21,4;21,8;21,4;21,8;21,8;22,1;21,2;22;21,6;21,6;21,5;22;21,9;21,9;22,1;21,2;21,8;21,8;21,6;21,4;22,1;21,5;21,2;22,1;21,4;21,4;21,6;21,4;20,9;21,4;21,5;21,1;20,9;21,1;20,8;21,1;21,1;20,9;21,2;21,5;20,8;20,8;21,4;21,1;20,8;21,1;21,1;21,1;21,1;20,8;20,2;20,8;20,4;20,2;20,5;20;20,4;20,7;20,4;20,5;20,2;20,6;20,4;20,6;19,9;20,1;20;20,1;20,4;20,4;19,9;20,2;20;19,9;20,6;20,7;20,5;20,4;20;20;20,1;20,6;20,2;20,4;20,4;20;20,1;20,2;20,4;20,6;20,4;20,7;20,2;20,1;19,9;20;20,1;20,6;19,9;21,1;20,2;20;20,6;19,6;20;19,8;19,9;19,8;19,5;19,6;20,1;20,6;20,2;20,6;20,5;20,2;20,2;20,1;20,1;20,5;20,5;20,2;20,2;20,2;20,2;19,8;19,8;20;20,1;20,1;20,1;20,1;20,1;20,2;20,4;20,1;20;20,1;20,1;20;20,4;20,1;20;20;20;20,2;19,9;20,5;20,1;19,9;20,2;19,9;20;19,2;20,1;20;20,5;19,4;20;18,8;19,4;20;20,8;20,9;20,5;20,4;19,8;20;20;19,8;19,5;20,1;20,1;20;20,1;20,2;20,1;19,8;19,5;20,1;20,2;19,9;20,2;19,9;20,2;19,9;19,9;20,1;19,6;19,8;19,8;20,7;19,6;20,1;20,5;19,6;19,5;19,9;20,1;20,4;20,4;20,5;19,8;19,6;19,9;19,8;20;20,1;19,9;19,9;19,8;19,8;20,7;20,4;19,8;20,5;20,6;19,5;20,1;19,8;20,1;20,4;20;20;20,4;20,4;19,9;19,9;20;20;19,8;20;20,1;20,4;2020,2;20,1;20,4;20,7;20,8;21,1;21,2;20,8;20,8;20,7;20,2;20,6;20,7;20,4;20,6;20,8;20,6;20,1;20,4;20,8;20,9;20,5;20,6;20,7;20,7;20,6;20,9;20,8;20,9;21,1;20,8;20,9;20,7;20,4;20,8;20,8;20,6;20,8;20,7;20,9;20,8;21,1;20,7;20,6;20,2;20,4;20,8;20,5;21,1;20,8;20;20;21,4;20,8;20,7;20,8;20,9;20,6;20,6;20,5;20,7;20,7;20,5;20,6;20,7;20,6;20,9;20,9;20,5;20,8;20,8;20,6;20,7;20,7;21,2;20,2;20,4;21,8;20,8;20,5;20,2;20,2;20,7;20,5;20,4;20,7;21,2;20,7;20,1;21,1;20,8;20,9;20,5;21,1;20,7;20,8;20,9;20,8;20,9;20,7;20,9;20,9;20,9;20,6;20,5;20,6;20,6;20,5;20,2;20,4;20,6;20,5;20,5;20,6;20,7;20,4;20,5;21,1;20,9;21,1;20,7;20,5;20,6;20,6;20,6;20,4;20,8;20,8;20,6;20,7;21,1;21,1;20,8;20,5;20,6;20,6;20,8;20,9;21,2;20,2;20,8;20,4;20,7;20,5;20,7;21,2;20,9;20,6;20,6;19,9;20,7;20,5;20,7;20,4;21,1;20,9;20,2;20,4;20,5;20,7;20,4;20,1;20,6;20,5;20,1;20,4;20,5;20,5;20,6;20,7;20,8;20,6;20,5;20,6;20,6;20,6;20,6;20,2;20,4;20,9;20,6;20,6;20,6;20,1;20,7;20,1;20,1;20,2;20,1;20,8;20,8;20,9;20,4;20,2;20,1;20,8;20,6;20;20,7;20,9;20,9;20,6;21,1;20,8;21,5;20,6;21,5;21,5;21,6;20,7;21,4;21,9;22,5;21,2;21,2;22,3;20,9;21,6;21,9;21,1;20,2;21,4;21,6;21,4;21,5;20,9;21,8;20,8;21,6;21,5;21,4;21,2;21,9;20,9;21,8;21,6;20,9;21,8;21,4;21,4;20,7;20,9;21,4;20,7;21,2;21,1;21,2;20,9;21,2;21,4;20,8;21,5;21,2;20,9;21,2;21,1;21,5;21,4;21,2;21,2;21,5;21,4;21,4;21,5;21,2;21,6;21,1;20,8;21,2;21,1;21,1;21,1;21,2;21,2;21,1;20,9;20,9;20,8;20,9;21,1;21,1;21,2;21,4;21,6;21,2;21,4;21,4;21,5;21,1;21,1;21,1;21,5;21,9;21,8;21,5;21,1;22;21,5;21,5;21,1;21,1;21,5;21,5;21,8;21,2;22,2;21,4;20,9;21,8;21,5;21,4;21,6;21,4;21,5;22;21,8;21,4;21,2;21,2;21,2;21,5;21,8;20,9;21,2;21,1;21,5;21,2;22;21,6;21,5;20,6;21,1;21,8;21,4;21,2;21,8;21,5;21,8;21,6;21,8;21,1;21,6;20,9;21,8;21,1;21,5;21,1;20,9;21,2;21,6;21,2;21,2;20,9;20,8;20,9;21,2;21,4;21,1;21,1;21,2;21,2;21,2;21,4;21,1;21,1;21,1;21,1;21,4;21,2;21,2;21,2;21,1;21,1;21,2;21,1;20,7;21,5;20,8;20,7;20,6;21,1;21,1;21,4;21,5;21,5;21,1;21,8;21,1;20,9;21,2;20,9;20,9;21,5;21,2;21,4;21,4;20,8;21,2;21,6;21,4;21,1;21,6;21,2;21,1;21,9;21,4;21,8;20,9;21,2;21,2;21,9;20,8;21,1;21,2;21,2;21,6;21,9;21,2;21,1;21,6;22;21,8;21,8;20,6;20,9;20,7;21,2;20,5;20,4;20,6;20,6;20,8;21,2;20,4;20,2;20;21,1;21,1;20;20,7;21,2;20;20,4;20,5;20;21,1;19,9;19,8;20,6;20,2;20,5;20,7;20,4;20,8;20,9;20,4;20,6;20;20,1;20,5;20,5;20,4;20,2;20,2;20,2;20,4;20,1;20,5;20,4;20,1;20,5;20,4;20,4;20,5;19,9;20,1;20,2;19,9;20,4;20,7;20,8;20,4;20,2;20,1;20;20,2;20,4;20,4;21,1;19,8;20,4;20,4;20,2;20,1;20,6;20,2;20,8;20,1;20,8;20,2;20,9;19,4;20,4;20,7;20,6;20,1;20,2;20,4;20,6;19,8;20,5;20,6;20,1;20,1;20,1;20;20,4;20;20;20,2;20,1;20;20,4;20,1;20,1;20,5;20,5;19,8;19,9;19,9;20;20,1;20,1;20,4;20,4;20,1;20;20,1;20,1;20,1;20,1;20,1;20,1;20,2;19,4;19,9;20;19,9;19,8;19,3;19,6;20,1;19,9;19,4;20;20,2;20;19,8;20,1;20,4;20;20,7;20;19,8;20,4;20,4;19,9;20,2;20,4;20,4;20;20;20,1;20,1;20,1;20,4;20,4;20,2;19,8;20;20,4;20,1;20,1;20,1;20,1;20,1;19,9;19,6;20,1;20;20;20;19,9;19,4;19,5;19,8;19,6;19,8;20,1;20,2;19,6;20,2;20,4;19,6;19,8;19,9;20;20,2;20,5;20,4;20;19,8;19,4;19,5;19,9;20;20;20,7;19,8;20;20;20,5;19,6;20,1;19,4;20,2;19,8;20;19,9;19,9;19,8;19,6;19,5;19,6;20,2;19,9;20;19,6;19,5;2020,4;20,2;20,5;20,7;20,6;20,7;20,5;20,2;20,6;20,6;20,4;20,6;20,7;20,4;20,5;20,8;20,8;20,1;20,5;20,6;20,6;21,1;20,6;21,1;20,8;20,9;20,8;20,7;20,4;20,1;20,4;20,8;20,8;20,7;20,6;20,6;20,6;20,5;20,5;20,8;21,8;21,1;20,6;20,9;20,5;20,4;20,8;20,6;21,1;20,6;20,2;20,5;20,8;20,5;20,7;20,6;20,8;20,4;20,6;20,9;20,8;20,8;20,8;20,8;21,1;21,2;21,2;21,2;20,9;21,4;21,1;20,6;20,5;20,9;20,9;20,8;20,1;20,8;20,6;20,6;20,7;20,6;20,6;20,6;20;21,2;20,8;20,8;20,4;20,7;20,7;20,9;20,4;20,8;20,8;20,6;20,9;20,8;20,7;20,8;21,1;20,7;20,7;20,7;20,6;20,5;20,6;20,5;20,4;20,5;20,5;20,6;20,6;20,6;20,8;20,6;20,1;20,5;20,4;20,9;20,9;20,5;20,6;20,6;21,2;21,1;20,9;20,6;20,8;20,4;20,4;20,7;20,7;20,6;20,8;21,1;20,5;20;20,6;20,6;20,4;20,1;20,8;20,5;21,5;20,8;20,5;20,4;20,6;20,1;20,5;20,7;20,6;20,4;20,6;20,7;20,5;20,4;20,7;20,6;20,8;20,2;20,5;20,5;20,4;20,5;20,9;20,2;20,5;20,2;20,2;20,6;20,5;20,6;20,4;20,2;20,4;20,2;20,4;20,6;20,2;20,4;20,8;20,4;20,6;20,1;20,2;20,7;20;20,6;20,7;20,6;20,4;20;20,6;20,5;20,2;20,2;21,1;20,7;20,7;20,2;21,1;21,2;21,8;20,5;21,1;22;21,2;20,8;21,2;21,6;21,8;21,1;21,1;21,8;20,9;21,8;22;21,2;20,6;21,6;20,8;20,7;21,8;20,8;21,8;20,6;21,6;20,9;20,9;22;21,2;21,2;21,4;21,6;21,2;21,1;21,6;21,1;20,9;20,7;21,2;20,6;21,1;21,4;21,1;21,1;21,2;20,8;21,2;21,8;21,5;21,2;20,9;20,9;21,1;21,2;21,2;20,9;21,5;21,5;21,6;21,5;21,2;21,6;21,1;20,9;21,2;21,1;20,9;20,9;21,2;21,2;21,2;21,1;20,9;20,7;20,7;21,1;21,2;21,4;21,6;21,6;21,6;21,8;21,6;21,2;21,4;21,4;21,1;21,4;21,9;21,8;21,8;21,5;21,5;21,4;21,2;21,5;21,5;21,6;20,8;21,4;21,8;21,9;21,4;21,1;22;21,2;21,4;21,4;21,4;21,4;21,8;21,6;20,9;21,6;21,5;21,1;21,2;21,6;21,2;21,5;21,4;21,2;21,5;21,6;21,2;21,4;21,6;21,5;21,5;21,2;21,9;21,6;21,5;21,5;21,6;21,5;21,8;21,8;21,2;21,4;21,4;21,5;20,9;20,7;20,8;21,2;21,1;21,2;20,9;21,1;20,9;21,2;21,4;21,2;21,4;21,5;21,5;21,4;21,2;21,1;21,1;20,9;20,8;21,1;21,2;21,2;20,8;20,7;20,8;21,1;21,2;20,8;21,4;20,9;20,9;20,8;21,1;20,9;20,9;21,4;21,4;21,1;21,6;21,1;20,7;20,7;21,1;20,8;21,2;21,1;20,8;21,2;21,1;21,4;22,3;20,8;21,1;21,4;20,9;20,9;21,2;21,4;22;20,7;20,7;21,1;22;21,2;21,6;21,1;21,2;21,2;22;20,6;20,9;21,6;20,9;21,1;20,9;20,9;20,6;20,7;20,5;21,2;20,4;20,9;21,2;20,5;20,7;20,6;20,6;21,1;20,6;19,8;20,4;20,8;20,7;20;19,6;20,2;20;20,9;20,6;20,2;20,5;20,2;20,7;20,5;20,8;20,2;20,7;20,7;20,6;20;19,9;20,2;20,1;20,4;20,2;20,1;19,9;20,1;20,4;20,2;20,1;20,5;20,4;20,1;20,1;20,4;20,6;20,4;20;20;20,1;20,4;20,4;20,4;20,1;20;20,2;19,9;19,9;20,2;20,2;20;20,5;20,6;20,2;20,4;20,5;19,6;19,8;19,8;19,8;19,8;20,5;20;20,4;20;19,8;20;20,8;20,2;20;19,9;20,6;20,1;20,1;20,5;20,6;19,9;19,8;20;20,5;20,1;19,9;19,9;20,4;19,9;20,1;20,1;20,5;20,1;20,4;20,2;20,2;19,9;20;20,2;20,2;20;19,8;20,1;20;19,6;20,1;20,6;20,4;20,4;19,8;20,1;20,4;20,1;20;20;19,8;20,2;20,1;19,4;20,1;19,9;20;19,6;19,5;19,9;19,8;20,1;20,4;20,1;19,5;20,2;20,4;20,4;20,1;20,4;20,4;19,9;20;20,4;20,1;19,8;20;20,1;20,1;20,1;20,2;20,1;20,1;20,2;20,4;20;20;19,3;20,6;20;20,5;19,9;19,9;19,8;19,8;19,6;19,9;19,9;19,9;20;20,4;20;20,1;19,8;19,9;20,5;20,5;20,1;19,9;20,2;20,2;19,6;19,6;19,5;20,2;20,4;19,2;20,4;19,4;20;20,2;20,4;19,6;20,2;19,6;19,9;19,3;19,9;20;20,1;20;19,9;19,8;20;20,4;19,9;19,9;19,5;19,5;2020,6;20,7;20,5;20,6;20,8;20,7;20,6;20,7;20,6;20,8;20,7;20,8;20,9;20,4;20,4;20,7;20,7;20,4;20,9;20,5;20,7;20,8;20,9;20,7;21,4;21,2;21,4;21,4;20,7;20,8;21,1;20,7;20,6;20,6;20,4;20,1;20,5;20,9;20,8;20,4;21,1;21,4;20,9;21,4;20,6;20,9;20,9;20,5;20,8;20,8;20,8;20,6;20,8;20;20,6;20,7;20,6;20,5;20,8;20,8;20,8;20,7;20,8;20,9;20,7;20,6;20,7;20,9;20,7;20,4;20,5;20,4;20,2;21,5;20,8;20,2;20,6;20,7;20,1;21,1;20,7;20,5;21,2;21,2;20,4;20,5;20,5;20,7;20,7;20,8;21,1;20,7;20,1;20,7;20,8;20,6;20,8;20,6;20,2;20,5;20,7;20,6;20,5;20,6;20,5;20,6;20,8;20,4;20,2;20,5;20,6;20,5;20,2;20,1;20,1;20,5;20,4;20,5;20,8;20,8;20,5;20,2;20,6;20,8;21,2;20,6;20,7;20,5;20,6;20,5;20,9;20,1;20,4;20,5;20,7;20,4;20,1;20,2;20,5;20,8;20,6;20,5;20,5;20,2;20,5;20,8;20,2;20,5;20,6;20,2;20,5;20,4;20,5;20,4;20,7;20,6;20,7;20,4;20,5;20,6;20,9;20,8;20,6;20,4;20,2;20,8;20,9;20,4;20,6;20,7;20,6;20,4;20,4;20,7;20,2;20,7;20,6;20,5;20,2;20,4;20,4;20,2;20,8;20,5;20,5;19,9;20,5;20,5;20,2;20,1;20,8;20,6;20,4;20,5;20,5;20,2;20,2;20,8;21,2;21,5;20,5;21,1;21,6;20,5;20,9;21,5;21,2;22;21,1;20,6;20,9;20,8;21,8;21,2;21,5;21,6;21,4;22,2;21,4;21,6;20,6;21,6;20,8;20,8;21,6;20,9;21,4;20,8;20,9;20,7;21,2;21,4;21,1;21,6;21,1;21,8;21,2;21,4;21,2;21,1;21,1;20,9;21,4;21,2;21,4;21,2;21,2;21,2;21,5;21,1;21,9;21,6;21,2;21,4;21,2;21,2;21,4;21,4;21,2;20,8;21,4;21,2;21,6;21,5;21,4;21,5;21,5;21,1;21,4;21,2;21,1;21,1;21,1;21,1;21,1;21,1;21,1;21,1;20,7;20,8;21,1;21,5;21,6;21,5;21,6;21,9;21,5;21,4;21,4;21,6;21,6;21,5;21,6;21,6;21,8;21,6;21,4;21,8;21,5;21,9;21,6;21,6;21,2;20,8;21,9;21,8;21,6;20,9;21,5;20,9;21,2;21,4;21,4;21,1;21,1;21,9;20,7;21,5;21,6;21,2;21,1;21,4;21,2;21,5;21,4;20,9;21,8;21,2;21,5;21,4;22;21,6;21,5;21,8;21,6;21,5;20,8;21,5;21,4;21,6;21,9;21,8;21,2;21,2;21,4;21,4;21,2;21,2;20,8;21,5;21,2;21,2;20,9;21,2;21,1;20,9;21,2;21,2;21,1;21,1;21,4;21,6;21,5;21,1;21,4;21,4;20,9;21,1;21,5;21,4;20,9;20,9;20,9;21,1;21,6;21,1;21,4;21,1;21,4;21,1;20,9;20,8;20,9;21,2;21,4;20,8;21,5;20,9;21,1;20,6;21,2;21,2;21,2;20,9;21,4;20,8;21,5;21,5;22,1;20,7;20,8;21,6;21,2;21,5;20,8;21,5;21,6;21,1;20,5;21,2;21,4;21,6;21,6;21,1;21,5;21,2;21,4;21,9;20,7;21,4;22;21,4;21,1;21,1;21,2;21,4;21,4;20,2;21,2;21,1;20,7;20,6;21,1;20,5;20,7;20,7;20,8;20,7;20,1;20,7;20,8;20;20,8;20,7;20,1;20,5;20,8;20,8;20,8;20,1;20,7;20,1;20,8;20,1;20,6;19,9;20,2;20,2;20,1;20,2;20,1;20,2;20,7;20,1;20,2;20,4;20,4;20,2;20,5;20,4;20,2;20,1;20,1;20,1;20,7;20,6;19,9;20;20,1;20,1;20,5;20,2;19,8;20,1;20,5;20,4;19,6;19,8;20,5;20,2;20,4;20,5;20,1;20,4;20,4;20,1;20,1;20,2;20,6;20;20,1;20;19,8;20,1;20;20,4;20,2;20,7;20,4;19,9;20,1;20,1;19,8;19,6;20,2;20,4;20,2;20;19,6;19,4;19,4;19,9;19,8;19,5;20,2;20;19,9;19,9;20,1;20,1;19,9;19,9;20,2;20,2;19,9;20;20;20;19,9;19,5;20;20,2;20,4;20,2;20;20,1;20;20;20,4;19,6;20,2;20,1;20,5;20;20;19,3;19,8;19,5;19;20,5;20,1;20,1;20;19,8;20,1;20,1;20;20;19,6;20;20,5;20;19,8;20;20,1;19,9;19,8;19,8;19,9;20,1;20,1;20,1;20,2;19,8;19,9;19,8;19,9;19,9;20,4;20,2;19,9;20,1;20,1;20,4;20;20,2;20,4;20,1;19,6;20,1;20,1;20;20,2;20,2;20,5;20,6;20,5;20,4;20,4;20,5;20,4;20,1;20,1;20,4;20,4;20,2;19,4;20,1;19,6;20,1;20,2;20,5;20,4;20,5;19,8;20;19,6;20;20,2;20,4;20,1;20;20,2;20,2;20,1;19,9;19,9;19,9;19,6;19,420,2;20;21,1;20,2;20,9;20,5;20,6;20,7;20,5;20,5;20,4;20,9;21,1;20,2;20,2;21,1;20,8;20,6;21,1;20,5;20,9;20,8;20,6;20,7;20,9;21,2;21,2;21,1;20,5;20,4;20,5;20,8;20,8;20,6;20,6;20,7;20,7;20,5;20,7;20,9;21,2;21,1;20,8;20,2;20,7;20,5;21,2;20,6;20,9;20,5;21,1;20,2;21,4;20,4;20,9;20,5;20,5;20,5;20,7;20,7;20,7;20,7;20,6;20,7;20,6;20,2;20,1;20,4;20,8;20,9;20,8;20,9;20,2;21,1;20,8;20,8;20,5;20,7;20,4;20,2;20,2;20,8;20,9;20,1;20,1;20,5;20;20,9;20,5;20,6;20,6;20,8;20,2;21,1;20,5;20,6;20,7;20,7;20,1;20;20,5;20,6;20,6;20,6;20,6;20,7;20,7;20,4;20,2;20,5;20,5;20,1;20;20;20,1;20,6;20,8;20,7;20,7;20,9;20,7;20,5;20,5;20,6;20,7;20,9;20,8;20,8;20,5;20,5;20,5;20,7;20,7;20,6;20,1;20,4;19,9;20,6;20,4;20,5;20,6;20,2;20,2;20;20,1;20,7;21,1;20,2;21,1;20,2;20,7;20,5;20,7;20,6;20,7;20,6;20,4;20,6;20,6;20,6;20,6;20,6;20,4;20,1;20;20,6;20,6;20,4;20,8;20,6;20,8;20,5;20,5;20,5;20;20,8;20,8;20,7;20,5;20,5;20,2;20,6;20,8;20,5;20,2;20,2;20,5;20,2;20,4;20,7;20,8;20,6;20,7;20,5;20,9;20,4;20,5;20,9;20,2;20,7;20,7;20;20,8;20,9;21,2;20,8;21,5;22;20,9;20,5;21,5;20,8;21,9;21,2;21,9;21,2;21,5;21,8;21,8;21,2;20,5;21,2;20,9;20,8;21,2;21,1;20,7;20,9;21,1;21,2;20,8;21,1;21,2;21,1;21,5;21,4;20,6;20,8;21,5;21,2;20,6;20,9;21,4;21,1;21,4;20,9;21,4;21,1;21,1;21,6;22;21,4;21,1;21,4;21,1;21,1;21,1;20,9;21,2;20,7;20,9;21,1;21,4;21,1;21,6;21,4;21,1;20,9;21,6;21,6;21,1;21,1;21,4;21,2;20,9;20,9;21,2;21,4;20,9;20,8;20,8;21,2;21,5;21,5;21,8;21,8;21,4;21,5;21,2;21,2;21,9;21,8;21,5;21,6;21,8;21,5;21,6;21,6;21,5;21,5;21,2;21,4;21,6;21,2;21,8;21,9;22,1;21,1;21,2;21,4;21,1;21,4;21,5;20,8;21,4;21,8;21,5;21,6;21,8;21,5;21,1;21,4;20,8;21,4;21,4;21,5;21,6;21,2;21,9;21,1;21,8;21,5;21,6;22,1;21,2;21,5;20,6;21,6;21,2;21,9;21,2;21,6;21,1;21,8;20,9;21,4;21,4;21,6;21,1;21,6;21,5;20,9;21,1;21,2;21,4;21,4;21,4;21,2;20,9;20,9;20,9;21,4;21,5;21,1;21,1;21,1;21,1;21,1;21,5;21,4;21,1;20,9;20,9;20,8;21,1;21,1;21,5;20,9;21,2;21,5;21,2;20,6;21,1;21,6;21,5;20,9;21,2;20,7;21,1;20,6;21,4;21,5;20,9;21,4;20,9;20,7;20,8;20,7;21,6;21,8;20,8;21,1;21,2;21,9;21,8;21,6;21,1;21,1;20,8;21,2;21,2;21,1;21,6;20,8;20,9;21,1;21,4;20,8;22,2;20,9;21,1;21,6;21,1;20,7;20,9;20,7;20,5;20,5;20,5;20,7;20,4;20,5;20,4;20,7;20,9;20,2;20,6;20,8;20,7;20,4;20,5;19,8;20,6;20,4;20,6;20,5;20,2;20,5;20,6;20,6;20,4;20,4;20,5;20,5;20,4;20,2;20,9;20;20,1;20;20,4;20,2;20,7;20,1;20,4;20,4;20,5;20,1;20,4;20,1;20,5;20,2;20,4;20,4;20,2;20,4;19,9;19,8;19,9;20,1;20,7;19,9;20,4;20,1;20,4;20,4;20,1;19,9;20,5;20,1;20,1;20,6;20,1;19,9;19,9;20,2;20,2;19,4;20;20,1;20,8;20,1;20;19,8;20,2;20,6;20,9;20,4;19,8;19,8;19,9;20,2;20;20;20;19,8;20,1;20,6;20,5;20,1;19,9;20,2;20,4;20;20;19,9;19,9;20;20,1;20,1;20,1;20,1;20,2;20,2;20;20,2;20,2;19,9;19,8;19,5;19,8;19,9;20,7;20,1;19,6;19,9;20,4;19,6;20,5;19,5;19,9;20,4;19,9;19,5;19,9;20,2;19,6;19,6;19,2;20,6;20;19,8;19,4;20,1;19,8;20,4;20,1;20,4;20;20,1;20;20,1;19,9;20,1;20;20;20;19,9;19,6;20;20,4;20,4;20,5;19,5;19,6;19,8;19,9;20,1;20,1;20;19,5;20,2;20;20,6;20,4;20,1;20,6;20,7;20,2;20;20;19,8;19,8;19,9;20,2;20,4;20;19,6;19,6;20;20,1;20,4;20,4;20,2;20,2;19,8;19,4;19,9;19,9;20,5;20;20;19,9;20,4;19,6;20,2;20,2;20,5;20,1;20,1;20,1;20;20,7;20,8;20,6;19,9;20,2;19,2;20;19,920,8;20,5;20,7;20,6;20,9;20,6;20,7;20,8;20,8;20,8;20,7;20,7;20,6;20,4;20,6;20,9;21,1;20,6;20,9;20,4;20,8;20,6;20,1;21,2;20,8;21,2;20,5;21,2;20,6;20,7;21,1;21,2;20,5;20,2;20,9;20,7;20,4;20,5;20,2;20,1;20,8;21,1;20,6;20,1;20,4;20,1;20,9;20,4;20,9;20,4;20,8;20,4;21,1;20,6;20,6;20,6;20,7;20,5;20,8;20,7;20,7;20,9;20,8;20,8;20,7;20,2;20,4;20,7;20,6;20,8;20,9;20,7;20;20,7;20,6;21,2;20,2;21,1;20,5;20,6;20,5;20,6;20,8;20,6;20,6;20,2;20,6;20,9;20,7;20,6;20,6;21,2;20,5;20,7;20,1;20,6;20,8;20,7;20,8;20,7;20,7;20,6;20,5;20,9;20,8;20,7;20,4;20,2;20,2;20,2;20,4;20,2;20,4;20,2;20,2;20,7;20,5;20,6;20,5;20,8;20,8;20,4;20,6;20,5;20,1;20,5;20,9;20,8;20,7;20,4;20,5;20,8;20,9;20,5;20,8;20,9;20,7;20,7;20,1;20,1;20,4;20,5;20,1;20,5;20,2;21,1;20,2;20,7;20,6;20,2;20,7;20,8;20,6;20,6;20,6;20,8;20,4;20,4;20,6;20,5;20,7;20,2;20,6;20,6;20,4;20,2;20,6;20,4;20,9;20;20,5;20,5;20,6;20,7;20,1;20,5;20,6;20,6;20,6;20,6;20,1;20,7;20,7;20,7;20,8;20,4;20,7;20,6;20,8;20,8;20,6;21,1;20,2;20,8;20,9;20,6;20,6;20,5;20,7;20,6;20,5;20,6;20,6;21,6;20,6;21,6;20,8;20,8;21,5;21,1;21,6;21,4;21,4;20,9;20,8;21,4;21,2;21,6;22,1;21,6;20,8;21,5;21,4;20,8;21,2;20,8;20,8;21,4;21,4;21,4;21,2;20,7;21,5;21,6;21,6;21,1;21,4;20,8;21,5;20,8;21,4;21,4;21,4;20,8;21,5;21,2;21,5;21,2;21,5;21,8;21,5;21,4;21,4;21,2;21,2;21,2;21,2;21,2;21,1;20,8;21,4;21,5;21,4;21,4;21,6;21,2;21,1;21,1;21,5;21,5;21,1;20,9;21,1;21,2;21,1;20,9;21,1;21,2;21,1;21,2;21,4;21,5;21,4;21,6;21,6;21,5;21,5;21,5;21,4;21,2;22,1;21,9;21,4;21,4;21,8;21,5;21,6;21,4;21,2;21,9;21,8;21,2;21,5;21,5;21,5;22;22,1;21,5;21,6;21,8;21,2;21,6;21,5;21,1;21,9;21,5;22;21,5;21,2;21,6;21,2;21,5;20,7;21,6;21,6;21,4;21,2;21,8;21,6;21,2;21,6;21,5;21,5;21,5;21,2;21,6;21,1;21,9;21,4;21,5;21,4;21,2;20,9;22,1;21,1;21,5;21,6;21,5;21,1;21,8;21,4;21,1;21,4;21,2;21,2;21,4;21,2;20,9;21,1;21,2;20,9;21,1;21,4;21,4;21,2;21,2;21,2;21,1;21,2;21,4;20,9;20,8;20,9;20,9;21,1;21,2;21,6;21,1;20,9;21,1;21,2;20,8;21,1;21,9;21,5;21,4;21,1;20,4;20,8;21,1;21,2;21,5;21,2;20,7;21,1;20,9;20,9;21,2;22;21,4;21,8;21,5;21,2;21,6;21,6;22,1;21,5;21,4;21,2;21,4;21,5;21,5;21,2;21,1;21,5;21,4;20,9;21,4;20,9;20,7;21,5;20,8;21,4;20,8;21,1;21,1;20,9;21,1;20,4;20,8;20,5;20,9;20;20,5;20,5;20,8;20,7;20,7;20,9;20,6;20,8;20,2;20,7;20,4;20,6;20,2;20,5;20,7;20,1;20,9;20,1;20,9;20,7;20,6;20,2;20,2;20,2;20,1;20,5;20,1;20,4;20,4;20,1;20,4;20,4;20;20,7;20,1;20,2;20;20,5;20,1;20,4;20,5;20,5;20,5;20,2;20,1;19,8;20,4;20,2;19,8;20,2;20,1;20,2;20,2;19,8;20;20,5;20;20,2;20,6;20,1;19,9;20,6;19,4;19,5;19,8;20,4;19,6;20,6;20,1;19,8;20,2;20,8;20,4;20,2;20,6;20,4;19,9;20,1;20,2;20,2;20,1;19,9;19,6;20,2;20,4;20,1;20,1;19,9;19,8;19,8;20;20,1;20,1;19,9;20;19,9;20,2;20,2;20;20,4;20,4;20,2;20,2;20,2;20;19,9;19,9;20,4;20,1;20;19,8;19,8;20,1;20,6;20;20,5;19,9;19,8;20,5;19,9;19,4;20,5;20,1;20,2;20;20,1;20,4;20,6;20;19,8;20,1;19,5;20,1;20;20;20,1;19,9;19,6;20;20;20,2;20,6;20,2;20,1;20,4;19,9;19,8;20,4;20,4;20,4;19,5;20,1;19,8;20,1;20;20,4;19,9;19,8;20;19,9;20,1;19,8;19,3;20,2;19,5;19,4;19,8;20,1;19,8;19,8;19,8;19,5;20;20,2;19,8;19,8;19,8;19,4;19,6;20,2;19,9;19,6;20,2;19,5;19,5;19,8;19,9;19,9;19,6;19,4;19,9;19,5;20;19,9;20,1;20,1;19,6;19,4;19,6;19,9;20,2;20,4;19,9;19,4;19,4;19,9;20,220,2;20,1;20,6;19,9;20,1;20,7;20,4;20,6;20,5;20,8;20,6;20,5;20,7;20,7;20,2;20,5;20,9;20,4;20,4;20,5;20,7;20,6;20,2;20,8;20,7;21,1;20,7;20,7;20,2;20,5;20,4;20,2;20,1;20,4;20,9;20,8;20,5;20,8;20,9;20,2;20,2;20,8;20,2;20,2;20,4;20,4;21,1;20;20,8;20,8;20,5;20,6;20,5;20,7;20,6;20,8;21,1;20,7;20,8;20,7;20,6;20,8;20,9;20,8;20,6;20,5;20,5;20,5;20,6;20,8;20,6;20,7;20,8;21,2;20,8;20,9;20,1;20,8;20,6;20,2;20,5;20,7;20,6;20,6;20;20,5;20,8;20,5;20,5;21,1;21,2;20,6;20,7;21,1;20,4;20,6;20,8;20,8;20,9;20,9;20,6;20,9;20,7;20,9;20,7;20,5;20,4;20,6;20,7;20,5;20,5;20,5;20,4;20,4;20,6;20,7;20,6;20,5;20,6;20,6;20,7;20,5;20,6;20,8;20,6;20,8;20,7;20,8;20,8;20,1;20,7;20,5;20,8;20,9;20,9;20,6;21,5;21,2;20,9;20,5;20,7;20,4;20,2;21,1;20,8;20,1;20,4;20,5;20,6;20,9;20,9;20,7;20,6;20,7;20,8;20,7;21,1;20,5;20,5;20,7;20,8;20,4;21,1;20,8;20,5;20,4;20,4;20,5;20,9;20,2;20,4;20,4;20,6;20,6;20,6;20,5;20,6;20,6;20,5;20,6;20,5;20,4;20,5;20,7;20,6;20,4;21,1;20,7;20,6;21,1;20,9;20,9;20,4;20,4;20,5;20,8;20,6;20,7;20,7;20,5;21,2;20,8;21,1;21,1;21,6;21,5;21,2;21,5;21,5;20,7;20,8;21,9;21,1;21,1;21,2;22;21,2;21,2;20,8;21,5;21,4;20,8;20,8;21,5;21,4;20,9;21,4;21,4;20,8;21,6;21,9;21,4;20,9;21,2;21,2;20,7;21,2;21,1;21,1;20,6;20,9;21,1;21,6;21,4;21,5;21,6;21,8;21,5;21,5;21,5;21,2;21,4;21,5;21,1;21,4;20,9;21,4;21,1;21,1;20,9;21,4;21,4;21,5;21,4;21,5;21,4;21,1;21,1;21,1;20,8;20,7;20,9;21,1;21,4;20,9;21,1;21,4;21,5;21,2;21,2;21,5;21,5;21,4;21,5;21,2;21,4;21,8;21,8;21,6;21,2;21,9;21,6;21,4;21,4;22;21,2;21,8;21,5;21,2;21,6;21,8;21,5;21,6;21,4;21,2;21,2;21,2;21,2;21,4;21,8;21,2;21,4;21,1;21,2;21,5;21,5;21,6;21,4;21,2;21,4;21,5;21,5;21,1;21,5;21,4;20,8;21,5;21,6;21,4;21,6;21,5;21,5;21,2;20,9;21,2;21,6;21,2;21,6;21,1;21,1;21,6;21,2;21,2;21,9;21,1;21,5;21,8;21,4;21,4;21,5;21,1;21,4;21,1;20,7;20,7;20,8;20,8;20,7;21,2;20,9;20,9;21,2;21,4;21,2;21,2;21,1;21,2;21,2;20,9;20,9;21,4;20,9;21,2;21,1;21,1;20,8;21,1;21,1;20,8;20,7;20,8;20,8;21,2;21,5;21,2;21,2;21,4;20,8;20,7;20,9;20,8;21,2;21,6;20,6;20,8;21,4;21,1;21,5;21,6;20,8;21,6;21,4;21,4;21,6;21,8;21,4;21,9;20,5;21,1;21,4;21,6;21,1;22;21,5;21,2;21,6;21,1;21,8;21,8;21,1;21,4;20,6;21,5;20,5;20,8;20,8;20,6;21,2;20,7;20,7;20,5;20,7;20,5;20,7;20,5;20,4;20,8;20,9;20,6;20,9;20,6;20,6;20,4;20,5;20,5;20,2;20,4;20,6;20;20,4;20;20,6;20,7;20,5;20,7;20,2;20,1;20,6;20,2;20,4;20,5;20,5;20;20,7;20,1;19,9;20,6;20,2;20,4;20;20,2;20;20,6;20,4;20,5;20,7;20,4;20,4;19,9;20,4;20,1;20,2;20,7;20,4;20,5;20,4;20,1;20;20,2;19,9;20,5;20,1;20,8;19,9;20,4;20;20,6;19,9;20,2;20;20,6;20;20,4;20,1;20,6;20,6;19,9;20,2;20,4;20,4;20,1;20,5;20,4;19,8;20,2;20,5;20;20,2;20,1;20,2;20,2;20,1;20,2;20,4;20;19,9;20;20,2;20,4;20,6;20,4;20;20,4;20,4;20,1;20,1;19,9;19,9;20;20;20,1;20,1;19,9;20,1;19,9;20,5;20;19,6;20,4;19,8;19,8;19,5;20;20;19,9;19,8;20,1;19,5;20,2;20,4;20,2;20;19,4;20,5;19,6;20;20,2;20;19,6;20;20;20,2;20,1;20,1;20,2;20;19,9;20,2;20;19,8;20,5;20,1;19,6;19,3;20,5;19,9;20;19,6;20,8;20,2;19,8;19,9;20,4;19,4;19,2;20;19,6;19,6;20;20;19,6;20,5;20,6;20,6;20,4;19,9;19,9;20,2;20,5;20,5;20,4;19,4;19,5;19,9;20;19,9;19,9;19,9;20,1;19,4;20,1;19,9;20;19,8;19,5;20;20,1;19,8;19,8;19,8;19,8;19,8;19,8;19,8;19,8;20,1;19,8;18,8;19,9;19,320,5;20,6;21,1;20,2;20,4;20,8;20,8;20,8;20,4;20,6;20,8;20,9;20,9;20,7;20,6;20,8;20,9;20,4;20;20,7;20,6;20,5;20,2;20,5;20,8;20,6;20,5;20,5;20,5;20;20,4;20,1;20,4;20,6;20,6;20,8;20,9;20,6;20,4;20,5;20,6;20,6;20,4;20,6;20,2;20,5;21,1;19,9;20,5;20,7;20,6;20,2;20,9;20,6;20,9;20,2;20,7;20,4;20,7;20,5;20,4;20,6;20,7;20,7;20,8;20,8;20,8;20,6;20,5;20,9;20,8;20,5;20,6;20,8;20,6;20,6;20,6;20,2;20,5;20,4;20,6;20,9;20,9;20,6;20,1;20,7;20,6;20,4;20,9;20,5;21,1;21,4;20,1;20,6;20,5;20,7;20,6;20,6;20,7;20,8;20,2;20,8;20,6;20,5;20,5;20,4;20,6;20,9;20,9;20,8;20,6;20,4;20,4;20,6;20,8;20,8;20,8;20,6;20,5;20,7;20,6;20,5;20,5;20,8;20,9;21,1;20,8;20,7;20,9;20,2;20,5;20,6;20,2;20,4;20,8;20,4;20,4;21,1;20,6;20,5;20,5;20,5;20,8;20,4;20,6;20,1;20,2;20,7;21,1;20,2;20,9;20,7;20,6;20,6;20,6;20,8;20,8;21,1;20,4;20,7;20,8;20,2;20,6;20,7;20,2;20,1;20,5;20,1;20,6;20,5;20,7;20,6;20,6;20,1;20,6;20,6;20,6;20,5;20,4;20,4;20,4;20,5;20,2;20,4;20,5;20,1;20,8;20,7;20,4;20,7;20,7;20,6;20,8;20,5;20,2;20,8;20,5;20,4;20,7;20,6;20,8;20,8;20,8;20,9;20,8;21,2;21,4;21,1;21,2;21,4;21,4;21,2;21,4;21,1;21,6;21,9;21,2;21,5;21,1;21,9;20,5;20,9;21,4;20,7;20,9;20,9;20,9;20,8;22;21,2;20,9;20,9;21,1;21,2;21,1;20,8;22;21,4;21,2;21,6;21,2;21,4;21,4;20,9;20,9;20,8;21,4;21,1;21,8;21,4;21,2;21,1;20,8;21,1;21,4;21,4;21,8;21,6;21,2;21,2;21,2;20,9;21,1;21,5;21,9;21,5;21,1;21,1;21,2;21,2;21,2;21,1;21,4;21,2;20,8;20,9;21,1;21,1;21,2;21,1;21,2;21,4;21,5;21,5;21,1;21,4;21,6;21,5;21,2;20,9;21,5;21,4;21,5;21,4;21,8;20,9;21,8;21,6;21,4;21,1;21,1;21,5;21,5;21,5;21,2;20,6;20,8;20,8;21,2;21,5;21,2;21,4;20,9;21,2;21,1;21,1;21,5;21,8;21,5;21,4;21,2;21,1;21,5;21,6;21,5;21,1;21,6;21,4;21,2;21,2;21,2;21,1;21,1;21,2;21,5;21,4;20,9;21,8;21,4;21,2;21,8;21,5;21,2;21,2;20,7;21,5;21,9;21,2;21,4;21,1;21,2;21,1;21,2;20,7;20,8;20,7;20,8;20,9;20,9;20,8;20,9;21,5;21,1;20,8;21,1;20,9;20,8;21,1;20,7;20,6;21,5;21,4;21,4;20,9;20,8;20,8;20,8;21,1;21,2;20,9;21,1;20,7;21,2;21,6;21,4;20,8;21,1;20,9;21,1;21,5;20,9;20,8;21,4;20,9;21,5;21,4;20,8;20,7;20,8;20,9;21,2;21,5;20,5;20,9;21,6;21,2;21,2;20,8;21,2;20,8;22,1;20,6;21,4;20,6;21,2;21,1;21,9;21,8;21,1;20,9;20,8;22;20,8;21,4;21,2;21,4;20,8;20,8;21,2;20,8;20,1;19,9;20,2;20;20,6;20,5;20;20,9;21,6;20,5;20,2;20,8;20,6;20,5;20,7;20,4;19,9;20,2;20,5;20,6;20,6;20,1;20,4;20,5;20,5;20;20,6;20;20;20,2;20,6;20,6;20,4;20,4;19,9;20,1;20,2;20,2;20,2;20,2;20,1;19,8;20,4;20,2;20,6;20,4;20,1;20,4;19,6;20,1;20;20,2;20,6;20,5;20,2;19,9;20;19,6;20,8;20,5;20,4;20,2;19,4;20,1;20,8;20,6;20,4;20;20;20,2;20,1;20,2;20;20,4;20,6;20,6;20,5;20;19,9;20,1;20,1;20,5;19,8;19,4;20,2;20,2;20,1;20,4;20;19,8;19,9;20,2;20,5;20,4;20,1;19,8;19,9;20;20,2;20,6;20,6;20,4;20,4;20,6;20,4;20,1;20,1;20,1;20;20;20,1;20,1;20;20,1;20,1;20,5;20;20,2;20,8;19,6;20,2;19,5;20,5;20,4;20,1;19,3;19,5;20;19,5;20,1;20,1;20,6;20,1;20;20;20;20,1;20,6;19,8;20;20,4;20,2;20;19,9;19,8;19,8;19,6;19,9;19,8;19,8;20,5;20,5;19,6;19,5;20,7;20,2;20;20;20,4;20;19,2;20;19,6;19,9;20,7;19,6;19,9;20,1;20,4;19,9;20,2;20;20;20,1;19,9;19,6;19,8;20,1;20,1;20;20,2;19,4;19,9;20,1;20,1;19,9;19,6;20,1;20;19,9;20,4;20,1;19,9;20;19,4;19,6;20;20,2;19,9;19,9;20,1;20,2;20,1;20,2;20,2;19,8;20,4;20,4;20,4;2020,4;21,2;21,5;20,5;20,4;20,6;20,6;20,8;20,6;20,6;20,6;20,8;20,8;20,6;20,4;20,4;20,6;20,4;20,2;20,5;20,7;20,4;20,1;20,7;20,6;20,7;20,5;20,7;20,5;20,1;20,7;20,5;20,7;20,7;21,1;21,1;20,8;20,6;20,5;20,6;20,7;20,8;20,7;21,1;20,6;20,4;20,4;20,6;20,8;20,2;20;20,9;20,7;20,6;21,1;20,4;20,4;20,2;20,5;20,5;20,4;20,8;20,8;20,7;20,7;20,9;20,9;20,7;21,1;20,8;20,5;20,7;20,8;20,7;20,9;20,7;20,4;21,2;20,8;20,9;20,7;20,9;20,8;20,9;20,6;20,9;20,5;20,8;20,5;20,5;20,7;21,4;20,7;20,7;20,4;21,2;20,2;20,1;20,4;20,7;20,4;21,2;20,6;20,4;20,6;20,8;20,6;20,7;20,6;20,7;20,6;20,2;20,2;20,6;20,6;20,5;20,6;20,5;20,6;20,7;20,5;20,6;20,6;20,5;20,8;20,9;20,5;20,2;20,4;21,1;20,9;20,5;20,5;20,7;20,5;20,1;20,5;20,5;20,7;20,4;20,5;20,6;20,9;20,4;20,2;20,2;20;20,2;20,5;20,1;20,4;20,2;20,7;20,2;20,5;20,6;20,5;20,5;20,2;21,4;20,6;20,1;20,1;20,5;20,2;20,5;20,2;20,2;20,4;20,5;20,6;20,8;20,6;19,9;20,5;20,6;20,4;20,2;20,6;20,4;20,1;20,5;20,4;20,1;20,5;20,4;20,5;20,7;20,4;20,5;20,5;20,6;20,9;20,9;20,5;20,7;20,5;20,4;21,1;20,7;20,7;20,8;20,7;20,9;21,8;20,9;21,2;21,1;20,6;21,4;20,8;21,1;22,5;21,4;21,4;20,9;21,8;20,8;21,2;21,1;20,6;21,5;21,1;20,7;21,2;21,5;21,6;21,5;21,4;21,4;20,9;21,2;21,6;20,8;21,1;20,8;20,9;21,1;21,4;21,2;20,8;21,4;21,4;20,9;20,9;20,8;21,2;21,4;21,6;21,1;20,8;21,1;21,1;21,5;21,2;21,8;22;21,8;21,1;20,9;21,1;21,2;21,2;21,4;21,8;21,4;21,2;21,1;21,1;21,1;21,1;20,7;20,8;20,9;20,8;20,7;21,1;21,2;21,5;21,2;21,2;21,5;21,4;21,5;21,1;21,2;21,2;21,5;21,4;21,1;21,5;21,5;21,4;21,1;21,1;20,9;21,5;21,6;21,8;21,5;21,1;21,6;21,2;21,5;21,2;21,1;20,8;20,7;21,2;20,9;20,9;21,6;20,9;20,8;21,2;21,2;21,4;21,2;21,2;21,8;20,8;21,5;21,8;21,6;21,9;21,2;21,1;21,5;21,4;20,9;21,2;21,2;21,2;21,4;21,2;21,1;21,1;22;21,4;21,2;21,4;21,2;21,1;21,5;20,9;21,4;21,9;21,5;21,4;21,5;21,1;21,2;21,4;20,8;20,8;20,9;20,8;21,2;20,9;21,4;21,4;21,2;20,9;20,8;21,2;20,9;20,9;21,1;21,2;20,8;21,1;21,2;21,4;20,9;20,6;20,7;21,1;20,9;21,1;20,8;20,8;21,1;21,5;21,6;21,9;21,4;20,9;20,8;21,1;21,1;20,9;20,8;20,9;20,7;21,9;21,4;20,9;20,5;20,7;21,2;21,5;21,1;20,8;20,8;21,4;21,5;21,9;21,5;21,6;21,4;21,5;20,4;21,4;21,2;21,8;21,2;20,9;21,5;20,9;21,5;21,5;21,4;21,4;21,1;21,1;20,8;20,2;20,8;21,2;20,4;20,7;20,4;20,6;20,5;20,5;20;20,5;20,9;21,5;20,4;20,1;20,4;20,2;20,5;20,9;20,7;20,6;20;20,6;20,5;20,6;20,5;20,1;20,4;19,9;20,4;20,5;19,4;19,8;20;20,1;20,6;20,5;19,9;20,5;20;20;20;20;20,6;20,2;19,4;19,9;19,8;20,1;19,6;20;20,4;20,5;19,9;20,1;19,8;20,1;20,6;19,6;20,5;20,6;19,8;20,1;19,4;20,5;20,5;20,5;20,8;20,1;19,4;20,2;19,8;20,5;20,7;20,5;20,4;20,6;20,2;20,1;20,1;19,9;19,9;19,9;19,5;20,1;19,9;19,6;19,9;19,9;19,5;19,6;20;20;19,8;20;20,2;20,1;20;20,1;19,9;19,8;19,6;19,8;20,2;20,5;20,4;20,4;20,7;20,4;20,2;20,4;19,9;19,6;20,1;20,7;20,1;20,2;19,9;19;20;20,1;20,4;20;21,2;20,5;20,6;20;19,8;19,8;19,9;20;20,1;19,6;20,4;20;20,2;20,6;20,7;20,5;20,5;20,6;20,5;20;20;20,1;20,1;20,2;20;19,8;19,9;19,9;20;20;19,9;20,5;20,5;20,2;19,6;20,8;19,9;19,8;20,2;20,1;20,2;19,9;20,6;20,1;19,5;20,1;20,2;20,2;20,1;20,1;20,5;20,5;20,1;19,8;19,9;20,2;20,2;20,2;20;20;20,5;20,8;20,1;20,1;19,8;20;19,9;20;19,9;19,8;20,2;20,2;20;20,1;20;20,1;20,1;19,8;19,5;19,5;19,8;20;20,1;20,2;19,8;20,4;19,5;20,1;19,8;19,4;19,620,4;20,4;20,7;20;20,5;20,7;20,4;20,9;20,9;20,9;20,4;20,5;20,4;20,6;20,7;20,7;20,9;20,8;20,6;20,1;20,8;20,7;20,5;20,6;20,5;20,7;20,6;20,6;20,7;20,4;20,5;20,5;20,6;20,7;20,9;20,7;20,7;20,7;20,8;21,2;20,7;20,4;20,2;20,2;20,8;20,8;20,9;20,1;20,7;21,5;20,4;20,2;20,7;21,2;20,8;20,5;20,5;20,4;20,6;20,7;20,6;20,7;20,9;20,7;20,5;20,8;20,7;20,6;20,8;20,5;20,4;21,1;20,9;20,7;20,6;20,4;20,2;20,5;20,5;20,5;20,4;20,9;20,6;20,4;20,2;20,7;19,6;20,7;20;20,8;21,1;21,1;20;20,6;20;20,4;20,7;20;20,2;20,6;20,2;20,7;20,7;20,7;20,6;20,6;20,6;20,5;20,5;20,6;20,6;20,4;20,2;20,2;20,5;20,6;20,5;20,5;20,6;20,6;20,4;20,5;20,6;20,4;20,7;20,8;20,8;20,9;20,2;20;20,7;20;20,2;20,4;20,6;20,7;21,1;20,4;20,7;20,9;20;20;20,4;20,4;20,8;20,2;20,5;20,8;20,7;21,2;20;20,7;20,9;20,6;19,9;20,1;20,2;20,1;20,6;20,7;20,4;20,6;20,6;20,4;20,4;20,5;20,2;20,2;20,8;20,4;20,2;20,9;20,5;20;20,2;20,6;20,4;20,4;20,5;20,8;20;20;20,2;20,1;20,2;20,4;20,5;20,8;20,4;20,6;20,2;20,1;20,7;20,9;20,1;20,2;20,5;20,7;20,7;20,4;20,6;20,7;21,5;20,8;20,9;20,8;21,2;21,2;21,1;20,8;21,2;21,2;20,7;20,7;21,4;20,9;21,2;21,8;21,6;20,9;20,4;20,6;21,2;21,2;21,5;21,2;21,1;20,7;21,4;21,1;21,1;21,9;21,6;20,9;20,9;21,1;21,2;20,9;21,5;21,5;21,2;20,9;21,1;21,1;21,2;20,5;20,8;21,1;21,2;21,4;21,1;20,9;20,9;21,4;21,5;21,8;21,5;21,4;21,2;20,8;21,1;21,5;21,2;21,2;21,8;21,6;21,2;20,5;20,6;21,1;21,4;20,9;21,1;21,1;21,4;21,2;21,2;21,6;21,5;21,5;21,4;21,4;21,2;21,2;21,1;21,2;21,1;21,5;21,5;21,8;21,2;21,5;21,2;21,1;20,9;21,2;21,2;21,4;21,6;21,5;21,2;21,6;21,1;20,8;21,1;21,4;21,1;20,9;20,9;21,4;20,8;21,8;21,6;21,1;21,2;21,6;20,8;20,9;21,2;21,2;21,1;22;21,4;21,1;21,6;21,1;21,1;21,6;21,2;20,9;21,1;20,9;21,2;21,4;21,1;20,9;21,2;21,6;21,1;21,2;20,8;21,2;21,1;21,9;21,6;20,9;21,5;21,5;21,4;21,5;21,1;21,2;20,7;20,9;21,2;20,9;20,8;21,6;21,1;21,1;20,9;20,9;20,8;20,8;21,2;21,1;20,7;20,5;21,1;21,1;21,5;21,2;20,8;20,9;20,7;20,6;20,6;20,8;21,2;20,8;20,1;20;20,7;20,6;20,6;20,9;20,8;20,7;20,8;20,8;21,4;21,2;20,8;20,7;20,6;20,2;21,1;21,6;21,2;20,9;21,4;21,4;21,1;21,5;21,9;21,2;21,2;20,8;20,4;20,8;21,5;21,2;22;21,6;21,2;21,2;21,1;21,4;21,1;20,5;21,6;20,8;21,2;20,4;20,4;20,9;20,6;20,7;21,4;20,7;20,7;20,2;20,8;20,8;20;20,1;20,4;20,7;20,9;20,6;20,6;20,7;20,1;20,7;20,9;20,5;20,6;20,2;20,1;20,4;19,9;20;20,1;20,4;20,2;20,5;20,5;19,8;20,4;19,9;19,6;20,5;20,1;19,9;20,6;19,9;20,1;20;20,1;20,6;20;19,3;19,8;20;20,4;20,1;20,1;20,5;20,5;19,9;19,8;20,1;20,1;20,1;20;20,2;20,8;20;20,9;20,1;20,1;20,7;20,4;19,9;19,4;19,9;20,1;20,2;20,4;19,9;20,4;19,9;20,2;20,4;20,2;20,8;20,6;20,4;20,4;19,9;20;20,1;19,8;19,8;20,2;19,8;20,1;20,1;20;20,2;19,9;19,9;19,9;19,8;20,1;20,1;19,8;19,6;19,8;20,4;20,4;19,9;20,1;20,1;19,9;20,2;20,2;19,9;19,8;20,1;20,4;19,6;20,5;20,2;20;19,3;19,9;19,3;19,5;20;19,9;19,6;20,4;20,5;19,8;19,9;19,9;20;19,8;20,5;19,5;19,5;19,5;19,9;19,9;20,1;20,2;19,9;19,9;20;20,1;20;20,2;20,1;19,9;19,9;20,1;20,2;20,2;20,2;20,4;20,1;20,4;19,4;20,4;19,9;20,1;20,2;20,2;20;20,1;20,4;19,5;20,8;19,9;19,9;19,9;19,8;20,1;20,4;20,2;20;20,4;20,2;19,8;20;20,2;20,1;19,3;20,1;20,7;20;20,4;20,4;19,9;20,4;19,9;19,8;20;19,9;20,6;20;20,2;19,9;20;20,6;20,2;19,8;19,8;20;20,2;20,6;20,4;19,9;19,9;20,2;19,5;20;19,4;20,520,5;20,4;20,9;20,4;20,9;20;20,7;20,9;20,6;20,5;20,6;21,1;20,7;20,6;20,5;20,5;20,7;20,8;20,6;20,2;20,8;20,6;20,5;20,5;20,4;20,2;20,2;20,2;20,6;20,6;20,5;19,9;20,6;20,5;20,4;20,2;20,5;20,6;20,5;20,2;20;20,4;20,7;20,5;20,4;20,2;20,7;20,2;20,8;20,2;20,1;20,5;20,8;20,7;20,6;20,6;20,7;20,5;20,8;20,5;20,5;20,5;20,8;20,7;20,7;20,6;20,6;20,8;20,8;20,4;20,4;20,5;20,5;20,7;20,2;20,1;20;20,5;20,5;20,2;20,7;20,5;21,2;20,5;20,9;20,6;20,7;20,7;20,6;20,6;20,1;21,2;20,5;20,7;20,8;20,6;20,5;20,9;20,2;20,5;20,5;20,6;20,6;20,5;20,5;20,2;20,5;20,2;20,4;20,4;20,4;20,7;20,7;20,4;20,4;20,5;20,5;20,5;20,6;20,7;20,5;20,5;20,6;20,5;20,7;20,7;20,5;20,6;20,5;20,1;20,5;20,2;20,6;20,9;20,7;20,7;20,7;20,7;20,6;20,6;20,8;20,4;20,6;20,6;20;20,5;20,5;20,8;21,2;20,4;20,6;20,9;20,9;20,8;20,6;20;20,5;20;20,4;20,6;20,7;20,8;20,5;20,4;20,5;20;20,8;20,4;20,6;20,2;20,5;20,6;20,4;20,1;20,2;20,2;20,9;20,4;20,2;21,1;20,1;20,2;20,4;20,6;20,4;20,5;20,6;20,6;20,5;20,6;20,1;19,8;20,6;20,6;20,1;20,5;20,4;20,4;21,1;20,7;20,7;20,5;20,8;21,2;21,1;21,4;21,4;21,8;21,4;20,7;20,9;22,2;21,9;20,9;20,8;21,5;21,1;21,2;20,7;20,8;21,1;20,9;21,2;20,8;21,6;21,6;20,6;21,4;21,1;20,6;21,1;21,5;21,8;20,9;20,9;21,6;21,1;20,8;21,4;21,8;21,6;21,4;21,8;21,2;21,2;21,1;21,4;21,2;21,1;21,1;21,1;21,4;21,1;20,9;21,5;20,9;20,9;21,4;21,5;20,8;21,4;21,8;21,8;21,6;21,4;21,4;21,2;20,8;21,2;21,5;21,5;21,5;21,5;21,5;21,2;20,9;21,4;21,8;21,5;21,4;21,1;21,2;21,4;21,6;21,2;21,5;21,2;21,2;21,4;21,6;21,2;21,5;21,1;20,9;21,5;21,5;20,9;21,1;21,1;21,4;20,9;21,6;21,1;21,2;20,7;21,5;21,8;21,2;20,8;21,4;21,1;21,5;21,4;21,6;20,9;21,6;20,9;21,2;20,9;20,9;21,4;21,9;20,9;21,1;21,2;21,1;20,9;21,8;21,2;21,2;20,9;20,9;20,9;21,4;21,2;21,4;20,6;21,4;21,2;21,5;21,5;21,2;21,1;21,5;21,4;20,9;21,2;21,1;21,1;21,4;21,5;21,5;20,9;21,4;21,5;21,2;21,1;21,4;20,8;20,9;20,9;21,1;20,9;20,8;20,9;20,9;21,2;21,2;21,2;20,9;20,9;20,9;20,8;20,8;20,8;20,5;20,8;21,4;21,4;21,1;20,8;20,6;21,2;21,5;21,4;21,2;20,8;20,9;20,9;20,8;20,8;21,2;21,9;21,1;20,9;20,7;21,2;21,2;21,5;20,7;21,2;21,4;20,8;21,4;21,5;21,1;21,6;21,6;22;21,1;21,2;21,5;20,9;21,2;20,9;20,9;20,9;21,1;20,9;21,4;21,2;21,2;21,9;20,6;20,4;20,4;20,4;20,1;20,8;20,5;20,8;20;20,5;20,4;20,2;19,6;20,4;20,5;20,1;20,2;21,1;20,2;20;20,1;20,4;20,5;20,4;20,4;19,8;20,5;19,8;20;20,6;20,4;20,4;19,8;20,5;19,8;20,6;20;20,2;20,5;19,9;20,1;20,6;20;20,1;20;20,1;20;19,8;19,8;19,9;20,8;20,7;20;19,9;19,8;20,2;20,2;20;20,5;20,8;20;20,4;20,6;20,6;19,9;20,4;19,6;19,9;20,5;20,6;20;20,1;20,4;19,9;20;20,2;19,9;20,2;20,2;19,8;20,2;20,4;20,4;20,2;20,5;19,9;20,2;20,2;20,2;19,9;19,8;20;19,5;19,9;19,8;20;20;19,9;20,2;20,4;20,2;20,2;20,2;20,1;19,9;20;20,4;20,2;19,6;20;19,9;19,6;19,6;20;19,9;19,9;20,2;20,1;19,6;20;19,2;19,5;19,3;20;20,4;19,8;19,4;19,8;19,6;20,2;20;19,9;20,5;20,4;18,7;19,8;20,1;20;20;19,8;20;20,2;20,2;20;20;19,9;19,9;20;19,9;20;20,1;20;19,8;19,9;20,2;20;19,9;20;19,5;20;19,6;19,9;19,8;20,2;20;19,6;20;19,2;19,8;20,4;19,8;20,1;20;19,6;19,9;19,8;19,8;19,8;20,1;20,1;20;20,2;20,4;20,2;20;19,3;19,8;20,7;19,8;20,1;20,1;20,1;20,4;19,5;20,1;20;19,8;20,6;20,4;20;19,8;19,4;19,6;20,1;20,1;19,9;19,9;19,9;20,4;20,2;20,2;20,4;20,2;19,9;19,8;20,7;19,820,8;21,2;20,7;20,7;21,1;20,2;20,8;20,2;20,7;20,4;20,5;20,5;20,4;20,2;20,4;20,5;20,8;21,1;20,5;20,2;20,7;20,1;20;20,5;20,4;20,2;20,1;20,5;20,5;20,7;20,4;20,2;21,1;20,6;20,7;20,8;20,9;20,5;20,1;20,2;20,4;20,4;20,7;20,6;20,5;20,5;20,9;20,5;20,4;19,9;20,4;20,7;21,1;20,8;20,7;20,1;20,8;20,1;20,8;20,6;20,7;20,5;20,4;20,4;20,7;20,5;20,7;20,7;20,6;20,5;20,6;20,5;20,4;20,7;20,4;20,4;20,4;20,5;20,7;20;20,2;20,2;20,7;20,1;20,5;20,4;20,6;21,2;20,2;20,8;20,1;20,7;20,8;21,1;20,2;20;19,9;19,9;20,4;20;20,6;20,2;20,5;20,5;20,4;20,4;20,6;20,6;20,4;20,2;20,2;20,7;20,7;20,5;20,4;20,4;20,5;20,6;20,7;20,7;20,6;20,5;20,5;20,6;20,8;20,7;20,7;20,5;20,7;20,4;20,6;20,7;20,9;20,4;20,6;20,9;20,9;20,8;20,6;21,2;20,4;20,7;20,8;20,7;20,5;21,1;20,7;20,7;20,9;20,6;20,5;20,4;20;21,2;19,9;20,5;20,2;20;20,2;20,2;20,7;20,4;20,6;20,4;20,5;20;20,8;20,5;20,5;20,2;20,7;20,4;20,5;20,2;20,5;20;20,8;20,1;20,2;20,4;20,4;20,5;20,6;20,9;20,5;20,4;20,5;20,4;20,6;20,4;20,5;20;20,5;20;20,5;20,4;20,4;20,8;20,8;20,9;20,6;20,4;20,6;20,9;20,5;20,2;20,7;21,4;21,6;20,8;20,9;21,2;21,6;20,6;21,2;21,1;21,1;20,9;21,2;20,8;20,5;20,7;21,5;21,1;20,8;20,4;20,8;21,1;20,8;20,5;20,8;20,8;21,2;20,9;20,8;21,2;21,5;21,5;21,4;20,8;20,7;20,5;21,1;21,1;20,7;20,7;20,7;20,8;20,9;21,2;21,2;20,9;20,8;21,2;20,7;20,7;20,9;20,9;20,9;20,6;20,9;21,2;20,7;20,6;20,8;20,9;20,9;20,9;20,8;20,9;21,2;21,6;21,6;21,1;20,8;20,4;20,9;21,2;20,9;21,5;21,1;20,9;21,5;21,9;21,4;21,2;20,9;20,9;20,9;21,1;21,1;21,6;21,4;21,4;21,5;21,4;21,2;21,4;21,4;21,6;21,1;21,5;21,2;21,8;21,2;21,4;21,5;21,2;21,2;20,8;21,5;20,9;21,1;21,2;21,2;21,4;21,4;21,2;21,1;20,9;21,5;21,5;21,1;21,2;21,5;21,6;21,2;21,6;20,9;21,2;21,1;21,8;21,1;21,4;21,2;21,5;20,9;21,6;21,1;21,4;21,6;21,5;21,2;21,1;20,7;21,4;21,4;21,2;21,2;21,2;21,2;21,4;21,2;21,5;21,4;21,1;21,2;21,1;20,7;20,9;20,9;21,2;20,8;20,9;21,2;21,1;20,9;20,8;21,4;21,5;21,2;20,8;20,6;20,8;20,7;20,6;20,8;20,7;20,7;20,8;21,2;20,7;20,7;20,8;20,8;21,1;20,9;20,9;20,9;20,7;20,9;21,1;20,9;20,6;21,1;20,7;20,8;20,7;21,2;20,9;21,4;20,9;20,9;21,5;21,2;21,1;21,4;21,4;21,4;21,2;21,4;20,8;20,9;20,7;21,5;21,5;21,1;20,7;20,7;20,5;20,9;20,5;21,1;20,7;20,4;20,6;20,4;20,9;20,4;20,6;19,9;20,1;20,2;20,6;19,9;20,2;20,5;20,7;20,2;20,5;20,6;20;20,2;20,4;20,4;20,2;20,2;19,9;19,9;20,5;20;20,4;20,6;20,1;20,4;19,8;20,2;20;19,9;20,1;20,2;20,4;20;20;20,5;19,8;19,9;19,8;20,1;19,9;20;20,1;19,8;20,5;20,6;19,6;19,9;20;19,9;20,2;20;20,7;20,4;19,8;19,6;19,9;20,5;19,9;20,5;19,9;19,5;19,6;20,7;19,6;19,5;20,1;20,5;20,1;20,2;19,8;20,1;20,2;20,2;20,6;19,8;19,9;19,8;19,5;19,2;19,8;20,6;20,2;19,9;19,9;19,9;19,8;20;20,1;19,9;19,8;19,9;20,4;20,4;20,2;20,5;20,5;20,2;20;20,4;20,4;20,2;19,8;20;19,9;19,5;19,4;20;19,6;20;20,5;20,7;20,2;19,9;19,9;20,2;19,5;20;19,9;19,9;19;20,4;20,5;20;19,2;19,9;20,1;19,6;19,4;19,8;20,6;20,1;19,8;19,4;20,1;19,9;19,9;20,2;20,2;19,8;20;20,1;19,9;19,9;20,1;20,1;19,8;19,6;20,2;20,4;19,9;20,1;19,9;19,8;19,5;20;19,9;19,6;20;19,4;19,5;19,8;19,5;20,1;20,6;20,2;19,8;19,5;19,9;20;20;20;19,8;19,8;20,1;20;20;19,9;20;19,8;19,9;20,4;20;19,8;19,9;20,2;19,9;20,1;20,5;19,8;19,8;20,1;20,4;20,1;19,9;20,1;20,6;20,2;19,8;19,5;19,5;20;19,9;19,6;20,1;20;19,8;19,5;19,5;20,1;19,620,8;20,6;20,7;20,6;20,6;20,5;20,7;20,5;20,6;20,4;20,2;20,6;20,6;20,1;20,4;20,8;20,7;20,1;20;20,2;20,5;20,5;20,2;20,4;20,9;20,7;20,5;20,8;20,6;20,5;20,5;20,5;20,8;20,4;20,5;20,6;20,5;20,6;20,5;20,5;20,7;20,7;20,5;20,6;20,5;20,5;20,9;20,7;20,7;21,4;20;20,2;20,4;20,8;20,6;20,8;20,1;20;20,5;20,1;20,8;20,6;20,4;20,1;20,4;20,5;20,6;20,5;20,5;20,8;20,9;20,6;20,6;20,7;20,4;20,4;20,6;20,4;20,9;20,8;20,2;20,5;20,1;20,7;20,7;20,8;20,6;20,7;20,1;20,6;20,4;21,1;20,1;20,4;20,1;20,6;20,1;20,1;20,2;20,6;21,5;20,6;20,5;20,6;20,1;20,6;20,5;20,6;20,5;20,1;20,2;20,5;20,6;20,2;20,5;20,5;20,5;20,5;20,6;20,7;20,5;20,2;20,2;20,4;20,5;20,5;20,7;20,5;20,5;20,5;20,7;20,5;20,4;20;20,8;20,8;20,2;20,4;20,2;20,2;20,4;20,4;20;20,4;20;20,1;20,4;20;20,5;20,1;20,1;20,8;19,8;20,1;20,7;20,6;20;20,7;19,8;20,7;20,7;20,2;21,1;20,5;20,6;20,8;20,8;20;20,5;20,4;20,7;20,5;20,4;20,2;20,6;20,1;20,7;20,6;20,6;19,6;20,6;20,4;20,6;20,9;20,1;20,6;20,9;20,6;20,8;20,7;20,7;20,5;20,9;20,4;20,7;20,6;20,6;20,6;20,8;21,4;20,8;20,8;20,7;21,2;21,1;20,8;21,1;22,2;22,2;21,5;21,5;22,1;21,6;21,4;21,9;20,8;21,4;21,8;21,5;21,4;21,4;21,5;21,4;22,1;21,4;21,1;21,6;21,5;21,6;21,1;20,9;21,6;21,6;21,4;21,9;21,2;21,9;21,1;21,2;21,5;21,6;21,4;21,2;21,5;21,6;21,5;21,9;21,6;21,9;21,9;21,6;21,4;21,6;22,1;21,6;21,9;21,8;21,5;21,6;21,2;21,2;21,1;21,5;21,6;21,5;22,1;21,8;21,9;22,2;21,9;21,8;22,1;21,8;21,6;21,8;21,9;21,6;21,9;21,8;21,5;21,4;21,4;21,8;22,1;21,5;21,6;21,6;22,1;21,6;21,5;21,9;22;21,4;21,9;21,8;21,9;21,4;22;21,8;21,8;21,6;22;21,9;21,9;21,9;21,8;20,8;21,1;21,8;21,5;21,5;21,6;21,9;21,8;21,8;21,8;21,6;21,6;21,6;21,5;21,5;21,8;21,5;21,8;21,9;21,5;21,5;21,6;21,5;21,6;21,4;21,9;21,8;21,6;21,2;21,4;21,5;21,6;21,8;21,6;21,5;21,8;21,1;21,5;21,4;21,9;21,9;21,9;21,4;21,6;21,4;22;21,6;21,6;21,8;21,8;21,2;21,2;21,4;21,8;21,5;21,8;21,6;21,5;21,6;21,8;21,4;21,2;21,8;21,6;21,5;21,5;21,8;21,9;21,6;21,4;21,8;21,8;21,2;21,2;21,4;21,4;21,8;21,9;21,5;21,4;21,6;21,5;21,9;21,6;21,8;21,9;21,8;21,4;21,1;21,2;22,1;21,8;21,5;21,4;21,2;21,8;20,8;20,7;22;21,9;21,2;21,1;21,6;21,6;21,5;21,4;22;21,8;21,9;21,8;21,9;22,1;21,2;22,2;21,8;21,1;21,2;20,2;21,5;21,4;20,7;21,4;20,8;20,5;20,8;20,7;20,6;20,7;21,4;20,6;20,8;20,7;20,7;20,8;21,6;20,1;20,2;20,5;20,8;20,2;20,5;20,1;19,9;20,6;20,5;20,7;20,7;20,5;20,1;20,6;20,4;20,4;20;20,2;20,1;20,4;20,4;19,9;19,8;20,1;20,2;20;20,5;20,4;20,1;19,8;19,6;20,4;20,2;20,2;19,9;20,1;19,6;20,1;19,8;19,8;19,9;20;20,4;20;20,2;20,5;20,2;19,2;19,8;19,9;20,2;19,6;20,1;19,9;19,6;20,4;19,9;20,1;20,5;20,5;19,8;19;19,9;19,9;20;19,5;19,9;20;19,9;20;20;19,9;19,8;20;19,9;19,9;20;19,9;19,9;20,1;20;20,1;20,5;20,4;20,1;20;20,2;20,2;20,2;19,9;20,1;20,2;19,9;19,8;20,2;19,8;19,8;20;20;20,2;19,5;21,2;19,4;20;19,6;19,3;19,8;20,7;20,4;20,6;19,8;18,7;20,1;19,5;20,1;19,9;20;20,5;20,1;19,9;19,6;19,6;19,8;20,4;20,4;20;20;20,2;20,1;19,8;19,8;19,9;19,9;19,8;19,4;20,5;20,2;19,5;20,2;20,8;19,9;19,8;19,6;20,4;19,8;20;20,4;19,9;19,6;20;20;19,9;19,8;19,6;20;20,1;20,2;19,9;20;20,2;19,9;19,9;19,9;19,9;19,8;20,1;19,8;19,8;20,2;20;19,6;20;20,2;19,8;20,2;20,1;19,8;19,9;19,8;20;20;20,2;20,1;19,9;20,1;20,2;19,6;20,2;20,8;20,1;19,9;19,4;19,9;19,4;19,5;19,5;20,4;19,620,5;20,1;20,7;20,2;20,9;20;20,4;20,4;20;20,2;20,1;20,1;20,8;20,9;20,2;20,2;20,7;20,7;20,2;20;20,2;20,5;20;20,7;20,8;20,9;20,6;20,9;20,4;20,8;21,1;20,5;20,7;20,7;20,6;20,4;20,7;20,7;20,4;20,5;20,6;20,8;20,7;20,5;20,5;20,2;20,1;20,2;20,4;20,5;19,8;20,8;20,2;20,2;20;20,2;20,4;20;20,8;20,6;20,7;20,6;20,4;20,2;20,2;20,4;20,6;20,6;20,7;20,8;20,7;20,6;20,8;20,8;20,4;20,7;20,7;20,4;20,6;20,6;20,8;20,6;20,5;20,4;19,9;20,1;20,2;20,6;20,4;20,6;20,2;20,1;19,8;20,6;20,2;20,4;20;20;20,6;20,4;20,8;20,5;20,1;20,2;20,2;20,6;20,4;20,2;20,4;20,4;20,6;20,5;20,8;20,5;20,5;20,5;20,7;20,7;20,8;21,1;20,5;20,5;20,5;20,4;20,6;20,8;20,7;20,8;20,6;20,8;20,9;20,7;20,7;20,8;20,9;20,9;20,7;20,9;20,7;20,9;20,7;20,9;20,9;20,5;20,8;21,5;20,6;20,8;20,6;21,1;20,6;20,5;20,7;20,4;21,5;21,1;21,5;20,2;20,7;20,9;20,6;21,1;21,5;21,1;20,6;20,6;20,8;20,7;20,9;20,6;20,6;20,8;20,5;20,2;20,9;20,6;21,1;21,1;20,8;20,2;20,5;20,5;20,9;21,1;20,1;21,2;20,8;20,4;20,6;20,9;20,7;20,7;21,2;20,8;21,2;20,7;20,6;20,5;20,8;20,9;21,4;20,9;21,1;21,1;21,4;20,9;21,4;21,5;21,5;21,6;21,8;21,2;21,5;20,6;22,1;22,2;21,6;21,6;21,6;21,4;22;21,1;21,5;21,6;22;21,1;21,5;20,9;21,6;21,4;21,5;21,5;21,4;22;22,3;21,5;21,4;21,4;21,8;21,6;21,9;21,4;21,5;21,8;21,6;21,6;21,1;21,6;21,8;21,4;21,4;21,6;21,9;22,1;21,8;21,5;21,6;21,6;21,9;21,4;21,5;21,8;21,4;21,6;22;21,6;21,6;21,5;21,2;21,4;21,5;21,6;21,5;21,6;21,9;22;21,6;21,5;21,9;21,8;21,5;21,6;21,8;22,1;21,6;21,9;21,6;22;21,6;21,4;21,9;22,2;21,4;21,6;21,8;22,1;21,5;22;21,4;21,5;21,8;21,5;21,5;21,8;21,8;22;20,8;21,5;21,5;21,8;20,9;21,2;21,9;21,5;21,8;21,8;21,4;21,8;21,1;21,9;20,8;21,5;21,2;21,6;21,5;21,8;21,2;21,6;21,8;21,2;20,9;21,5;21,9;22,2;21,2;21,8;20,9;21,4;21,8;21,8;21,9;21,8;20,8;21,6;21,8;21,8;22;21,4;20,9;21,8;21,8;22,1;21,5;21,8;21,6;21,1;21,1;21,5;21,6;21,9;21,6;21,6;21,4;21,1;20,9;21,2;21,8;21,6;20,9;21,1;21,2;21,5;21,4;20,9;21,4;21,1;21,1;21,8;21,5;21,1;21,1;21,6;21,5;21,4;21,4;21,2;20,9;20,9;21,1;21,2;20,9;21,5;22,1;21,6;21,2;20,9;21,4;21,4;21,4;21,5;21,2;21,8;21,9;21,8;21,5;21,1;21,4;20,9;21,2;21,2;21,9;21,6;21,8;21,5;21,8;21,8;21,8;22;21,8;21,9;21,6;21,5;21,5;21,4;21,1;20,9;20,8;21,2;21,4;20,5;21,4;20,5;21,1;20,4;20,7;20,4;21,2;20,6;20,7;20,9;21,5;20,1;20,1;20,5;21,4;20,4;20,9;20,4;20,5;21,1;20,7;21,1;20,8;20,6;20,2;20,6;20,4;20,2;20,5;20,2;20,6;20,6;20,6;20,6;20,2;20,6;20,7;20,6;20,4;20,6;20;20,2;20;20,6;20,7;20,5;20,4;20,5;20,2;20,1;20,2;20,4;20,4;20,4;19,9;20,4;20,6;20,6;20,1;20,4;20,2;19,8;20,1;20,1;20,4;19,9;20,4;20,5;20,9;20,8;20,9;20,4;20,5;20,2;21,1;21,1;21,4;20,8;20;20,1;20,2;20,5;20,1;20,1;20,4;20,5;20,2;20;20;20,1;20;20;20,1;20,4;20,4;20,1;20,2;20,2;20;19,8;19,8;19,6;19,9;19,8;19,4;19,2;20;19,9;19,6;19,8;19,8;20;19,6;19,8;19,6;20;19,5;19,6;19,6;19,9;19,5;19,9;20;19,2;19,9;20;19,9;19,4;19,6;19,9;20;19,6;19,8;19,8;19,9;20,1;20;19,9;19,9;20;20,1;20,1;20,2;20;19,8;19,4;19,4;20,1;19,6;19,5;20,6;19,9;20;20,1;19,5;19,8;20;20,1;20,2;19,6;19,5;19,6;20,1;19,9;20,1;19,4;19,6;19,8;19,5;20;20,1;19,6;19,6;19,9;19,9;19,6;19,6;20,1;19,9;20,1;20,6;20,2;19,8;19,6;20,1;19,9;19,8;19,3;19,6;19,9;20;19,9;19,8;19,9;19,5;18,8;19;19,5;19,4;19,8;20,4;19,5;18,8;19,6;20,1;19,8;19,6;19,8;20,6;20,120,4;20,5;20,6;20,5;21,1;20,5;20,6;20,4;21,4;20,2;20,6;20,4;20,2;20,2;20,7;20,8;20,6;20,4;20,4;20,4;20,4;20,5;20,2;20,9;20,7;20,6;20,4;21,1;20,2;21,1;20,7;20,7;20,7;20,5;20,5;20,4;20,5;20,5;20,5;20,2;20,7;20,9;20,5;20,5;20,4;20,1;20,6;20,4;19,8;20,2;20,4;20,2;20,9;20,4;20,2;20,2;20,4;20,4;20,5;20,6;20,5;20,5;20,7;20,4;20,5;20,5;20,6;20,6;20,7;20,9;20,8;20,6;20,7;20,9;20,8;20,8;20,7;20,6;20,7;20,6;21,4;20,9;20,7;20,5;20,6;20,7;20,4;20,5;20,6;20,2;21,1;20,9;20,9;20,6;20,5;20,8;20,5;20,6;21,5;20,9;20,7;21,5;20,4;20,8;20,9;21,1;21,1;20,8;20,6;20,5;20,7;20,9;21,1;21,1;20,9;20,6;20,9;21,1;20,9;21,1;20,8;20,7;20,6;20,5;20,6;20,7;20,8;20,9;20,8;20,9;20,9;20,7;20,6;20,7;20,8;20,6;21,1;20,6;20,4;20,7;20,8;20,6;20,9;20,9;20,7;20,7;20,6;21,2;20,9;21,1;20,8;20,4;20,8;20,8;20,8;21,4;20,9;20,7;21,1;20,8;21,2;20,8;20,5;20,7;20,2;20,8;20,7;21,4;20,9;20,8;20,6;21,1;20,5;20,5;20,8;21,1;20,9;20,7;20,8;20,7;20,4;20,6;20,8;20,9;20,5;20,9;20,5;20,2;20,5;20,8;20,9;20,6;20,9;20,8;20,6;20,6;20,8;20,6;20,6;20,7;21,4;20,8;21,1;20,7;21,6;21,2;21,4;21,4;21,4;20,7;21,5;21,2;21,4;21,2;22,1;21,5;21,6;22;21,4;21,4;21,5;20,8;20,9;21,1;21,5;20,5;20,8;21,6;21,4;20,9;20,9;21,4;21,2;20,7;21,4;21,2;21,1;21,5;21,1;21,4;21,2;21,2;21,1;21,2;21,8;21,2;21,2;21,1;20,7;21,2;21,6;21,8;21,8;21,5;20,9;21,2;21,4;21,4;21,5;21,4;21,2;21,5;21,6;21,2;20,9;21,4;21,4;21,2;21,2;21,4;21,6;21,4;21,4;21,8;21,4;21,1;21,2;21,5;21,6;21,6;21,1;21,1;21,5;21,8;21,4;22;21,6;21,5;20,9;21,1;21,2;21,6;21,2;21,2;21,4;21,8;21,4;21,6;21,4;21,2;20,9;21,2;21,4;21,4;21,4;21,2;20,7;21,1;21,5;21,4;20,8;20,9;21,4;21,5;21,5;21,6;20,7;20,9;21,1;21,2;21,2;21,8;21,4;21,5;21,5;21,8;21,4;21,8;21,8;20,9;21,5;21,5;21,9;22,3;20,9;21,8;20,4;21,2;21,8;21,4;21,1;21,4;21,1;21,5;21,4;21,5;21,5;21,4;21,2;21,9;21,6;21,6;21,6;21,8;21,2;21,2;21,6;21,9;22;21,4;20,7;20,8;20,9;21,1;21,4;21,4;21,5;21,2;20,7;20,9;21,1;21,4;21,9;21,8;21,4;21,1;21,2;21,6;21,4;20,9;21,2;21,4;21,1;20,8;21,2;21,2;21,1;21,6;21,5;21,1;20,9;21,4;21,5;20,9;21,4;21,1;20,9;20,7;20,8;20,8;21,5;21,1;21,4;21,5;20,9;21,1;21,1;21,1;21,5;21,4;21,2;21,1;21,4;21,1;20,6;21,6;20,2;21,8;21,4;20,9;20,8;21,2;21,2;20,2;21,4;20,6;21,4;21,4;20,7;20,5;20,9;20,2;20,8;20,4;20,7;20,4;20,7;20,4;20,8;20,5;20,6;19,6;20;20,4;21,2;20,6;20,9;20,2;20,7;20,6;20,4;20,8;20,6;20,5;20,4;19,9;20,2;20;20,5;20;20,4;20,6;20,4;20,7;20,6;20,1;20,5;20,2;19,8;20,9;20,5;20,5;20;20,2;20,4;20,5;20,8;19,6;20,7;20,8;20,4;20,4;20,2;20,2;20,8;20,5;20,6;20,5;20,6;20,4;20,1;20,5;20,4;20,6;20,6;20,2;19,8;20;19,9;20,7;20,6;20,2;20,5;20,2;20,4;20,6;20,5;20,2;20,1;20,2;20;19,9;19,8;20,1;20,6;20,5;20,4;20,2;20,1;20,4;20,2;20,1;20,4;20,7;20,5;20,4;20,5;20,2;20,1;20,1;20,4;20,2;20,5;20,2;20;19,9;20,5;20,7;19,9;20,1;20,2;21,1;20,2;20,4;19,9;20,2;20,1;20,5;20,5;19,4;19,9;20,6;20;19,5;20,5;19,6;20,1;20;20;20,2;20,5;19,9;19,9;19,9;20,1;20,1;20,2;20,2;20;20;20,4;20,6;20,7;20,2;19,8;19,5;19,8;20,1;19,8;19,6;20,2;19,4;19,9;19,8;20;19,9;19,6;19,9;19,6;19,4;19,9;19,9;20,4;20,2;19,9;19,5;19,3;19,8;20;19,9;20;20;19,8;19,8;19,9;19,9;19,5;19,9;19,9;20,4;20,5;20,1;20;19,5;19,9;19,6;19,9;19,3;19,4;19,5;19,8;20,4;20;19,8;19,6;19,8;20,2;19,8;19,6;19,8;19,8;20,2;19,4;19,5;19,5;19,8;20,4;19,8;20,1;20,120,2;20,6;20;20,2;20,8;19,8;20,1;20,4;20;20,2;20,6;20,6;20,1;20,2;20,4;20,9;21,2;21,1;20,6;20,1;20,1;20,2;20;20,7;20,8;20,5;20,6;20,9;20,7;20,5;20,5;20,7;20,9;20,2;20,6;20,8;20,5;20,8;20,9;21,1;20,9;20,7;20,7;20,5;20,6;20,9;21,1;20,7;20,6;20,8;20,2;20,8;21,1;21,4;21,1;20,5;21,5;20,9;20,2;21,1;20,5;20,8;20,8;20,4;20,8;20,7;20,9;20,9;21,4;21,4;21,1;20,8;20,8;20,7;20,6;20,5;20,4;20,9;20,8;20,5;21,1;20,9;20,8;20,7;21,1;20,4;20,7;20,9;20,7;20,7;21,2;20,4;20,7;20,7;20,5;20,5;20,8;21,1;20,6;20,8;20,2;20,1;20,6;20,9;20,9;20,8;20,8;20,6;20,2;20,5;20,2;20,8;20,7;20,5;21,1;20,7;20,7;20,7;20,6;20,7;20,7;20,6;20,5;20,5;20,6;20,7;20,7;20,7;20,6;20,4;20,8;20,7;20,6;20,7;20,7;20,5;20,6;20,6;20,5;20,7;20,2;20,5;20,5;20,4;20,4;20,6;20,7;20,7;20,5;20,4;20,6;20,8;20,1;20,5;20,6;20,6;20,7;20,9;20,5;20,2;20,6;20,1;20,4;20,7;20,2;20,2;20,6;20,6;20,6;20,7;19,9;20,8;20,4;20,5;20,5;20,9;20,6;20,6;20,5;20,7;20,5;20,5;20,6;20,5;20,4;20,2;20,4;20,6;20,1;20,4;20,6;20,6;20,5;20,2;20,2;20,4;20,5;20,4;20,7;20,8;20,8;20,7;20,9;20,8;20,8;21,1;20,4;21,4;21,1;20,8;21,4;21,2;21,4;21,1;22;21,8;21,4;21,2;21,4;21,4;20,9;21,4;21,8;21,2;21,5;20,7;21,5;21,4;21,4;20,8;20,9;21,4;21,5;21,2;20,8;21,6;21,8;21,1;21,2;21,4;20,7;21,2;21,8;21,5;21,4;20,9;21,4;21,8;21,9;21,8;21,9;21,8;21,2;21,2;21,2;21,4;21,5;21,4;21,6;21,4;21,2;21,1;21,2;21,2;21,1;20,9;20,8;20,9;21,6;21,6;21,6;21,5;21,2;21,2;20,8;20,9;21,4;21,5;21,4;21,9;22;21,8;21,4;21,8;21,4;21,8;21,6;21,9;21,6;21,6;21,4;21,1;21,2;21,6;21,6;21,6;21,9;21,8;21,4;21,5;20,9;21,5;20,8;21,5;21,8;21,2;21,1;21,6;21,6;21,4;20,7;21,4;21,1;21,6;21,8;21,8;21,5;20,6;20,8;21,5;21,9;21,8;21,6;21,1;21,2;20,9;21,5;21,2;21,6;21,1;21,9;21,5;21,1;22;21,1;21,5;21,2;21,6;21,8;21,9;20,9;21,6;21,6;21,8;21,2;21,8;21,9;21,8;21,5;21,8;21,5;21,5;21,4;21,5;21,6;21,6;21,5;21,4;21,1;20,9;20,8;20,8;21,2;21,8;21,5;21,2;20,8;20,8;21,1;21,8;21,4;21,2;21,2;21,1;21,4;21,4;21,5;21,6;21,4;21,1;20,9;20,9;20,9;21,4;21,1;21,1;21,1;21,2;21,1;21,5;21,5;21,6;21,6;21,2;21,4;20,9;20,9;20,7;20,8;21,1;21,1;20,7;20,8;21,6;21,4;20,9;21,1;21,1;21,1;21,2;21,5;20,6;21,4;21,8;21,4;21,4;20,9;21,5;20,8;21,2;21,6;21,4;22,1;20,8;20,9;20,6;20,6;20,9;21,1;20,6;20,9;20,1;20,5;21,1;20,2;20,5;20,6;20,5;21,1;20,6;20,4;19,9;20;20,8;20,5;20,6;20,7;20,4;20,2;20,4;20;20,5;20,5;20,4;20,2;19,9;20;20;20,1;20;20,5;20,5;20,1;20,4;20,2;20,2;20;20,2;20,1;20,2;20,4;20,2;19,8;20,2;20,5;20,5;20,2;19,6;19,9;20,4;20,2;20,1;20,4;20,4;19,9;20,4;20,4;20,4;20,1;20;19,5;20,1;20;20,2;20;20,2;20,5;20,1;20,4;19,6;20,2;20,2;20,5;20;20;20,4;20,2;20,2;20,1;20,2;20,1;19,5;19,8;20,2;20,5;20,5;20,4;20,2;20,2;20,4;20,2;20,1;20,1;20,5;20,5;20,2;20,1;20;20;20,4;20,4;20;20,2;20,4;20;20,1;20,2;19,8;19,8;20;20,6;19,3;20,7;20,5;19,5;19,4;20,6;21,1;19,9;19,9;20,6;20;20,4;19,8;20,1;20,1;19,6;20;20,2;20,6;20,6;20,4;20;20,1;20,1;20,1;20,2;20,5;20,4;20,2;20,1;20,2;20,4;20,4;20,5;20,2;20,1;20,1;20,2;20;20,7;20,2;20;19,6;20,6;20,1;20;20,2;20,4;19,8;20,4;20,4;20,5;20,5;20,7;20,2;19,9;20,1;20,5;20,2;20,4;20,6;20;19,6;20,1;20,5;20,2;19,9;20;20,2;20,4;20;20,2;19,6;20,1;19,3;20,1;20;20;19,4;19,8;20;19,6;19,6;19,9;19,5;19,5;19,3;18,8;19,4;19;19,5;20,1;19,5;19,3;20;19,9;19,6;20,1;2020,5;20,8;20,4;20,5;21,1;20,6;20,5;21,1;20,2;20,7;20,2;20,2;21,1;20,8;20,7;20,9;20,8;20,6;21,1;21,2;20,7;20,6;20,6;21,2;20,8;21,1;20,9;21,2;20,7;20,6;21,1;20,6;20,8;20,5;20,9;20,9;20,4;20,8;20,6;21,1;21,1;20,7;20,8;20,7;20,7;21,1;20,8;20,9;20,9;20,6;20,6;20,8;21,4;20,5;20,8;20,7;20,5;20,9;20,6;20,7;20,4;21,2;20,8;20,1;20,8;20,9;21,1;20,9;21,2;21,1;20,8;20,7;20,8;20,4;20,2;20,2;20,4;20,8;21,1;20,7;20,9;20,5;20,6;20,1;20,2;20,1;20,5;20,9;20,5;20,2;20,8;20,6;20,7;20,5;20,6;20,4;20,4;20,2;20,2;20;20,7;20;21,1;20,5;20,5;20,6;20,5;20,4;20,1;20,7;20,4;20,6;20,7;20,4;20,2;20,6;20,6;20,6;20,6;20,6;20,6;20,5;20,2;20,4;20,5;20,7;20,7;20,7;20,2;20,4;20,7;20,6;20,6;20,7;20,7;20,4;20,4;20,4;20,4;20,5;20,4;20;20,4;20,2;20;20,8;20,6;20,6;20,2;20,2;20,6;20,2;20,1;20,6;20,7;20,6;20,2;20,4;20,8;20,4;20,7;20,9;20,7;20,9;20;20,6;20,1;20,6;20,1;20,9;20,4;20,6;20,6;20,2;20,5;20,8;20,5;20,7;20,6;20,8;21,2;20,1;20,6;20,6;20,4;19,9;20;20,8;20;20,2;20,5;20,9;20,8;19,9;20,8;20,2;19,9;20,4;21,1;20,8;20,6;21,1;21,2;20,7;20,6;20,9;20,9;21,2;21,6;20,9;21,2;21,1;21,5;20,9;21,8;21,2;21,5;21,6;21,4;21,6;21,4;20,9;20,9;21,1;21,2;21,1;21,4;20,9;20,7;21,1;21,4;22;21,6;21,8;21,4;21,5;21,8;21,2;21,4;21,2;21,1;20,4;20,8;21,1;21,4;21,2;21,4;21,8;22;21,5;22;22;21,6;21,5;21,5;21,6;21,9;21,6;21,4;21,5;21,8;21,5;21,4;21,4;21,2;21,2;20,9;21,6;21,9;21,4;21,2;21,4;21,6;21,9;21,6;21,1;21,4;21,8;22;21,6;21,4;21,9;21,8;21,8;21,2;21,8;22;21,6;21,8;21,5;21,4;21,2;21,5;21,6;21,9;21,5;21,9;21,9;21,6;21,4;21,5;21,9;20,9;21,6;22,1;21,5;21,4;21,6;21,4;21,8;21,4;21,8;21,5;21,6;21,2;21,5;22;21,5;20,8;21,9;21,9;21,5;21,2;21,5;21,5;21,2;21,4;21,5;21,4;21,4;21,9;21,2;21,2;21,6;21,4;21,2;21,2;21,5;21,6;21,5;21,6;21,6;21,6;21,8;21,6;21,8;21,8;21,8;21,4;21,6;21,5;21,2;21,5;21,8;21,6;21,2;21,5;21,8;21,5;21,4;21,1;21,4;21,9;21,5;21,6;21,6;21,2;21,2;21,5;21,8;21,5;21,2;21,5;21,6;21,6;21,6;21,4;20,9;21,2;21,5;21,5;21,5;21,8;21,1;21,1;21,5;21,2;21,5;21,4;21,5;21,5;21,2;21,9;21,4;21,4;21,1;21,2;21,1;21,2;21,6;21,4;21,1;21,2;20,9;20,9;20,9;21,9;20,9;21,1;21,4;21,5;21,5;21,5;21,5;21,6;20,9;21,1;21,6;21,6;21,5;21,4;21,2;21,1;20,9;21,8;20,9;20,7;20,6;20,9;20,5;20,8;20,4;20,6;20,7;20,4;20,7;21,2;20,5;21,4;20,6;20,2;20,2;20,1;20,8;20,4;20,6;20,6;20,7;20,4;20,5;20,4;20,7;20,8;20,6;20,4;20,2;20;19,9;20,4;20,1;20,8;20,4;20;20;20,4;20,9;20;20,2;21,1;19,9;20,9;20,1;20,1;20,5;19,9;20,4;20,5;19,5;20,4;20,2;20,9;20,7;21,1;20,6;20,5;20,2;20,6;20,2;20,1;19,8;20,5;19,8;20,4;20,5;20,5;20,5;20,1;20,2;20,4;20,4;20,2;20,1;20;19,6;20,1;20,4;20;20,1;20,1;20,4;20,5;20,1;20,4;20,4;20,1;20,2;20,4;20,4;20,4;20,2;20,1;20,1;20,1;20,2;20,2;20,1;19,8;19,9;20;20,2;20,5;20;19,8;20;19,9;20,1;20,5;19,6;19,9;19,5;20,4;20;19,9;19,9;19,5;20,1;20,6;20,6;19,6;19,9;20,7;20,2;20,2;19,5;20,4;20;19,8;19,8;19,8;20,1;20,2;20,2;20,1;20,4;20,2;20;20,1;20,2;20,2;20;19,9;19,9;20;20,5;20,4;20,5;20,4;19,9;20,1;20,2;20,8;20,4;20,5;19,8;19,9;20,4;20;20,8;20,7;20,2;20,9;20,6;20,1;20,5;19,8;20,2;20,2;20,1;20,1;20,1;20,2;20,7;20,5;20,4;20,5;20,4;20,5;20;20,2;19,8;20,5;20,2;20,2;20,6;20,6;20,1;20;19,8;20,1;20,4;20,1;20;20,4;20,4;20;20,1;20,2;20,2;20,4;19,6;19,8;20,5;20,1;19,8;19,9;19,9;20,1;19,8;20,2;20,220,7;20,7;20,6;20,5;21,2;20,8;20,7;20,9;20,7;20,9;20,5;21,1;21,2;20,9;20,8;20,8;20,8;20,6;20,4;20,4;20,6;20,9;20,9;20,7;20,8;21,1;20,7;20,8;20,4;20,5;20,7;20,6;20,4;20,7;20,9;20,5;20,7;20,8;20,4;20,8;20,9;21,1;20,8;20,5;20,2;20,7;20,9;20,5;20,8;20,5;20,4;20,8;20,9;20,4;20,7;20,6;21,2;20,7;20,1;20,9;20,6;20,8;20,4;20,2;20,9;20,6;20,5;20,5;20,7;20,8;20,6;20,4;20,6;20,6;20,5;20,4;20,2;20,6;20,7;20,5;20,8;20,7;20,5;20,1;20,1;20,7;20,4;20,8;20,7;20,7;20,7;21,1;20,5;20,5;21,2;19,6;20,7;20,4;20;20,5;20,8;20,1;20,8;20,2;19,8;20,4;20,7;20,2;20,6;20,9;20,9;20,6;20,5;20,5;20,2;20,4;20,6;20,6;20,6;20,7;20,9;20,6;20,4;20,4;20,6;20,7;20,9;20,8;20,5;20,7;20,8;20,6;20,8;20,8;21,1;20,7;20,5;20,8;20,7;21,1;20,9;20,9;20,6;20,6;20,8;20,8;20,5;20,6;20,9;20,7;21,1;21,1;20,8;20,5;20,7;20,6;20,8;20,2;20,5;20,7;21,5;20,8;20,5;20,9;20,7;20,2;20,2;20,9;20,6;20,7;20,6;20,7;20,4;20,6;20,6;21,1;20,6;20,8;20,5;20,5;21,1;20,2;20,4;20,4;20,7;20,4;20,6;20,9;20,5;20,2;20,7;21,2;20,9;20,5;20,8;20,5;20,2;20,6;21,4;20,5;20,9;20,9;21,5;20,7;20,7;20,9;21,4;21,5;21,2;20,7;21,6;21,5;21,6;20,9;21,6;21,1;21,4;21,4;21,1;21,5;21,2;21,5;21,2;21,1;21,2;20,8;21,1;20,9;20,8;20,8;20,9;21,2;21,5;21,1;21,2;21,9;21,6;21,8;21,6;21,4;21,5;21,6;21,5;21,8;21,6;21,2;21,5;20,9;21,5;21,9;21,6;21,4;21,6;21,9;21,6;22;22,1;21,6;21,6;21,6;21,5;21,5;21,4;21,8;21,5;20,9;21,2;21,8;21,9;22;21,8;21,8;21,8;21,4;21,6;21,6;21,5;21,4;21,4;21,5;21,5;22;21,6;21,4;21,8;21,6;21,2;21,4;21,6;22,1;21,8;21,2;21,5;21,6;21,8;21,4;21,5;21,4;21,4;21,6;21,1;21,9;21,4;21,9;21,8;21,9;21,8;21,8;21,6;21,5;21,5;21,9;21,5;21,5;20,8;22;21,9;21,4;21,4;21,2;21,5;21,2;21,5;21,5;21,6;21,9;21,5;21,9;20,9;21,2;21,6;21,2;20,9;21,6;21,4;21,8;21,1;21,1;21,9;20,9;21,2;21,6;21,6;21,2;21,6;21,9;21,8;22;21,5;21,5;21,8;21,9;21,4;21,2;21,5;21,2;21,5;21,9;21,5;20,9;20,8;21,2;21,2;21,2;21,4;21,6;21,8;21,6;21,4;21,6;21,6;21,6;21,6;21,2;20,9;21,1;21,6;21,8;21,5;21,2;21,4;21,5;21,4;21,1;21,1;21,5;21,6;21,4;21,6;21,8;21,5;21,6;21,8;21,2;20,8;20,8;21,8;21,5;21,2;21,6;21,6;21,2;21,4;21,9;21,4;20,9;21,4;20,9;20,8;21,4;21,5;21,8;21,4;21,6;21,2;20,9;21,4;21,4;21,6;21,1;21,5;21,2;21,1;21,1;21,4;21,5;20,5;20,9;21,2;20,7;21,4;20,6;20,8;20,6;20,4;20,7;20,8;20,7;21,1;20,4;20,4;20,4;20,6;20,7;20,4;20,7;20,6;20,7;20,5;20,7;21,1;20,8;20,9;20,7;20,9;20;20,4;19,9;20,7;20,1;20,5;20,6;20;20,1;20,4;20,5;20,2;20,2;20,9;20,2;20,5;19,9;20,5;20,2;20;20,2;19,4;20,1;19,9;20,5;20,5;20,5;20;20,1;20,5;20,5;20,2;20,6;20,7;20;20,6;20,2;20,4;19,9;20;20;20,5;20,5;20,2;20,2;20,6;20,5;20,4;20,2;20,7;20,5;20,2;20,2;20,5;20,5;20,7;20,7;20,6;20,4;20,2;20;19,9;20,1;20,4;20,5;20,1;20,2;20,5;20,2;20,2;20,4;20,1;20,1;20,1;19,9;20,1;19,5;19,8;20;20,1;19,9;20,1;20,5;20,1;20,4;19,9;19,8;20;20,1;19,3;19,6;20,4;19,4;20,6;19,5;19,5;20,2;19,6;19,6;20,5;20,4;20;20;19,9;20,5;20,2;20,2;20,1;20,2;20;19,9;20,2;20,2;20;20,1;20,2;19,9;19,8;19,9;19,9;20;19,9;20;20,1;20,5;19,9;19,6;20,4;20,2;20,1;20,2;20,4;19,6;19,9;20;19,6;19,5;20,1;20,1;19,9;20,2;20,4;20;19,8;20,1;20;20,1;20,4;20,6;20,5;20,1;19,9;19,9;19,9;19,8;20,5;20,4;20;20,7;20,4;20,2;20,1;19,6;19,6;19,8;20,1;20,6;20,5;20;19,8;19,8;20,4;20,8;20,4;20,2;20,8;20,5;20;19,9;19,6;20,2;20,6;20;20,1;20,520,5;20,4;20,5;20,6;21,4;20,9;20,5;20,9;20,7;20,4;19,9;21,5;21,4;20,7;20,5;20,6;21,4;20,7;20,6;20,9;20,5;20,1;20,5;20,8;20,8;20,9;20,6;20,7;20,2;20;20,5;20,5;20,5;20,5;20,9;20,4;21,1;20,9;20,6;20,6;20,5;20,5;20,5;20,6;20,6;20,6;20,7;20,8;20,7;20,4;20,2;20,1;20,6;20,4;20,5;20,5;20,2;20,4;20,6;19,5;20,5;21,2;20,5;19,9;20,5;20,5;20,9;20,8;20,8;20,7;20,7;20,8;20,8;20,7;20,7;20,5;20,4;20,7;20,8;20,7;20,6;21,1;20,7;20,6;20,4;20,9;20,7;20,9;20,7;20,9;20,8;21,1;20,6;20,5;20,6;20,1;20,9;20,4;20;20,5;20,7;20,5;20,2;20,5;20,5;20,6;20,8;20,8;20,8;20,9;20,9;20,7;20,8;20,6;20,7;20,7;20,7;20,6;20,6;21,2;20,8;20,7;20,8;20,6;20,7;20,8;20,8;20,7;20,5;20,5;20,6;20,4;20,5;20,8;20,9;21,2;20,9;21,1;20,6;20,8;20,9;21,1;20,9;20,7;20,4;20,4;20,5;20,6;20,9;20,2;20,6;20,7;20,4;20,7;20,8;21,1;20,9;20,8;20,6;21,1;21,2;20,2;20,2;20,8;20,8;20;20,9;20,6;20,5;20,1;20,1;21,2;20,7;20,8;20,6;20,8;20,6;20,8;20,2;20,9;20,6;20,1;20,5;20,2;20,9;20,6;20,9;20,8;20,8;20,5;20,5;20,8;20,7;20,7;20,6;20,8;20,7;20,6;20,9;20,5;21,1;20,9;21,5;20,8;20,9;20,9;20,8;21,2;20,8;20,8;21,5;21,4;22;20,9;21,2;20,9;21,2;21,9;21,6;21,5;21,2;21,8;21,5;21,2;21,8;21,4;21,5;21,1;21,1;21,1;20,8;21,5;21,5;21,1;21,5;21,8;21,6;21,4;21,6;21,8;21,9;21,6;21,8;21,5;21,2;20,9;21,1;21,5;21,8;21,5;21,8;22;21,5;21,2;21,5;21,4;21,9;22,1;21,4;21,4;21,8;21,8;21,6;21,2;21,2;21,4;21,5;21,4;21,1;20,8;21,5;21,6;21,2;21,1;21,2;21,2;21,1;21,2;21,9;21,9;21,8;21,6;22;21,6;20,8;21,4;21,5;22;21,8;21,5;21,1;21,2;21,4;21,5;21,9;21,2;21,8;21,9;21,6;21,2;21,4;21,6;21,4;21,8;21,6;21,8;21,4;21,4;21,9;21,2;21,4;22;21,5;21,5;21,1;22,2;21,4;21,2;21,6;21,2;21,4;21,4;21,2;21,8;21,6;21,5;21,4;21,5;21,2;21,8;21,4;21,2;21,2;21,8;21,4;21,2;21,2;21,2;21,8;21,1;21,1;21,9;21,4;21,1;21,6;21,6;21,4;21,1;21,9;22,2;21,6;21,8;21,6;21,5;21,8;21,9;22;21,9;21,6;21,1;21,4;21,8;21,8;22;21,9;21,6;21,4;21,2;21,8;22;22;21,6;21,4;21,2;21,1;21,1;21,6;21,9;21,4;20,8;21,1;21,2;21,4;21,5;21,8;21,1;21,5;21,8;21,5;21,4;21,2;21,4;21,8;21,6;21,5;21,2;21,8;21,6;21,9;21,6;22;21,9;22;21,8;21,5;21,8;22,2;21,6;21,8;21,4;21,4;21,4;21,5;21,2;21,1;21,4;21,5;20,8;21,5;20,8;21,5;21,6;21,1;20,8;21,1;21,4;20,6;21,1;21,4;20,6;21,2;21,2;20,5;20,5;20,5;21,1;20,9;20,6;20,6;20,9;20,4;20,4;20,5;20,6;20,7;20,6;20,4;20,6;20,6;20,8;21,5;20,4;20,7;20,7;21,4;20;20,8;20,1;20,7;20,5;20,7;20,7;20,2;20,4;20,4;20,1;20,7;20,2;20;20,4;20;20,4;19,9;20,4;20,4;20,2;20,6;20,5;20,6;19,9;20,4;20,5;20,6;20,5;20,4;20,2;20,5;20,5;20,1;20,5;20,4;20,4;20,2;20,5;20,9;20,7;20;19,5;20;20,5;20,5;20,2;20,4;20,4;20,6;20,5;20,4;20,1;20,1;20,2;20,5;20,6;20,7;20,5;20,2;20;20;20,2;20,2;20,4;20,4;20,6;20,6;20,4;20,2;20,1;20,4;20,4;20,2;20,4;20,5;20;20,7;20,8;20;20,2;20,2;20,2;19,8;20,6;20,8;20,1;20,4;20;19,9;19,9;21,1;19,8;20,8;20,2;20;20,1;20,1;19,4;20,2;20,4;20,1;19,8;20;20,6;20,1;20;20;20;19,8;19,9;20,4;20,4;20,5;20,1;20;19,8;20;20;20;19,4;19,4;20,4;20,4;20,1;20,2;19,5;20,1;19,8;20,1;19,2;20,4;19,9;19,4;19,8;20,4;20,5;20,1;20,5;20,4;20;20,4;20,4;20,1;20,4;20,2;19,8;20,1;19,8;19,9;20,1;19,5;20;19,6;20,1;20,4;20,4;20;20;19,5;19,6;20,4;20;19,5;19,6;20,4;20,6;20,5;20,4;20,2;19,9;20,2;20,1;19,3;19,5;20,5;20;20,4;19,8;19,2;20,4;20,6;20,4;20,2;20,420,2;20,4;20,4;20,5;20,7;20,9;20,6;20,8;20,8;20,5;20,1;21,1;20,6;19,8;20,6;20,6;20,6;20,9;20,8;20,9;20,6;20,2;20,6;20,6;20,4;20,6;20,7;20,4;20,6;20,1;20,9;20,1;20,8;20,4;21,1;20,4;21,1;21,1;20,9;20,8;20,6;20,4;20,6;20,7;20,4;20,2;20,2;20,1;20,4;20,8;21,1;20,6;21,1;20,8;20,8;20,8;20,5;21,1;21,2;20,1;21,1;20,9;21,2;20,8;21,1;20,4;21,1;20,9;21,1;20,8;20,8;21,1;20,9;20,8;20,8;20,7;20,7;20,7;20,8;20,7;20,8;21,4;20,8;20,9;20,7;20,8;20,9;20,5;20,6;20,7;20,8;21,1;20,4;20,6;20,9;20,6;20,8;20,7;20,2;20,7;20,4;19,5;20,6;20,6;20,1;21,1;20,8;20,5;20,2;20,7;20,8;20,7;20,7;20,5;20,6;20,6;20,6;20,8;20,8;20,9;20,6;20,8;20,7;20,5;20,5;20,7;20,6;20,5;20,7;20,7;20,6;20,5;20,5;20,6;20,7;20,7;20,7;20,8;20,7;20,4;20,5;21,2;20,9;20,7;20,7;20,6;20,8;20,9;21,2;20,7;20,8;21,2;20,9;20,2;21,1;20,8;21,1;20,6;20,9;20,2;20,6;20,6;20,5;21,1;20,7;20,6;20,6;20,6;20,6;20,2;20,6;21,2;20,7;20,9;20,1;20,4;20,9;20,9;20,2;20,8;20,4;20,1;20,6;20,6;20,9;20,1;20,9;20,7;20,8;20,6;20,4;20,5;20,6;20,5;20,5;20,8;20,5;20,4;20,6;20,6;20,6;20,8;20,9;20,6;20,5;20,6;20,5;20,8;20,7;20,8;20,7;21,1;21,6;20,6;20,6;21,2;20,9;21,6;21,5;21,4;21,2;21,2;20,5;20,8;21,4;21,8;21,1;20,7;21,1;21,2;20,7;20,9;21,2;20,7;21,4;21,1;21,1;20,9;20,9;21,1;21,2;20,9;21,9;21,5;21,1;21,6;21,6;21,4;21,2;21,4;21,4;21,1;21,2;21,2;21,4;21,1;21,6;21,6;21,4;21,4;21,8;21,8;21,5;21,4;21,2;20,9;20,8;20,8;21,2;21,6;21,6;21,5;20,9;20,9;20,9;21,1;21,2;21,4;21,2;21,8;21,8;21,8;21,9;21,6;21,2;21,9;21,6;21,5;21,1;20,8;20,9;21,2;21,4;21,6;21,4;21,2;20,8;21,1;20,9;20,8;21,6;21,4;20,9;21,1;21,5;21,9;20,9;20,9;21,2;21,4;20,8;21,4;21,4;20,8;21,2;21,6;21,1;21,6;21,1;20,8;21,1;21,8;21,1;21,8;20,9;20,9;21,8;21,1;21,5;21,2;20,7;21,5;21,1;21,2;21,2;21,4;20,9;21,2;21,1;21,2;21,5;21,6;21,1;21,5;21,2;21,8;21,6;21,5;20,9;21,6;21,6;21,4;21,2;20,8;21,4;21,9;21,5;21,9;21,8;21,2;21,1;21,1;21,1;20,9;21,4;21,6;21,4;20,8;21,2;21,1;21,1;21,4;21,1;21,1;21,5;21,5;21,5;21,4;21,1;20,9;20,8;20,8;20,9;21,2;21,4;20,9;21,2;21,2;21,6;21,1;20,9;21,2;21,2;20,8;20,8;20,9;21,4;21,5;21,8;21,1;21,1;20,8;21,1;20,8;20,9;21,4;20,9;21,2;21,1;21,2;21,4;21,4;21,2;21,1;20,9;21,5;22;21,4;21,2;21,6;21,4;21,1;21,1;20,7;20,9;20,9;20,9;21,1;20,8;20,4;20,8;20,8;20;20,5;20,4;20,4;21,1;20,4;20,5;20,7;20,6;20,2;20,5;20,2;20,9;20,2;20,4;20,4;20,5;20,7;21,2;20,1;20,6;20,7;21,1;20,5;20,8;19,9;20,5;20,7;20,6;20,2;20,6;20,7;20,7;20,1;20,4;20,1;20;20,4;20;20,5;20,8;20,2;20,7;20,1;20,4;20,5;20,2;20,4;20;20,7;20,6;20,4;20,5;20,1;20,1;20;20;20;20;20,1;20,5;20,2;20,1;20,5;20,2;20;20,1;20,4;20,4;20,2;20;20;20,2;20,2;20,4;20,2;20,1;19,9;20,1;20,6;20,7;20,5;20,1;19,9;20,2;20,4;20,1;20,1;20,6;20,8;20,4;20,4;20,6;20,6;20,4;19,5;19,8;20,5;20,6;20,6;20,1;20,1;20,2;19,5;20;19,8;19,8;20;20,2;20,2;20,6;20,4;20;20,8;20,4;19,9;20,2;20,2;20;20,4;20,6;20,4;20,1;20,1;20,4;20;20,1;20,4;20,2;20,5;20,4;20,1;20,1;20,2;20,4;20,5;20,6;20,1;20,2;20;20,4;20,4;20;19,9;20;20,1;20,2;20,2;20,7;19,9;20;19,8;20,1;20,4;19,8;19,8;20,2;20,6;20,6;20,2;19,9;20,1;20,2;20,1;20,5;20,6;19,9;20,1;20,4;19,5;19,6;19,9;20;20,6;19,5;20;19,9;20;20,1;19,9;19,8;20,2;20,2;19,8;19,8;20,1;20,2;19,9;19,3;19,5;19,9;20,1;20,2;19,9;20,2;19,5;19,9;19,6;20,9;19,8;20,5;19,9;19,5;20,2;20,1;20,1;20,5;20,520,6;20,6;20,4;20,5;20,8;20,8;20,7;20,7;20,8;20,8;20,2;20,9;20,9;20,2;20,7;20,5;20,8;20,7;20,6;20,6;20,7;20,5;20,2;20,9;21,1;20,7;20,4;20,7;20,6;20,5;20,9;20,5;21,4;20,7;21,2;20,4;20,9;20,9;21,1;20,7;20,9;20,8;21,1;21,2;20,8;20,6;20,4;20;20;20,5;20,5;20,5;20,4;21,1;20,8;20,9;20,6;20,9;20,2;20,2;20,6;20,5;20,8;20,7;21,1;20,6;21,2;21,2;20,8;20,7;20,8;20,8;20,9;21,1;20,8;20,7;20,7;20,7;20,7;20,6;20,9;21,4;20,8;20,6;20,7;20,7;21,5;20,9;20,2;20,2;20,5;20,9;20,4;21,4;20,6;20,7;20,5;20,1;20,6;20,9;20,9;20,7;20,6;21,4;20,2;20,6;20,7;20,6;20,6;20,6;20,6;20,6;20,8;20,6;21,4;21,4;20,8;20,7;20,8;20,8;20,4;20,7;20,8;20,5;20,5;20,7;20,6;20,6;20,8;21,1;20,7;20,5;20,5;20,5;20,6;20,5;20,5;20,8;20,7;20,4;20,1;20,4;20,7;20,5;19,9;20,1;20,4;20,5;20,5;20,5;20,9;20,7;20,7;20,5;20,6;20,5;20,1;20,4;20,7;20,9;20,4;20,5;21,2;20,5;20,7;20;20,5;20,1;20,4;20,4;20,7;20,4;20,5;20,5;20,7;20,2;20,7;20,5;20,1;20,5;20,2;20,4;20,4;20;20,6;20,1;20,8;20,5;20,5;20;20,4;20,7;20,6;20,6;20,6;20,6;20,1;20,4;20,9;20,7;20,4;20,4;20,6;20,5;20,2;20,4;20,7;20,7;20,7;20,9;20,5;20,8;21,5;20,9;20,9;20,9;20,5;21,5;21,4;21,4;20,8;21,2;20,8;20,9;21,2;21,4;21,8;22;21,5;21,4;21,1;21,1;20,9;21,2;21,9;21,4;21,6;21,2;21,2;20,9;20,8;21,4;21,1;21,1;21,2;21,1;21,4;21,5;21,4;21,2;21,1;21,5;21,1;21,2;21,2;21,4;21,5;21,6;21,6;21,4;21,2;21,8;21,9;21,5;21,5;21,6;21,4;22;21,9;21,5;21,4;21,5;21,8;21,6;21,4;21,6;21,5;21,4;21,6;21,6;21,8;22;21,9;21,6;21,2;21,4;21,5;20,9;21,4;21,6;21,2;21,4;21,4;20,9;21,4;21,5;21,6;21,4;21,4;21,9;21,4;21,6;20,9;21,4;21,6;22;20,9;21,2;21,1;21,6;21,2;21,8;20,9;21,2;20,9;21,5;20,7;21,2;21,5;20,9;20,8;21,8;21,5;22;21,4;21,2;21,2;21,5;21,2;21,2;20,9;22;21,1;21,5;21,2;21,4;20,9;21,2;21,8;21,5;20,7;21,4;21,1;21,4;20,9;21,6;22;21,1;21,1;21,8;21,8;21,4;21,1;21,5;21,5;21,5;20,7;21,5;21,5;21,2;21,1;21,2;21,4;21,4;21,6;21,5;21,5;21,4;21,2;21,4;20,8;21,1;21,5;21,5;21,4;21,2;21,4;21,4;21,5;21,4;21,2;21,4;21,4;20,9;21,2;21,4;21,4;20,9;21,1;21,4;21,2;21,5;21,5;21,2;21,1;21,4;20,8;21,4;21,6;21,5;21,5;21,2;21,8;21,2;21,2;21,1;21,6;21,9;21,2;21,1;21,8;21,2;21,1;20,8;21,6;21,9;21,8;21,5;21,4;21,2;21,8;20,8;21,5;20,7;20,7;21,1;21,1;21,1;20,7;20;20,6;20,5;20,4;20,5;20,5;19,8;20,7;20,2;20,8;20,6;20,5;20,4;20,6;20,1;20,6;20,2;20,7;20,4;20,2;20,7;20,9;20,4;20,2;20,1;20,9;20,5;20,2;20,1;20,6;20,5;20;20,6;20,8;20,4;19,8;20,5;20,4;19,8;19,6;20,5;20;20,6;19,8;20,1;20,9;19,9;19,5;19,9;20,1;20;19,9;20,8;20,4;20,1;19,6;20,1;19,6;19,8;20,5;20,4;19,4;19,5;20;20;20,1;20,1;20,1;20,1;20,1;20,1;20,2;20;19,9;19,9;20,2;20,5;20,5;20,2;20;19,6;20,1;20,7;20,5;20,4;20,4;20,2;19,9;20;20,2;20,5;20,8;20,6;20,4;20,5;20,1;20,4;20,2;20,7;20,7;20,5;20,8;20,4;20,4;20,5;20;20,2;20,4;20,5;20,2;20,2;20,2;20,2;19,8;20,4;19,6;20,7;20,6;20,4;19,9;20;20,1;20,5;20,8;20,5;20,2;20,6;20,6;20;19,9;20;20,1;20,5;20,4;20,1;20,2;20,5;20,6;20,6;20,7;20,4;20,4;20;20,5;20,5;19,6;19,6;20,2;20;19,9;20,2;20,4;20,1;20,6;20;20,2;20,2;20,4;20;19,8;20,1;19,9;20,1;20,1;20,2;20,4;20,1;20,2;20,4;20,2;20,1;20,5;19,9;19,8;20,2;20,4;20,8;19,9;19,9;19,8;19,8;20,6;20;19,8;20,1;20,5;20,5;20,2;20,5;20,1;20,2;20,7;20,7;20,7;20,2;19,9;20;20,9;19,9;19,9;20,1;20,6;20,1;20,5;19,9;20;19,9;20;20;20,4;20,420,8;20,8;20,5;20,7;20,8;21,1;20,6;20,8;20,6;20,9;20,2;21,2;20,9;20,4;20,7;21,2;20,8;21,1;21,1;21,1;20,8;20,6;20,7;20,7;20,7;20,8;20,7;20,6;20,6;20,5;20,6;20,9;21,2;20,8;21,4;20,7;20,9;20,7;21,1;20,7;20,9;21,1;20,9;20,7;20,8;20,8;20,5;20,7;20,9;20,9;21,2;20,8;20,5;20,6;20,8;20,4;21,2;20,2;20,2;20,8;20,7;20,4;20,7;20,2;21,1;20,2;20,7;20,9;20,6;20,7;20,9;20,7;20,9;21,2;20,5;20,4;20,7;20,8;20,8;20,7;20,7;20,9;20,6;20,5;20,5;20,4;20,4;20,5;20,5;20,4;20,1;20,6;20,1;20,7;20,1;20,8;20,1;19,9;20,5;20,6;19,6;19,8;20;19,9;20,2;20,6;20,1;20,7;20,6;20,4;20,6;20,6;20,1;20;20,2;20;20,5;20,2;20,4;20,8;20,5;20,4;20,7;20,5;20,5;20,8;20,6;20,6;20,6;20,7;20,6;20,5;20,5;20,5;20,6;20,5;20,7;20,7;20,7;20,8;20,7;20,6;20,8;20,7;20,2;20,4;20,5;20,5;20,8;20,7;20,8;20,5;21,1;20,9;20,8;20,8;20,8;20,5;20,5;20,9;20,9;20,6;20,6;20,4;20,2;20,6;20,5;20,6;20,6;20,7;20,7;20,5;20,2;20,1;20,1;20,5;20,8;20,1;20,5;21,1;20,6;20,8;20,6;20,5;20,7;20,2;20,2;20,8;20,4;20,2;20,4;20,8;20,2;20,1;20,7;20,4;20,5;20,6;21,1;20,8;20,4;20,6;20,8;20,6;20,6;20,6;20,9;21,1;20,7;20,5;20,8;20,6;21,2;20,4;21,1;20,7;20,7;20,8;21,2;21,1;20,5;21,2;21,1;21,2;21,2;20,9;20,9;21,2;20,6;20,4;21,1;21,4;21,5;21,1;21,5;21,8;21,6;21,2;21,2;21,1;21,5;21,5;21,4;21,2;21,5;21,5;21,5;21,6;21,5;21,5;21,5;21,8;21,8;21,2;21,1;21,2;21,5;20,9;21,1;21,1;21,4;21,8;21,6;21,6;21,4;20,8;20,8;21,5;21,8;21,5;21,2;20,9;20,6;20,8;21,4;21,5;21,5;21,5;21,4;21,9;21,9;21,5;21,4;21,6;21,1;21,9;21,5;21,9;21,5;21,2;21,2;21,5;21,5;21,8;21,5;20,9;21,9;21,6;21,8;20,8;21,5;21,6;20,8;21,8;21,5;21,2;21,2;21,4;21,2;21,4;21,2;21,6;20,9;21,1;21,1;21,1;21,4;21,8;21,8;21,2;21,2;21,8;21,1;22,1;21,5;21,2;21,1;20,9;20,9;20,7;20,4;22;21,1;22;22;21,5;20,8;21,1;21,1;22;21,5;22;21,4;20,9;21,1;21,4;22;21,6;21,5;21,8;21,1;20,9;21,2;21,2;21,6;21,4;20,9;21,2;21,2;20,9;20,9;21,2;21,4;21,4;21,5;21,6;21,4;21,4;21,5;21,8;21,4;21,1;21,2;21,8;21,8;21,5;21,2;21,4;21,8;21,4;21,2;21,1;20,7;20,9;21,4;21,9;21,9;21,4;21,2;21,1;21,2;21,4;22;21,6;21,5;21,2;21,2;21,1;21,1;21,1;21,5;21,2;21,5;21,6;21,8;21,4;21,2;21,2;21,2;21,2;21,1;20,7;22;21,2;21,5;21,6;21,9;21,1;21,4;21,1;21,4;21,1;21,6;21,2;20,8;21,1;20,9;21,1;20,8;20,6;20,5;20,4;20,9;20,4;20,6;20,1;20,5;20,1;20,8;20,4;20,7;20,5;20;20,2;20,6;20,2;20,6;20,6;20,4;20,5;20,7;20,5;20,2;20;20,6;20,1;20,1;20,4;20,5;20,9;20,5;21,1;20,7;20;20;20,4;20,1;19,8;20,1;20;20;19,8;19,8;20,7;20,5;20,4;20;19,9;19,8;20,1;20,4;20,1;20,1;20,6;20,5;20,1;20,1;20;20,2;20,1;19,9;19,9;20,1;20,1;20,5;20,1;20,5;20,2;20;20,5;20,8;20,2;20,1;20;20,1;20,6;20,5;20;19,9;19,6;20;20,4;20,2;20,5;20,5;20,5;19,6;19,9;20,1;20,5;20,2;19,8;20,1;20,1;19,8;20,2;19,4;20;20,2;20;20;19,4;20,1;19,5;19,8;20,4;20,1;19,5;20,1;19,3;19,8;19,5;19,9;20,4;20,2;20,5;20;20;20,2;19,4;20;19,9;20;19,9;20,4;20,2;19,9;20;19,8;19,9;20,2;20,1;19,8;19,8;20;20,4;20,4;20,1;20,1;20;19,8;19,8;20,5;20,6;19,9;20;19,9;19,9;20,4;20,2;19,6;19,5;20,1;20;20,9;20,1;20,4;20,7;20,7;20,4;20,4;20,1;20,1;20,4;20,6;20,5;20;20,2;20,2;20,2;20,1;20;20,1;20,1;19,9;20,5;20,5;19,6;20;20;20,4;19,9;20;20,8;20,5;20,4;20,2;20,4;20;19,8;20,4;20,7;20,4;20,6;20,7;20,1;20;20,4;19,9;20;20,1;20,4;20,4;20,1;20,1;19,9;20,6;20;19,9;2020,8;20,8;20,6;20,5;20,7;20,7;20,5;20,8;20,6;21,2;20,4;21,1;20,5;20,9;20,9;21,2;20,5;20,4;20,2;20,6;20,5;20,6;20,9;20,9;20,9;20,7;20,7;20,6;20,4;20,7;20,6;21,4;20,6;20,8;21,2;20,7;20,9;20,8;20,8;20,9;20,6;21,2;20,6;20,2;20,4;20,7;20,6;20,4;20,4;20,6;20,9;21,1;21,1;20,7;20,5;20,9;20,1;20,8;20,8;21,1;20,8;20,5;20,5;20,7;20,2;19,9;20,2;20,8;20,5;20,7;21,2;20,7;20,7;20,8;20,6;20,5;20,5;20,9;20,7;20,5;20,6;20,7;20,7;20,4;20,5;20,7;20,5;20,4;20,7;20,9;20,2;20,6;20,1;20,4;20;20,1;20,6;20,4;20,9;20,1;20,2;20,8;20,8;19,8;20,9;20,4;20,8;20,6;20,8;20,8;20,6;20,7;20,7;20,7;20,4;20,6;20,7;20,2;20;20,7;20,9;20,6;20,8;20,7;20,5;20,9;20,8;20,6;20,4;20,5;20,7;20,6;20,5;20,7;20,8;20,8;20,9;20,6;20,4;20,6;20,5;20,7;20,6;20,5;20,4;20,4;20,2;20,7;20,7;20,7;20,8;20,7;20,7;20,6;20,6;20,8;20,7;20,8;20,7;21,2;20,5;20,4;20,1;20,6;20,5;21,2;20,7;20,6;20;20,6;20,9;20,9;20,7;20,5;20,7;20,2;20,4;20,6;20,8;20,7;20,6;20,8;20,8;20,9;20,8;20,2;20,5;20,9;20,8;20,4;20,6;20,8;20,5;20,2;20,4;20,4;20,8;20,6;20,7;20,7;20,6;20,9;21,2;20,8;21,1;20,5;20,7;21,2;21,2;20,4;20,8;21,1;21,1;20,4;21,5;20,6;21,4;21,2;21,9;21,5;20,9;21,4;21,2;21,8;21,9;21,5;21,5;21,5;21,8;21,8;22;21,9;22,1;21,9;21,9;21,8;21,8;21,8;21,6;21,9;21,2;21,5;21,8;21,4;21,5;21,5;21,6;21,8;22;22,1;22,1;21,6;22;22,1;22,1;21,4;21,4;21,6;21,6;22;22,5;22,2;21,9;21,9;22;21,6;21,8;21,8;21,9;22;21,8;21,8;21,9;21,9;21,8;21,5;21,6;21,6;21,5;21,4;21,5;22,3;22,3;22,3;21,8;22,1;21,5;21,8;22;21,4;21,8;21,9;21,4;21,4;21,6;21,9;22;22;22,5;22,1;22;21,9;21,5;22;21,5;21,2;21,6;21,9;21,8;21,6;20,8;21,8;21,5;22;22;22;21,8;21,9;21,8;21,5;22,1;21,6;20,9;22,1;21,4;21,5;21,8;21,4;21,4;21,2;21,9;22,7;21,9;21,6;21,4;21,1;20,8;22;22,1;21,8;21,6;21,6;21,8;21,8;21,8;21,9;22,2;22,2;22;21,8;21,2;21,6;22;22;21,8;22;22,2;21,9;21,9;21,6;21,5;21,8;22,1;21,9;21,9;22,1;22;21,9;21,9;21,9;22,1;22,1;21,9;22,1;22;21,9;21,8;21,8;21,6;21,5;21,5;21,8;21,4;21,4;21,8;21,5;21,6;21,8;21,8;21,5;21,8;22;21,9;21,5;21,5;21,6;21,6;21,4;20,8;21,2;21,8;21,8;21,5;21,5;21,5;21,8;22,5;22,1;21,9;21,5;21,2;21,1;22;21,6;21,5;21,8;22;21,6;21,1;21,5;21,4;21,4;20,8;21,1;21,2;21,4;21,2;21,2;21,1;20,9;20,7;20,2;20,8;20,6;21,1;20,7;20,5;20,4;20,5;20,6;21,1;20,5;19,9;20,7;20,8;20,5;20,6;20,5;20,8;20,7;20,6;20,7;20,4;20,2;20,8;20,4;20,5;20,2;20,5;20,8;20,7;20,6;20,4;20,6;20,4;20,4;20,4;20,2;20,7;20,6;19,9;19,9;20,2;20,1;20,1;20,5;20,5;20,4;20,4;20,2;20,4;20,1;20,4;20,6;20,6;20;20,4;20,5;20;20,1;19,9;20;20,5;20,7;20,4;20,4;20,5;19,9;20,4;20,6;20,2;20,2;20,1;20,1;19,9;20;20,4;20,5;20,4;20,1;20,1;20;20,2;20,4;20,4;20;19,8;20,2;20,1;20,2;20,5;20,2;20,4;20;20;20,1;20,4;20;19,9;20,6;20,7;20;20;20;20;19,9;19,9;19,5;19,9;20;20;20,5;19,9;20;19,8;20,4;19,8;19,8;20,7;19,9;19,9;20;19,9;19,8;19,9;20,2;20,1;20,1;19,9;20,1;20,4;20,1;19,8;19,8;20;20,1;20;20,1;20,1;20,4;20,2;20,2;20,5;19,5;19,4;20,1;19,8;20,2;19,6;19,5;19,9;20,2;20,2;19,8;20,2;20;19,9;20,4;20;19,9;20,2;19,8;19,9;20,5;20,5;19,9;19,8;20,2;19,9;19,8;20,1;19,8;20;20,5;19,9;20,5;20,2;20;20,5;20,6;20,7;19,3;19,6;20,1;20,2;20,2;19,9;19,9;20,1;20,2;20,1;20,1;20,2;20,8;21,1;20,8;19,9;20;20,2;19,9;20;20,1;19,9;20,2;20,2;20;20,5;20,2;20;19,920,5;20,5;20,5;20,8;20,8;20,6;20,8;20,7;20,8;20,2;20,5;20,5;20,6;20,9;21,1;20,9;20,2;20,1;20,5;20,4;20,5;20,4;20,4;20,7;20,7;20,4;20,2;20,2;20,2;20,2;20,6;20,2;20,6;20,1;20,7;20,5;20,6;20,9;20,6;20,8;20,7;20,9;20,5;20,2;20,2;20,8;20,6;20,2;20,4;20,4;20,4;20,5;20,8;20,6;20,1;20;20,8;20,1;20,1;21,2;20,6;21,1;20,2;20,2;20,5;20,8;20,7;20,5;21,2;21,2;21,4;20,7;20,6;20,6;20,6;20,9;20,8;20,9;20,4;20,5;20,7;20,8;20,7;20,5;20,6;20,5;20,1;20,4;20,7;20,8;20,7;20,4;20;20,7;20,1;20,7;19,9;20,8;20,2;20,7;20,5;20,4;20,5;20;21,4;20,9;20,1;19,9;20,1;20,9;20,7;20,9;20,7;20,7;20,5;20,5;21,2;21,5;21,2;20,8;20,6;20,7;20,5;20,5;20,8;20,8;21,1;20,8;20,4;20,7;20,9;20,7;20,6;20,9;20,9;20,8;20,9;20,7;20,7;20,9;20,7;20,8;20,8;20,6;20,7;21,1;20,5;20,7;21,1;21,1;20,9;20,8;20,8;20,5;21,2;21,4;21,6;21,2;20,9;21,1;21,2;20,9;21,1;20,7;20,6;20,8;20,9;21,2;21,1;20,8;20,8;20,7;21,4;20,8;20,7;21,4;21,5;21,2;21,5;21,1;21,4;20,8;20,9;21,1;20,8;20,5;20,8;21,1;20,9;20,2;20,7;20,9;20,8;20,8;20,2;20,7;20,4;20,4;20,9;20,6;20,6;20,7;20,8;20,6;20,5;20,6;20,4;20,6;20,6;20,2;20,2;20,7;20,9;20,6;20,7;20,5;20,7;21,1;21,1;21,2;20,7;20,6;20,7;21,1;20,9;21,1;21,6;21,1;20,9;20,8;21,6;21,4;20,6;20,6;20,6;21,2;20,9;21,4;21,5;21,1;20,7;20,4;20,7;21,1;20,9;20,7;21,2;21,5;21,1;21,1;21,1;21,4;20,8;20,8;20,9;20,9;21,1;20,6;20,2;20,8;21,2;21,2;21,4;20,9;20,9;21,1;20,9;21,4;21,2;20,7;20,6;20,8;20,8;20,8;20,9;21,4;21,6;21,5;21,1;20,7;20,8;21,6;21,6;21,2;20,9;21,9;21,1;21,5;21,2;21,5;21,8;21,8;21,4;20,8;21,4;21,5;21,5;21,1;20,8;21,2;21,2;20,8;20,4;21,1;21,6;20,9;21,4;21,5;20,8;21,4;20,8;21,2;21,2;21,4;20,6;21,4;20,6;21,1;20,8;21,4;20,7;20,6;20,9;21,2;21,4;20,8;21,4;20,8;20,9;21,2;21,2;21,2;21,1;20,9;20,8;20,9;21,2;21,9;21,1;20,8;20,7;21,4;20,8;20,9;20,6;21,2;20,9;20,7;20,4;21,4;21,5;21,6;21,4;21,2;20,8;20,9;20,9;21,1;21,1;21,1;21,1;21,1;20,9;21,2;21,1;20,9;20,9;20,9;20,9;20,9;20,8;20,7;20,8;20,9;20,9;20,7;20,7;20,8;21,4;21,5;21,2;21,1;21,2;20,9;20,6;20,8;20,9;20,7;20,8;21,1;21,1;21,2;21,2;20,8;21,5;20,9;20,6;20,5;21,4;20,7;20,8;21,4;20,8;20,6;20,9;21,1;21,4;20,1;20,7;21,6;21,5;20,9;21,2;20,5;20,6;21,2;21,2;20,9;20,6;20,2;21,2;20,9;20,9;20,9;20,6;20,8;21,2;20,4;21,1;20,6;20,6;19,8;20,5;20,4;20,8;20,6;20,4;20,6;20,6;20,7;20,6;20,2;20,4;20,7;20,4;20,8;20,6;20,2;20,8;21,1;20,8;20,5;20,6;20,5;20,8;20,1;20,6;20,4;20,9;20,8;21,8;21,8;20,9;20,7;20,5;20,8;20,9;21,1;20,8;21,2;20,7;20,8;20,5;20,1;20,4;20,4;20,1;20,4;20,6;20,6;20,8;20,7;20,9;20,6;20,4;20,7;20,8;20,5;20,9;20,6;20,2;20,2;20,5;20,5;20,2;20,4;20,5;20,4;20,7;20,5;20,4;20,5;20,5;20,4;20,1;20,1;20,5;20,8;20,7;20,2;20,4;20,2;20,4;20,2;20;20,1;20;20,4;20,4;20,1;20,4;20,2;20,5;20,5;20;20,5;20,1;20,2;20,4;20,6;20;20,5;19,9;20,4;19,5;20,5;20;19,9;19,5;20,4;20,2;20,5;19,6;19,8;20,1;20,4;20,1;20,2;20,4;20;20,4;20,4;20;19,8;19,9;20,4;20,6;20,1;19,9;20,1;20,1;20,1;20,2;20,1;20,1;20,2;20,1;20,1;20;20,1;19,8;20;19,6;20,1;19,5;19,3;19,9;19,9;20;19,6;19,6;20,4;20,2;19,9;20;19,5;20,4;20,4;20,2;19,8;19,8;19,6;19,6;20,1;20,2;19,8;19,9;20,1;20;19,4;20,1;20;20,1;20,2;19,9;20,2;19,8;19,8;20,4;20,1;20,4;20,1;20;19,6;19,9;20;20;19,9;19,8;19,9;20;20,1;20;19,6;20,4;20,5;20,2;20,4;20,4;20;20,1;20;20,1;20;20,2;19,9;20,2;20;20,2;20,220,4;20,4;20,6;20,8;20,9;21,1;21,1;20,8;20,8;20;20,5;20,9;20,9;20,7;20,9;21,1;20,6;20,8;20,6;20,8;20,6;20,4;20,6;20,5;20,2;20,5;20,9;20,8;20,1;20,4;20,7;20,5;20,4;20,5;20,8;20,6;20,7;20,7;20,4;20,7;20,9;20,6;20,5;20,5;20,6;21,1;20,7;20,1;20,5;20,6;20,5;20,8;20,9;20,5;20,4;20,2;20,8;20,9;20,8;20,9;20,5;20,6;20,7;20,4;20,7;20,6;20,5;20,7;20,5;20,8;20,5;20,1;20,5;20,5;20,1;20,6;20,8;21,1;20,8;20,6;20,7;20,8;20,9;20,9;20,8;20,6;20,5;20,8;21,2;21,1;21,2;21,1;20,2;20,7;20;21,2;20,6;21,1;20,2;21,4;20,8;21,1;20,8;20,7;20,8;20,5;21,4;21,4;20,7;20,9;19,9;20,6;21,2;21,4;21,1;20,8;20,9;21,1;21,1;20,8;21,4;21,4;20,9;20,6;21,1;21,1;21,2;21,2;20,8;20,8;20,8;20,6;20,5;20,5;20,6;20,7;20,6;20,6;20,7;20,6;20,6;20,7;20,7;20,4;20,4;21,2;20,4;20,4;20,6;20,5;20,5;20,4;20,2;20,2;20,9;20,5;20,2;20,4;20,5;20,7;20,4;19,9;20,2;20,4;20,1;20,4;20,4;20,2;20;20,2;20,6;20,4;20,4;20;20,5;20,8;20,8;20,7;20,9;20,5;20,5;20,5;20,1;20,5;20,5;20,1;20,6;20,6;20,2;20,2;20,4;20,4;20,4;20,2;20,1;20,6;19,9;20,2;20,9;20,4;20,2;20,1;20,4;20,4;20;20,6;20,2;20,2;20;19,9;20;20,1;20,9;20,5;20,1;20,5;20,7;20,8;20,8;20,6;20,6;20,7;20,9;21,1;20,8;20,8;21,4;20,9;20,6;20,9;21,1;20,9;20,6;21,2;21,2;20,8;20,9;20,9;21,2;21,1;21,2;20,8;21,2;21,5;21,5;21,1;21,4;21,1;21,1;21,1;20,9;21,1;20,8;21,2;20,9;21,4;21,6;21,4;21,1;20,8;20,8;21,1;21,1;21,2;21,4;21,5;20,8;21,2;21,5;21,1;21,4;21,4;21,1;20,8;20,7;20,8;20,9;21,4;20,9;20,9;21,1;21,4;21,5;22;21,4;21,5;21,4;21,4;20,9;20,8;20,9;21,4;21,2;20,9;21,5;21,6;21,2;21,1;21,6;21,2;21,2;21,6;21,1;21,6;21,1;21,5;21,6;21,5;21,2;21,4;20,7;21,8;21,6;20,8;21,2;20,7;21,1;20,9;21,1;21,8;20,7;21,5;20,5;20,5;21,1;20,8;20,6;21,4;21,2;20,8;21,1;20,5;21,1;21,1;20,8;21,6;20,4;21,4;20,8;21,2;20,9;21,2;20,9;21,1;20,8;21,2;21,1;20,9;21,4;21,8;20,9;21,4;21,4;20,9;20,9;20,9;20,8;21,1;20,9;20,9;21,1;21,2;21,2;20,9;20,9;21,2;20,9;20,9;21,2;21,4;21,4;21,1;20,7;21,1;21,2;20,7;20,9;21,1;21,1;21,2;20,8;20,7;20,8;20,9;21,4;21,4;21,4;21,5;21,2;21,1;21,1;21,2;21,1;21,1;21,2;21,2;20,8;20,6;20,6;20,8;20,9;20,8;21,1;21,1;21,4;21,2;20,9;20,5;20,6;21,1;20,9;20,8;20,6;20,4;20,4;20,7;20,6;20,5;20,6;20,1;20,4;20,7;20,6;20,2;20,2;20,4;20,5;20;20,9;20,2;20,2;19,8;20,2;20;20,2;19,9;20;20,4;20,6;20,7;20;20;19,9;19,9;20,1;20;19,9;20,4;20;20,2;20,1;19,8;20,1;19,9;19,6;19,6;20,1;19,9;20,4;20,4;19,6;20,4;20;20,4;20,2;19,6;20;20,1;20,1;20,1;20,1;20,4;20,1;20;20;19,5;19,4;19,8;20,2;20;19,8;19,4;19,3;19,9;19,5;20,1;19,8;19,8;19,8;19,3;19,8;19,9;20,1;20;20;19,9;20,4;20,2;20;20,1;20,5;20,2;20,2;20,5;20,2;20,4;20,4;20,4;20,4;20,1;20,2;20,5;20,4;20,2;20,4;20,2;20,1;20,5;20,5;20,1;20,5;20,6;20,8;20,6;20,8;20,7;20,5;21,2;20,7;20,5;20,9;20,5;20,6;20,1;20,2;19,9;20,4;19,8;20,1;20,9;20,2;20,5;19,9;20,4;20,5;20,8;20,2;20,4;20,7;20,5;20,4;20,8;20,6;20,2;20,2;20,1;20,4;20,4;19,8;19,9;20,2;20,5;20,4;20,1;19,6;20;20,2;20,4;19,9;19,9;19,8;19,8;20;20;19,6;20,1;20,1;20,4;20,4;19,6;20,5;19,8;20,1;20;20;19,9;20,6;20,2;20,1;19,8;20,1;20,1;19,9;20,1;20,4;20,1;19,9;20;20,2;19,6;20;20,1;20,1;20,2;20,2;20,2;19,9;20,1;19,8;19,5;20,2;20,2;19,9;19,8;19,4;19,9;20,1;19,8;19,9;20;19,9;20,4;20,2;19,9;20,1;19,8;20,1;20,2;20,8;19,5;19,9;19,9;20;20,4;19,9;19,6;19,9;19,9;19,6;19,920,6;20,9;20,8;20,8;20,8;21,1;20,9;20,9;20,6;20,7;20,4;20,9;20,6;20,8;20,7;21,2;20,7;20,5;20,8;20,9;20,7;20,9;21,1;20,7;20,8;21,1;20,7;20,1;20,2;20,4;20,7;20,5;21,1;20,5;21,1;20,8;20,7;20,7;21,1;20,7;20,7;20,6;20,2;20,7;20,9;21,2;20,7;20,5;20,8;21,2;20,8;20,8;21,2;21,1;21,1;20,8;20,9;20,7;20,1;20,7;21,1;20,7;20,6;20,7;21,5;20,5;21,4;21,1;20,9;20,7;21,5;20,7;20,8;20,9;21,2;21,5;21,5;21,4;20,9;20,5;20,6;20,8;20,8;20,5;20,5;20,8;20,8;20,7;20,7;20,8;21,2;21,1;20,4;20,4;20,4;20,6;20,5;20,4;20;20,5;20,5;20,1;20,7;20,5;20,2;20,4;20,4;20,2;20,6;20,5;20,1;20,6;20,1;20;20,5;20,5;20,6;20;20,6;20,4;20,6;20,6;20,5;20,1;20,2;20,5;20,4;20,5;20,2;20,4;20,2;20,2;20;20,2;20,5;20,6;20,5;20,5;20,6;20,2;20,5;20,6;20,5;20,4;20,4;20,5;20,4;20,4;20,5;20,6;20,6;20,5;20,6;20,2;20,2;20,6;20,9;20,5;20,5;20,6;20,4;19,5;20;20,4;20,7;20,2;20,4;20,4;20,1;20,4;20,4;20,4;20,2;20,2;20,2;20,7;20,9;20,8;20,8;20;20;20,4;20,4;20,1;20,2;20,4;20,9;20,4;20,4;20;20,6;20,1;19,9;20,4;20,2;20,7;20;20,2;20,5;20,5;20,2;20,2;20,4;20,5;20,4;20,2;20,5;20,2;20,2;20,4;20,5;20,2;21,1;20,6;20,6;20,8;21,2;21,1;21,4;20,8;20,9;21,1;21,4;21,5;21,2;21,1;21,2;20,9;20,8;21,2;21,4;21,5;20,9;20,8;21,8;21,4;20,9;21,1;21,8;22,3;22;21,2;21,4;21,1;20,9;21,1;21,6;21,8;21,8;21,2;21,1;21,2;21,5;21,5;21,2;20,9;20,8;21,4;21,5;21,4;21,6;21,5;21,2;21,2;21,5;21,4;21,2;21,4;21,6;21,9;21,4;21,2;21,4;21,5;21,5;21,2;21,4;21,6;21,2;21,5;21,4;21,1;21,5;22;21,8;21,4;21,2;21,6;21,4;21,2;21,5;21,6;21,6;21,4;21,8;21,4;21,6;21,6;21,5;21,1;21,1;21,2;21,2;21,8;21,2;21,9;21,1;20,9;21,6;21,4;20,8;21,4;21,1;21,6;21,1;20,9;22,2;21,8;21,1;21,6;20,8;21,4;21,5;21,6;21,6;21,4;21,5;21,8;21,5;21,6;22;21,2;21,6;20,6;21,2;20,9;20,7;21,5;21,2;21,8;21,1;20,8;21,5;20,9;20,9;20,9;21,8;21,8;21,5;21,8;21,4;21,9;21,8;21,8;21,1;20,8;21,2;21,6;21,2;21,2;21,5;21,4;21,5;21,5;21,1;21,1;21,8;21,6;20,6;20,9;21,1;21,2;21,8;22;21,5;21,1;21,6;21,5;20,7;20,7;21,2;21,2;21,1;21,2;21,5;21,5;21,5;21,5;21,5;21,4;21,6;21,2;21,2;20,9;21,1;21,1;21,1;21,4;21,5;21,5;21,4;21,1;20,9;20,8;21,1;21,1;21,6;21,1;20,6;20,8;20,9;20,7;20,6;20,7;20,7;20,6;20,6;20,5;20,4;20,4;20,6;20,6;20,7;20;20;20,2;20,1;20,5;20,8;20;20,7;20,5;19,9;20,1;20,7;19,9;19,9;20,1;20,5;20,9;20,2;19,8;19,9;20,2;20,1;20,1;20,4;20,2;20,2;20,1;20,5;20,2;20,4;20;20;20,2;20;19,5;19,8;20;20;20,1;20,4;19,6;19,8;20,1;20,2;20,2;20,2;20,1;19,9;19,9;19,3;20;19,9;20,1;20,4;20,1;20,2;19,9;20,1;20,2;20,4;19,8;19,6;19,8;19,8;19,9;19,9;19,8;19,9;20;20,2;19,9;20,1;19,8;19,9;20;19,6;19,5;20;20;19,8;20,1;20,1;20,1;20;19,9;20,1;20;20;20,2;19,9;19,9;19,9;19,8;20;19,5;20,1;20,2;19,8;19,5;19,8;20,1;19,6;20,8;19,8;19,3;19,5;19,8;19,3;19,9;20,1;20;19,5;19,8;19,9;19,8;19,8;20,5;20;19,8;19,9;20,2;19,6;19,6;20;19,2;20,8;19,9;19,8;20,4;20,4;20;20,4;20,1;20;20;19,8;19,9;20,5;20,2;20,1;20,4;19,8;20;20,1;20,4;20,6;20;20,4;20,4;20,8;20,7;20;21,2;20,5;20,5;20,9;20,4;21,1;20,7;20,6;20,1;20,7;20,4;20,6;20,7;20,2;20,4;20,5;20,5;20,4;20,2;20,6;20,5;20;20,1;20,4;20,2;20,5;20,4;20;20,5;20,2;20,6;20,1;20,5;19,8;19,9;19,6;20;20,1;19,5;19,4;19,9;20,2;20;19,6;19,6;20,1;20,5;20,2;20;20,1;19,9;20,1;20,4;20,8;19,6;19,8;19,9;19,9;20,6;20,2;19,9;20;19,8;19,9;2020,5;20,4;20,6;20,5;20,4;20,8;21,1;20,9;20,6;20,7;20,6;21,1;20,6;20,8;20,8;21,4;20,7;20,8;21,1;21,2;20,8;21,5;21,6;21,2;21,5;21,4;21,4;21,6;21,4;21,1;21,2;21,2;20,6;20,7;21,5;20,5;21,2;20,9;21,2;20,5;20,9;20,7;20,5;20,8;20,8;20,8;20,6;20,6;20,9;21,1;20,8;20,6;20,5;20,7;20,6;20,6;20,5;19,8;19,4;20,1;19,9;20,2;20,5;20,2;20,8;20,4;21,2;20;20,5;20,7;20,6;20,1;21,1;20,7;20,1;20,5;20,8;20,6;20,2;19,9;20;20,4;20,2;19,9;20;20,2;20,2;20,4;20,4;20,4;20,8;20,5;20,4;20,1;20;20,2;20;20,6;20,1;20,1;20;20,5;20,2;20,6;20,2;20,2;20,1;20;20,4;20,1;20,2;20,6;20;19,9;19,9;20,4;20,4;20;20,1;20,6;20;20,8;20,6;20,5;20,6;20,7;20,5;20,6;20,4;20,4;20,1;20,2;20,2;20,6;20,7;20,6;20,6;20,7;20,7;20,6;20,7;20,7;20,7;20,6;20,5;20,6;20,9;21,2;20,7;20,7;21,1;20,7;20,6;20,7;20,9;20,9;21,2;20,6;20,6;20,7;20,6;20,6;21,2;20,7;20,7;20,5;20,5;20,2;20,2;20,5;20,7;20,5;20,8;20,6;20,7;20,8;20,7;20,6;21,1;20,5;20,8;20,9;21,4;20,5;20,9;20,9;20,9;20,7;20,7;20,2;20,6;20,5;20,2;20,1;20,1;20,6;19,8;20,2;20,4;20,1;20,5;20,6;20,4;20,2;20,2;20,1;20,1;20,1;20,2;20,4;20,4;20,5;20,8;20,4;20,5;20,8;20,7;20,9;20,8;20,8;20,7;20,9;20,8;20,8;20,7;20,6;20,8;20,8;21,1;20,7;21,1;21,1;20,9;20,7;21,4;21,4;21,2;20,8;20,8;20,7;20,5;20,9;20,8;20,8;21,1;20,9;21,2;20,9;20,5;20,7;21,1;20,7;20,4;20,6;20,7;20,8;20,8;20,8;21,1;20,6;20,5;21,4;21,8;21,1;20,8;20,7;20,7;21,2;21,1;20,9;21,2;21,4;21,4;21,2;21,4;21,6;21,2;21,4;20,8;20,7;21,1;21,1;20,9;20,9;20,9;21,4;20,9;21,1;20,9;20,7;21,1;20,9;21,2;21,4;21,5;20,8;21,4;21,1;21,1;20,9;20,6;21,1;20,5;20,6;20,8;21,4;20,6;20,6;20,7;20,6;20,4;20,7;20,7;20,6;21,2;20,7;20,2;20,8;20,8;20,8;20,9;21,2;20,6;20,8;21,1;21,1;20,8;20,6;21,1;20,7;20,9;21,8;20,6;20,5;21,5;20,7;20,7;20,8;21,2;20,9;21,5;21,4;20,9;20,7;20,8;21,2;21,2;20,8;20,8;20,9;20,7;21,5;20,7;20,9;20,6;20,8;20,6;21,1;21,2;20,9;21,1;21,1;21,2;20,8;20,8;20,7;20,7;20,8;20,8;20,9;20,7;20,6;20,8;21,1;20,9;20,6;20,6;20,9;20,9;21,1;21,1;21,1;21,1;20,8;20,8;20,6;20,7;21,1;20,8;20,6;20,8;20,9;21,2;20,7;20,6;20,8;20,8;20,6;20,9;21,2;20,9;21,1;20,8;20,6;20,7;20,7;20,9;20,4;20,2;20,4;20,4;20,1;20,2;20,5;20,1;20;20,4;19,8;20,4;20;20,4;20,4;20,5;19,9;19,9;19,8;20,2;20,1;20,4;19,8;20,7;20,7;19,8;20,4;20,8;20,2;20,2;20,2;20,2;20,7;20,1;19,8;20,1;20,1;20,2;20,5;20,8;20,2;20,5;20,4;20,6;20,4;20,2;20,1;20;20,5;20,2;19,8;20;20,4;20,4;20,7;19,8;20,2;20,7;20,4;20,1;20;20,1;20,1;20,1;20,1;20,1;19,9;20,4;20,2;19,9;19,6;20;20;19,8;19,6;20;20;20,5;20,7;20,2;20,1;20,1;20,1;20,2;20,1;20,1;20,4;20,5;20,2;20,4;20,2;19,9;19,8;20,1;20,2;19,9;19,9;20,1;20,2;20,1;20,1;20,2;20,1;20,1;20,4;20;20;20;20,2;20,2;19,5;19,8;20,2;19,8;19,8;19,9;20,5;20;20,5;19,8;19,9;19,9;20;19,9;19,4;19,8;20,4;19,9;19,6;19,6;18,9;19,6;19,4;20;19,4;20,2;19,8;19,6;19,5;20,2;19,4;20,5;19,8;19,6;19,8;19,9;19,8;20;19,9;19,5;19,4;19,6;20;19,8;19,2;19,5;20;19,9;19,9;20,4;19,9;19,5;20,2;19,6;20,4;20;19,6;20,2;19,6;19,3;19,9;19,9;20,1;20,4;19,6;20,2;19,8;20;20;20;20,1;19,8;20,1;20,2;20,2;20,1;20;20,5;20,6;20,1;20,2;20,4;20,2;20,5;20,5;20,1;20,6;19,8;21,1;20;20,6;20,7;21,2;20,6;20,5;20,7;20,1;20;20;19,9;20,4;20,9;20,9;20,4;20,6;20,5;20,5;20,4;20,2;20,1;20,8;20,5;20,2;20,1;20,1;20,4;20,2;20,4;20,1;20,1;20;20,1;20,220,8;20,9;21,4;21,4;21,4;21,4;21,1;20,7;20,6;20,5;20,7;21,2;20,5;20,2;20,7;20,9;20,6;20,6;20,1;20,7;20,5;20,7;20,7;20,5;20,2;20,5;20,7;20,6;20,6;20,4;20;19,8;20,2;20,5;20,1;19,9;20,4;20,5;20,6;20,6;20,6;20,4;20,6;20,5;20,1;20;20,6;20,4;20,5;20,7;20,5;20,2;20,2;20,2;20,2;20,4;20,2;20,1;20,4;20,2;20;20,1;20,6;19,8;20,6;19,8;20;20,1;20,8;20,1;20,4;19,9;20,4;20,9;20,7;20,5;20,7;20,7;20,5;20;20;20,5;20,5;20,5;20,5;20,2;20,2;20,6;20,5;20,5;20,7;20,5;20,4;20,4;20,1;20,5;20,2;20,7;20,1;20,6;20,2;20,7;20,4;20,7;20,6;20,8;20,7;20,7;20,4;20,7;20,4;20,5;20,1;20,1;20,9;20,4;20,9;21,2;20,5;20,7;20,7;20,6;20,9;20,9;20,9;20,8;21,1;20,7;20,5;20,5;20,2;20,5;20,4;20,4;20,6;20,6;20,4;20,5;20,5;20,4;20,6;20,9;20,6;20,2;20,2;20,4;20,7;20,8;20,2;20,2;20,7;20,6;20,5;20,5;20,8;20,7;20,5;20,1;20,1;20,4;20,2;20,2;20,5;20,2;19,6;19,9;20,1;20,4;20,4;20,6;20,4;20,6;20,2;20,1;20;19,9;20,2;20,5;20;20,6;20,9;20,6;20,5;20,5;20,1;19,9;20,4;20,6;20,6;20,5;20,6;20,6;20,4;20;20,4;20,1;19,8;20,4;20,5;20;20,7;20,4;20,5;20,4;20,2;20,1;19,5;20,6;20,2;19,8;20,1;20,9;20,7;20,1;20,5;20,8;20,7;20,9;20,7;20,7;20,8;20,8;20,6;20,9;20,9;20,9;21,2;21,2;21,2;21,1;21,2;21,2;21,2;21,4;21,4;21,5;21,8;21,1;21,2;21,4;20,9;20,8;21,4;21,4;21,9;21,2;20,9;21,2;21,4;21,5;21,5;21,6;21,4;21,4;21,2;21,4;21,5;21,6;21,2;21,1;21,5;21,5;21,4;21,8;21,9;21,4;21,2;22;21,9;21,5;21,4;21,6;21,6;21,4;21,6;22,1;22;21,6;21,6;21,4;21,2;21,5;21,9;21,6;21,6;21,6;21,2;21,6;22;21,8;21,2;21,2;21,1;21,6;21,6;21,9;21,9;21,6;21,9;22,1;21,2;21,6;21,1;21,8;21,2;21,1;21,1;21,9;21,1;21,2;21,1;21,9;20,9;21,6;21,1;21,1;20,6;21,8;21,5;20,9;20,7;21,6;21,6;20,9;22;21,8;21,1;21,4;21,1;21,1;21,8;21,1;21,8;21,1;21,6;21,1;21,2;21,5;20,8;21,5;21,2;21,9;21,2;21,4;21,4;21,6;21,5;21,1;21,6;21,8;21,8;21,4;21,5;21,5;21,5;21,5;21,1;21,4;21,8;21,4;21,1;21,1;21,1;21,5;21,5;21,6;21,4;21,4;20,9;21,5;21,5;20,9;21,1;21,4;21,6;21,9;21,6;21,5;21,2;21,1;21,2;21,1;21,1;21,6;21,8;21,5;21,8;21,6;21,4;21,5;21,2;21,2;21,9;21,8;21,6;21,6;21,8;21,6;21,2;20,9;21,2;21,4;21,5;21,2;21,1;20,8;20,7;20,7;20,8;20,6;20,1;20,4;20,5;20,5;20,4;20,2;20,8;19,8;20,4;20,1;20,2;20;20,4;20,2;19,9;20;20,2;19,9;20,4;19,9;20,4;20,5;20,2;20,4;20,6;19,9;20,5;20,5;20,4;20,7;19,9;19,9;20,4;20;20,2;20,2;20,8;20,2;20,1;19,9;20,1;20,2;20;19,9;19,9;20,1;19,8;20;20,4;19,8;19,8;19,8;19,5;20,2;20,2;19,5;20,4;20,4;20,2;19,8;20;19,5;19,3;20,1;19,9;19,8;19,9;19,9;19,8;19,8;20,1;20,1;20;19,9;19,5;19,5;19,5;19,6;20,1;20,2;20,1;19,9;20,1;20,2;20,2;20,4;20,5;20,2;20,1;20;20,2;20,6;20,1;19,9;20;20;19,8;20,1;20;19,9;20,1;20,2;20,2;20,1;19,9;20;20,2;20,5;20,1;20;19,5;19,8;20,2;20,4;20,4;20,1;20;20,4;19,8;20;19,8;19,8;20,1;20,4;20,4;19,4;20,6;19,5;19,8;19,4;20,4;19,9;19,9;19,9;19,9;19,9;19,8;20,2;20,4;20;19,8;19,9;20;20,1;20;19,6;19,6;20;20,1;20,1;19,9;19,6;19,8;19,8;19,8;19,8;19,8;19,8;19,5;20;19,8;19,8;19,8;20,1;19,6;20,4;20;19,9;19,3;19,5;20,4;19,6;20;19,9;19,4;19,5;19,9;20;19,9;19,8;19,6;19,8;19,8;20;20,2;20;19,9;19,3;19,9;19,9;19,6;20,4;19,5;19,6;19,3;20,4;19,3;19,6;19,3;19,6;19,8;20;19,5;19,5;19,4;19,5;19,8;19,5;19,3;19,9;20,2;20,4;20,1;19,9;20,4;19,6;19,8;20,4;20,1;20,1;20,4;20;20,1;20,2;20;20;20;20,2;20,7;20,720,4;20,2;19,9;20,4;20,2;20,1;20,5;20,5;20,7;20,6;20,1;20,7;19,9;20,1;20,4;20,8;20,2;20,4;20,4;20,6;20,5;20,6;20,8;20,9;20,4;20;20,1;20,1;20;20,5;20,6;20,6;20,7;20,2;20,8;20,9;20,5;20,2;20,4;20,9;20,7;20,8;20,7;20,6;20,1;20,2;20,7;20,5;20,5;20,7;20,6;20,5;20,6;20,5;20,7;20,5;20,7;20,6;20,6;20,4;20,7;20,8;20,6;20,6;19,8;20,4;20,6;21,4;20,7;20,9;21,1;20,7;20,8;20,6;20,4;20,6;20,7;20,4;20,6;20,6;20,9;20,9;20,5;20,5;20,9;20,5;20,4;20,6;20,5;20,5;20,7;20,6;20,1;20,4;20,1;20,5;20,1;20,5;20,2;20,4;20;20,8;20,7;20,7;20,4;20,5;20,2;20,6;19,5;20;20,2;20,1;20,8;20,2;20,2;20;20,1;20,2;20,6;20,4;20,6;20,5;20,6;20,5;20,2;20,6;20,5;19,8;19,8;20,4;20;20;20,2;20,2;20,4;20,6;20;19,9;20,4;20,4;20,6;20,7;20,5;20,2;20,1;20,1;20,5;20,7;20,4;20,5;20,5;20,6;20,6;20,4;21,1;21,2;20,9;20,7;20,8;21,4;21,1;20,6;20,4;20,5;20,5;20,5;21,1;20,8;21,1;20,9;20,7;20,6;20,6;20,6;20,7;20,8;20,6;20,7;20,7;20,6;20,5;20,5;20,7;21,2;20,8;20,6;20,8;20,8;20,9;20,9;20,8;20,8;20,6;20,6;20,6;20,5;20,7;20,9;20,6;20,4;20,7;20,1;20,5;20,7;20,4;20,5;19,6;20,9;20,5;20;20,1;21,1;20,8;20,1;20,5;20,8;20,7;20,8;21,1;21,1;20,9;20,9;20,9;20,8;21,1;20,9;21,5;21,2;20,9;21,4;21,5;21,5;21,1;21,1;21,4;21,6;21,4;21,1;21,5;21,2;21,2;20,9;20,9;21,5;21,2;20,9;21,1;20,9;21,4;21,5;21,5;21,1;20,6;20,6;20,9;21,4;21,1;20,9;21,1;20,9;21,1;21,4;21,4;21,8;21,9;21,2;21,1;21,5;21,2;21,2;21,2;21,2;21,4;21,2;21,4;21,6;21,1;20,8;21,4;21,5;21,9;21,6;21,1;21,6;21,4;21,6;21,1;20,8;20,7;20,9;20,9;21,4;20,8;20,9;21,5;22;21,5;21,8;21,8;21,6;21,4;21,9;21,1;21,8;21,2;21,6;20,9;21,2;21,8;21,2;21,2;21,2;21,5;20,4;20,9;21,1;20,8;20,9;21,2;21,4;21,2;20,9;21,4;20,9;21,5;21,5;20,4;20,7;21,1;21,4;21,2;21,5;21,6;21,9;21,5;20,6;20,8;21,2;21,4;21,2;21,1;21,5;21,1;21,6;21,6;21,6;21,4;21,2;21,1;21,6;21,4;21,6;21,1;21,8;21,5;21,6;21,6;21,4;21,4;21,1;21,1;20,9;20,9;21,1;20,9;21,1;21,6;21,1;21,1;21,4;20,8;21,1;21,2;21,6;21,4;21,2;20,9;20,9;21,2;21,1;21,2;20,7;20,7;20,8;21,1;21,4;21,1;20,8;20,9;20,8;21,4;21,6;21,2;20,8;20,9;20,7;20,8;21,2;21,1;20,8;20,9;21,1;21,2;21,1;21,2;20,9;21,1;20,8;20,6;20,4;19,9;20,2;20,4;20;20,2;20,1;20,1;19,9;20;20,1;20,5;20;20,4;20,2;19,8;20,5;20;20;20,4;20,4;20,4;20;20,4;20,1;20,2;19,8;20,8;20,6;21,2;20,5;20,4;20;20,6;20,4;20,4;20,6;20,5;20,1;19,8;19,9;19,9;20,2;20,2;20,5;20,9;20,8;20,6;20,2;20,5;20,9;20,4;20,5;20,7;20,9;20,7;20,4;20,5;20,2;20,6;20,5;20;20,2;20,7;20,7;20,4;20,2;20,2;20;20,6;20,6;20;20;20,4;20,5;20,2;20;20,1;20,1;20,5;20,4;20,4;20,4;20,4;20,2;20,1;20,1;20;20;20,1;20;20,4;20,6;20,2;20,1;20;20,2;19,9;20,1;19,8;19,9;20,1;20,4;20,5;19,9;19,8;19,3;19,8;20;20,1;20,1;19,6;19,5;19,8;19,2;20,2;19,5;19,9;20;20,1;19,4;20;19,9;19,4;19,8;19,9;19,3;20,1;19,2;19,8;19,5;20,5;19,6;19,6;20;19,4;20,1;19,5;19,9;20,2;20,1;19,6;20;20,1;20;19,8;19,9;20,2;20,5;20,1;20;20,1;19,9;20,1;20,4;20;20,2;20,6;20,2;20,4;20;20,4;20;19,9;19,9;20,5;19,8;20;19,6;20,2;19,2;20,4;19,9;20,1;20,2;20,5;20,5;20,4;20,1;20;20;19,8;19,8;19,9;20;20;20;19,9;19,2;19,9;19,8;19,6;20,2;19,9;19,5;19,4;20,2;19,2;19,2;19,2;19,8;20,1;20;19,6;19,8;19,4;19,9;19,8;19,2;19,8;19,5;19,8;20,1;19,8;19,6;20,1;19,5;19,4;19,9;19,6;19,6;19,9;20;19,6;19,8;19,3;19,4;19,6;19,6;20;20,1